robot_id,iteration,position,target,sigma_est,grad_est,grad_z,grad_sigma_z,local_cost
3,1,"[0.30988978087312696, 0.7150000980340177]","[0.20033155121842627, 0.8577591891930944]","[0.38324558134548853, 0.728092006622886]","[0.2337876194038737, -0.2828998006003797]","[0.08707601845915056, -0.3090836177781164]","[0.14671160094472313, 0.026183817177736657]",0.037380388173733896
3,2,"[0.3094222056343192, 0.7155658976352184]","[0.20033155121842627, 0.8577591891930944]","[0.42662383854316777, 0.7114337640383193]","[0.18246658515435324, -0.3456013889529279]","[0.007218369595858476, -0.2769487426413335]","[0.2344032658176971, -0.008264267193798247]",0.04449767060105771
3,3,"[0.3090572724640105, 0.7162571004131243]","[0.20033155121842627, 0.8577591891930944]","[0.459962397009425, 0.6929331720005331]","[0.14765788854807707, -0.35541109590468706]","[-0.05417778169057769, -0.2410211064172759]","[0.301810249090829, -0.046647856825182465]",0.05282884961506347
3,4,"[0.30876195668691436, 0.7169679226049337]","[0.20033155121842627, 0.8577591891930944]","[0.48724543089897104, 0.6765714827925944]","[0.11598194683000931, -0.3431872576790237]","[-0.10440944264472585, -0.20886894151411056]","[0.35696694842411336, -0.08079287962467863]",0.06171873420224533
3,5,"[0.3085299927932543, 0.7176542971202917]","[0.20033155121842627, 0.8577591891930944]","[0.5099044403270057, 0.6626393346835422]","[0.08273911910029422, -0.32343204170030526]","[-0.14607712241109633, -0.18118285175945611]","[0.40274889506750267, -0.11002992487349905]",0.07055676633224964
3,6,"[0.30836451455505376, 0.7183011612036924]","[0.20033155121842627, 0.8577591891930944]","[0.5287990674132245, 0.6508553459004466]","[0.048029264237337305, -0.3010763196217975]","[-0.18071626847145233, -0.15751358843296157]","[0.4408691057163414, -0.13489163060649156]",0.078945959824117
3,7,"[0.3082684560265791, 0.7189033138429359]","[0.20033155121842627, 0.8577591891930944]","[0.5445779315282462, 0.6408859667861098]","[0.01296609794084555, -0.27800405952749285]","[-0.20948324628669512, -0.13728052599802973]","[0.4726189510033342, -0.15603469411365234]",0.08666731672711542
3,8,"[0.3082425238306974, 0.7194593219619909]","[0.20033155121842627, 0.8577591891930944]","[0.5577651321540815, 0.6324341260486369]","[-0.02140984758650591, -0.2551356943479597]","[-0.23331874975754924, -0.11995438181816967]","[0.49904521664676826, -0.174050391826708]",0.09362305639570352
3,9,"[0.3082853435258704, 0.7199695933506869]","[0.20033155121842627, 0.8577591891930944]","[0.5687922460794941, 0.6252491189625854]","[-0.05433116762068463, -0.23300953624195778]","[-0.2530048399816344, -0.10508233778623224]","[0.5210138051072474, -0.189440948776203]",0.09979222708772392
3,10,"[0.30839400586111176, 0.7204356124231708]","[0.20033155121842627, 0.8577591891930944]","[0.5780166986617614, 0.6191219927495635]","[-0.08528792144250391, -0.2119587938520971]","[-0.2691959377557984, -0.09228263812735399]","[0.5392453856012993, -0.2026272393472146]",0.10520002024428521
3,11,"[0.30856458170399675, 0.720859530010875]","[0.20033155121842627, 0.8577591891930944]","[0.585735169955546, 0.613879036584486]","[-0.11397400679776556, -0.19218248391492565]","[-0.28244099788164767, -0.08123443019693843]","[0.5543411765030984, -0.2139609868527781]",0.10989743044121542
3,12,"[0.3087925297175923, 0.7212438949787049]","[0.20033155121842627, 0.8577591891930944]","[0.5921942459316116, 0.6093758319675321]","[-0.14023599390445673, -0.17378485882459022]","[-0.2932011321869028, -0.07166807500866787]","[0.5668034324280387, -0.2237361260223456]",0.11394810605886883
3,13,"[0.3090730017054012, 0.721591464696354]","[0.20033155121842627, 0.8577591891930944]","[0.5975990997207088, 0.6054922244963743]","[-0.16403149401534217, -0.15680227689561066]","[-0.30186407545360383, -0.06335681663351705]","[0.5770521960306152, -0.2321984803999595]",0.11742006077848771
3,14,"[0.30940106469343187, 0.7219050692501453]","[0.20033155121842627, 0.8577591891930944]","[0.6021206219110793, 0.6021281538614524]","[-0.18539676545893857, -0.14122301485346206]","[-0.3087561760417542, -0.056109792186250784]","[0.5854391144352948, -0.2395538307773859]",0.1203806244491007
3,15,"[0.30977185822434977, 0.7221875152798523]","[0.20033155121842627, 0.8577591891930944]","[0.6059012929755536, 0.5992002108889307]","[-0.20442195526323853, -0.1270021868169435]","[-0.3141523685403199, -0.04976619992282541]","[0.5922588695024077, -0.24597460878184307]",0.12289352681586067
3,16,"[0.31018070213487625, 0.7224415196534861]","[0.20033155121842627, 0.8577591891930944]","[0.6090600263810313, 0.5966387965336685]","[-0.22123239477171575, -0.11407298312299594]","[-0.3182844818101791, -0.044190437463544646]","[0.5977586484923101, -0.2516054462396353]",0.1250173656922754
3,17,"[0.31062316692441966, 0.7226696656197321]","[0.20033155121842627, 0.8577591891930944]","[0.611696166863642, 0.5943857764629696]","[-0.23597462694379506, -0.10235507535341556]","[-0.32134816847861347, -0.039268046664552]","[0.6021459998784447, -0.25656777831352495]",0.12680495663294528
3,18,"[0.31109511617830726, 0.7228743757704389]","[0.20033155121842627, 0.8577591891930944]","[0.613892794324818, 0.5923925432652054]","[-0.24880610501592582, -0.0917608304415059]","[-0.3235086907439574, -0.03490232833589063]","[0.6055953562930215, -0.26096366501046697]",0.12830322846904388
3,19,"[0.3115927283883391, 0.7230578974313219]","[0.20033155121842627, 0.8577591891930944]","[0.6157194564629926, 0.5906184140319553]","[-0.25988772334747257, -0.08219983488129014]","[-0.32490575619455064, -0.031011513404685026]","[0.608253456149307, -0.26487896679873324]",0.1295534426907617
3,20,"[0.3121125038350341, 0.7232222971010844]","[0.20033155121842627, 0.8577591891930944]","[0.6172344310255744, 0.5890293040536793]","[-0.2693785199825362, -0.07358212179371776]","[-0.32565756370975696, -0.02752639669869053]","[0.6102438543810806, -0.26838598609481035]",0.13059159155359473
3,21,"[0.31265126087499917, 0.7233694613446718]","[0.20033155121842627, 0.8577591891930944]","[0.6184866004234083, 0.5875966280192001]","[-0.2774320330156286, -0.06582040863247043]","[-0.3258641918739906, -0.024388355710995874]","[0.6116706790968183, -0.2715456666509435]",0.13144888159583523
3,22,"[0.31320612494103045, 0.7235011021619367]","[0.20033155121842627, 0.8577591891930944]","[0.6195170066220756, 0.5862963888237636]","[-0.28419390602313177, -0.05883158614902483]","[-0.32561043958067304, -0.021547690053603463]","[0.6126217633620904, -0.2744094266763464]",0.1321522439649121
3,23,"[0.3137745127530767, 0.7236187653342347]","[0.20033155121842627, 0.8577591891930944]","[0.6203601420954679, 0.5851084212202774]","[-0.289800427430596, -0.0525376461087686]","[-0.32496820974700313, -0.018962228312595975]","[0.6131712586847823, -0.2770206882279147]",0.13272483602603993
3,24,"[0.3143541136079379, 0.7237238406264522]","[0.20033155121842627, 0.8577591891930944]","[0.6210450226991526, 0.5840157633840749]","[-0.29437775947873435, -0.046866193274147976]","[-0.32399851158516324, -0.016596158097005043]","[0.6133818181824294, -0.27941615448475465]",0.13318651390861333
3,25,"[0.3149428691268954, 0.7238175730130005]","[0.20033155121842627, 0.8577591891930944]","[0.6215960801894362, 0.583004134240827]","[-0.29804166825349143, -0.04175065406959422]","[-0.32275314409563527, -0.014419042570275209]","[0.6133064221250817, -0.2816268775443471]",0.13355426549208246
3,26,"[0.31553895246340236, 0.7239010743211397]","[0.20033155121842627, 0.8577591891930944]","[0.6220339054493024, 0.5820614983237755]","[-0.30089761012383004, -0.0371302683004681]","[-0.32127611288466784, -0.01240499294865377]","[0.6129899059718, -0.2836791519947284]",0.1338425995911413
3,27,"[0.31614074768365, 0.7239753348577407]","[0.20033155121842627, 0.8577591891930944]","[0.622375868016231, 0.5811777031381774]","[-0.3030410643379112, -0.032949929863612906]","[-0.3196048236681983, -0.010531971575493404]","[0.612470240665162, -0.28559526343912656]",0.1340638909615877
3,28,"[0.3167468298123258, 0.724041234717468]","[0.20033155121842627, 0.8577591891930944]","[0.6226366330205659, 0.5803441766464068]","[-0.3045580284244457, -0.029159926401179575]","[-0.31777108858703307, -0.008781204423342737]","[0.6117796064164802, -0.2873941161421223]",0.13422868302378935
3,29,"[0.3173559458691747, 0.7240995545702703]","[0.20033155121842627, 0.8577591891930944]","[0.6228285929582859, 0.5795536746514938]","[-0.30552561399602635, -0.02571561538672262]","[-0.3158019754589032, -0.007136685391850306]","[0.6109452941782223, -0.2890917598375531]",0.13434595143989073
3,30,"[0.31796699709716675, 0.7241509858010438]","[0.20033155121842627, 0.8577591891930944]","[0.6229622286932459, 0.5788000696355561]","[-0.3060126968031314, -0.022577064455045828]","[-0.31372052511546156, -0.005584757686223352]","[0.6099904631921583, -0.29070183233097535]",0.13442333225458497
3,31,"[0.318579022490773, 0.7241961399299538]","[0.20033155121842627, 0.8577591891930944]","[0.6230464115924816, 0.5780781740724645]","[-0.30608058743515604, -0.01970867630678544]","[-0.311546357838382, -0.004113759982800447]","[0.6089347782034172, -0.2922359317149785]",0.13446731846624005
3,32,"[0.3191911836656433, 0.7242355572825674]","[0.20033155121842627, 0.8577591891930944]","[0.6230886566470253, 0.5773835924381849]","[-0.30578369869899774, -0.01707881276730143]","[-0.3092961864720535, -0.0027137271011655195]","[0.607794945962764, -0.2937039296887649]",0.13448342880087838
3,33,"[0.3198027510630413, 0.724269714908102]","[0.20033155121842627, 0.8577591891930944]","[0.6230953347406699, 0.5767125971341591]","[-0.305170193054511, -0.01465942818522422]","[-0.3069842509305015, -0.0013761365768875655]","[0.6065851673552572, -0.29511423554788574]",0.13447635222483972
3,34,"[0.3204130914491503, 0.7242990337644725]","[0.20033155121842627, 0.8577591891930944]","[0.6230718508354713, 0.5760620243568992]","[-0.304282599047759, -0.012425719023889632]","[-0.30462268643392976, -9.369392361197049e-05]","[0.6053175187726421, -0.29647401881514646]",0.134450071423446
3,35,"[0.32102165664724586, 0.7243238852025202]","[0.20033155121842627, 0.8577591891930944]","[0.623022793692527, 0.5754291866218101]","[-0.3031583898519369, -0.010355793995179753]","[-0.30222183582386686, 0.0011398494641299828]","[0.6040022740905623, -0.2977893971614203]",0.1344079681373514
3,36,"[0.3216279734269497, 0.7243445967905106]","[0.20033155121842627, 0.8577591891930944]","[0.6229520617963669, 0.574811799206622]","[-0.30183052011386263, -0.008430367225122784]","[-0.29979051464790407, 0.002329850845831871]","[0.6026481767388343, -0.2990655951677772]",0.13435291291296803
3,37,"[0.32223163446717745, 0.7243614575249608]","[0.20033155121842627, 0.8577591891930944]","[0.622862969365634, 0.5742079182405609]","[-0.3003279195569409, -0.0066324755782005435]","[-0.2973362363197195, 0.0034809073756528197]","[0.6012626697969131, -0.3003070785687998]",0.1342873415044696
3,38,"[0.32283229030629135, 0.7243747224761172]","[0.20033155121842627, 0.8577591891930944]","[0.6227583356825177, 0.5736158885466184]","[-0.29867594340291886, -0.004947220287846927]","[-0.2948654035014773, 0.00459696763914369]","[0.5998520907524527, -0.3015176678589977]",0.13421331987096952
3,39,"[0.32342964219309717, 0.7243846169166929]","[0.20033155121842627, 0.8577591891930944]","[0.6226405604347849, 0.5730342996600164]","[-0.2968967807963799, -0.0033615323539681746]","[-0.29238347088569616, 0.005681426509214715]","[0.5984218364833754, -0.30270063451335294]",0.13413259944737888
3,40,"[0.32402343575468995, 0.7243913399814008]","[0.20033155121842627, 0.8577591891930944]","[0.6225116873176508, 0.5724619487077023]","[-0.2950098231665049, -0.001863960703914971]","[-0.2898950837408023, 0.006737205869270291]","[0.5969765031259218, -0.30385878254739707]",0.13404666413200444
3,41,"[0.32461345540102293, 0.7243950679028086]","[0.20033155121842627, 0.8577591891930944]","[0.6223734577720538, 0.5718978090508957]","[-0.2930319949327548, -0.00044448181611587284]","[-0.2874041959026622, 0.007766823352871766]","[0.5955200047420617, -0.3049945177038258]",0.13395677022719144
3,42,"[0.3251995193908884, 0.7243959568664409]","[0.20033155121842627, 0.8577591891930944]","[0.6222273564279577, 0.5713410037731046]","[-0.2909780492266479, 0.0009056706672422137]","[-0.28491417032180033, 0.00877245091469836]","[0.5940556740741385, -0.30610990618667255]",0.1338639803893228
3,43,"[0.3257814754893417, 0.7243941455251064]","[0.20033155121842627, 0.8577591891930944]","[0.6220746495652081, 0.5707907832460093]","[-0.2888608314163396, 0.0021941578936496035]","[-0.2824278647947286, 0.009755964766398895]","[0.5925863481517327, -0.3072067245581942]",0.13376919248879843
3,44,"[0.3263591971521744, 0.7243897572093191]","[0.20033155121842627, 0.8577591891930944]","[0.6219164176912881, 0.5702465061304396]","[-0.28669151322692643, 0.003427670890763554]","[-0.27994770510290856, 0.010718987974432548]","[0.5911144410782275, -0.308286502157759]",0.13367316414665253
3,45,"[0.32693258017862825, 0.7243829018675375]","[0.20033155121842627, 0.8577591891930944]","[0.621753583157685, 0.5697076232736534]","[-0.2844798001799744, 0.00461205033438791]","[-0.2774757474418983, 0.011662926817877672]","[0.5896420059581136, -0.30935055718776816]",0.13357653359963675
3,46,"[0.3275015397789882, 0.7243736777668688]","[0.20033155121842627, 0.8577591891930944]","[0.6215869335884, 0.5691736640508467]","[-0.2822341149554415, 0.005752392472437036]","[-0.27501373173581734, 0.012589001836388669]","[0.5881707876188236, -0.3104000274320442]",0.13347983744747047
3,47,"[0.3280660080088991, 0.724362172981924]","[0.20033155121842627, 0.8577591891930944]","[0.6214171417704262, 0.5686442247712089]","[-0.27996175912653015, 0.006853142601145011]","[-0.272563127189803, 0.013498274356946338]","[0.5867022675230541, -0.3114358964214301]",0.13338352575231588
3,48,"[0.3286259315271522, 0.7243484666967217]","[0.20033155121842627, 0.8577591891930944]","[0.6212447825526102, 0.5681189588293318]","[-0.27766905554688653, 0.007918177395586517]","[-0.27012517122837254, 0.014391669168556498]","[0.585237702050916, -0.31245901573477974]",0.13328797488935556
3,49,"[0.32918126963824595, 0.7243326303419305]","[0.20033155121842627, 0.8577591891930944]","[0.6210703472128054, 0.5675975683333675]","[-0.2753614734900781, 0.008950877296517607]","[-0.2677009027945677, 0.015269993913085755]","[0.5837781551491189, -0.31347012401712604]",0.13319349848686968
3,50,"[0.3297319925852261, 0.7243147285873375]","[0.20033155121842627, 0.8577591891930944]","[0.6208942556807733, 0.5670797969837005]","[-0.27304373846069835, 0.009954190054057382]","[-0.26529119083838526, 0.01613395567503284]","[0.5823245261910943, -0.314469863207274]",0.1331003567428729
3,51,"[0.33027808006214754, 0.7242948202072294]","[0.20033155121842627, 0.8577591891930944]","[0.6207168669435503, 0.5665654240114]","[-0.27071992841988285, 0.010930686428913386]","[-0.26289675869908247, 0.016984175180762895]","[0.5808775737628056, -0.31545879239165875]",0.13300876436182485
3,52,"[0.3308195199189873, 0.7242729588343715]","[0.20033155121842627, 0.8577591891930944]","[0.6205384879090337, 0.566054259015508]","[-0.26839355799890335, 0.011882608955849722]","[-0.26051820498096145, 0.017821198956508577]","[0.5794379359800927, -0.316437399637727]",0.13291889731801085
3,53,"[0.3313563070349851, 0.7242491936164598]","[0.20033155121842627, 0.8577591891930944]","[0.6203593809607225, 0.5655461375632328]","[-0.2660676521150617, 0.012811914583274471]","[-0.2581560214332098, 0.01864550974253948]","[0.5780061478514749, -0.317406112106454]",0.1328308986209049
3,54,"[0.3318884423392152, 0.7242235697872932]","[0.20033155121842627, 0.8577591891930944]","[0.6201797704005634, 0.5650409174381444]","[-0.2637448102556065, 0.013720311918018424]","[-0.2558106082688488, 0.0194575354168654]","[0.5765826561226963, -0.3183653046982975]",0.13274488323131534
3,55,"[0.3324159319597264, 0.7241961291634571]","[0.20033155121842627, 0.8577591891930944]","[0.6199998479465492, 0.5645384754391615]","[-0.26142726255845133, 0.014609293726011198]","[-0.2534822872936807, 0.020257656644457667]","[0.5751678319736455, -0.31931530744859127]",0.13266094225464992
3,56,"[0.3329387864848433, 0.7241669105760051]","[0.20033155121842627, 0.8577591891930944]","[0.6198197774262081, 0.56403870464802]","[-0.25911691869319753, 0.015480165267738249]","[-0.25117131316162256, 0.02104621343619484]","[0.5737619818827295, -0.3202564118559703]",0.13257914651860203
3,57,"[0.33345702032222974, 0.7241359502454696]","[0.20033155121842627, 0.8577591891930944]","[0.6196396987856008, 0.5635415120954723]","[-0.25681541043213774, 0.016334068982016097]","[-0.24887788302646097, 0.021823510774745702]","[0.5723653569267421, -0.3211888762999946]",0.132499549626426
3,58,"[0.333970651143094, 0.7241032821075056]","[0.20033155121842627, 0.8577591891930944]","[0.6194597315152874, 0.5630468167670676]","[-0.2545241286980715, 0.017172005972505285]","[-0.24660214482061282, 0.022589823441611034]","[0.5709781607443869, -0.3221129306808761]",0.13242219056329166
3,59,"[0.3344796994004901, 0.7240689380955606]","[0.20033155121842627, 0.8577591891930944]","[0.6192799775793905, 0.5625545478983082]","[-0.25224425578328774, 0.017994854698165218]","[-0.24434420435789295, 0.02334540015998693]","[0.5696005563578007, -0.3230287803945049]",0.13234709592161098
3,60,"[0.3349841879120567, 0.7240329483861643]","[0.20033155121842627, 0.8577591891930944]","[0.6191005239209131, 0.5620646435165477]","[-0.24997679335127576, 0.018803387221171683]","[-0.2421041314286807, 0.024090467151449635]","[0.5682326720177128, -0.3239366097392331]",0.13227428180139086
3,61,"[0.33548414149875927, 0.723995341611722]","[0.20033155121842627, 0.8577591891930944]","[0.6189214446055018, 0.5615770491933904]","[-0.24772258675885137, 0.019598283323234468]","[-0.23988196503147063, 0.02482523119025215]","[0.5668746062134851, -0.3248365848366632]",0.13220375543331528
3,62,"[0.33597958667227695, 0.7239561450450755]","[0.20033155121842627, 0.8577591891930944]","[0.6187428026565551, 0.5610917169767717]","[-0.24548234617069456, 0.020380142763359536]","[-0.23767771786399938, 0.025549882226909293]","[0.5655264319685563, -0.3257288561366076]",0.1321355165651743
3,63,"[0.33647055136461834, 0.7239153847595489]","[0.20033155121842627, 0.8577591891930944]","[0.6185646516267027, 0.5606086044764923]","[-0.24325666488003414, 0.021149495916476177]","[-0.23549138017936777, 0.02626459564241085]","[0.5641882005241687, -0.3266135605661131]",0.13206955864623413
3,64,"[0.3369570646943784, 0.7238730857677159]","[0.20033155121842627, 0.8577591891930944]","[0.618387036944009, 0.5601276740808651]","[-0.24104603519767423, 0.02190681300258336]","[-0.23332292309743075, 0.026969534185574684]","[0.5628599444992611, -0.3274908233737017]",0.1320058698390304
3,65,"[0.33743915676477376, 0.7238292721417108]","[0.20033155121842627, 0.8577591891930944]","[0.6182099970655812, 0.5596488922854451]","[-0.23885086222606966, 0.022652512089786393]","[-0.23117230144875844, 0.02766484963851107]","[0.5615416806016149, -0.3283607597125313]",0.13194443388371557
3,66,"[0.3379168584892259, 0.7237839671175312]","[0.20033155121842627, 0.8577591891930944]","[0.6180335644664517, 0.5591722291176122]","[-0.23667147579507528, 0.023386966031428646]","[-0.22903945621740718, 0.028350684248727998]","[0.5602334119544516, -0.32922347599983803]",0.13188523083639384
3,67,"[0.33839020144081605, 0.7237371931854684]","[0.20033155121842627, 0.8577591891930944]","[0.6178577664875144, 0.5586976576431639]","[-0.23450814080075527, 0.024110508477146422]","[-0.2269243166392776, 0.029027171960896048]","[0.5589351300933968, -0.3300790710846089]",0.13182823769973145
3,68,"[0.33885921772241756, 0.723688972168514]","[0.20033155121842627, 0.8577591891930944]","[0.6176826260628083, 0.5582251535431018]","[-0.23236106615769656, 0.024823439079770936]","[-0.22482680200472083, 0.029694439476581402]","[0.5576468166807815, -0.3309276372508245]",0.13177342896144917
3,69,"[0.33932393985473297, 0.7236393252903545]","[0.20033155121842627, 0.8577591891930944]","[0.6175081623434884, 0.5577546947505209]","[-0.23023041254814075, 0.025526028004310544]","[-0.22274682320714634, 0.030352607166220735]","[0.5563684449775108, -0.3317692610796672]",0.13172077705402502
3,70,"[0.33978440067982923, 0.7235882732343458]","[0.20033155121842627, 0.8577591891930944]","[0.6173343912332931, 0.5572862611389812]","[-0.22811629912750148, 0.026218519831492097]","[-0.2206842840734291, 0.031001789854159356]","[0.5550999811069278, -0.3326040241907293]",0.13167025274698954
3,71,"[0.34024063327808424, 0.7235358361946829]","[0.20033155121842627, 0.8577591891930944]","[0.617161325848174, 0.5568198342549919]","[-0.22601880932505902, 0.026901136936321336]","[-0.2186390825068456, 0.03164209749462071]","[0.5538413851401794, -0.3334320038793819]",0.13162182548154014
3,72,"[0.34069267089673433, 0.7234820339208102]","[0.20033155121842627, 0.8577591891930944]","[0.6169889769109146, 0.5563553970883055]","[-0.22393799586048385, 0.027574082411607265]","[-0.21661111146890838, 0.032273635753940266]","[0.5525926120283605, -0.33425327366500945]",0.13157546365578834
3,73,"[0.3411405468884553, 0.723426885755987]","[0.20033155121842627, 0.8577591891930944]","[0.6168173530900098, 0.5558929338746309]","[-0.22187388508100256, 0.02823754259722947]","[-0.21460025982274017, 0.032896506512226364]","[0.5513536124031091, -0.3350679037627122]",0.13153113486774795
3,74,"[0.3415842946586173, 0.7233704106707926]","[0.20033155121842627, 0.8577591891930944]","[0.6166464612907322, 0.5554324299261515]","[-0.21982648071021593, 0.028891689267923987]","[-0.21260641305742484, 0.033510808295750316]","[0.5501243332642298, -0.3358759614892821]",0.13148880612214342
3,75,"[0.34202394762003774, 0.7233126272922566]","[0.20033155121842627, 0.8577591891930944]","[0.616476306905181, 0.5549738714858956]","[-0.21779576708754828, 0.02953668152539633]","[-0.2106294539100349, 0.03411663664977449]","[0.5489047185702864, -0.3366775116127221]",0.13144844400624067
3,76,"[0.34245953915421284, 0.7232535539292059]","[0.20033155121842627, 0.8577591891930944]","[0.616306894027129, 0.5545172456025768]","[-0.2157817119668407, 0.030172667434500478]","[-0.20866926289967597, 0.03471408446015545]","[0.5476947097458323, -0.33747261665325823]",0.1314100148391502
3,77,"[0.34289110257814653, 0.7231932085943369]","[0.20033155121842627, 0.8577591891930944]","[0.6161382256366549, 0.5540625400230028]","[-0.2137842689334893, 0.03079978543794326]","[-0.20672571878587453, 0.035303242230886434]","[0.5464942461170167, -0.33826133714266815]",0.13137348479841415
3,78,"[0.3433186711160135, 0.723131609023461]","[0.20033155121842627, 0.8577591891930944]","[0.6159703037588304, 0.5536097430995701]","[-0.21180337949161376, 0.03141816557938401]","[-0.20479869896189606, 0.03588419832373674]","[0.5453032652856339, -0.3390437318477817]",0.13133882002713818
3,79,"[0.3437422778749967, 0.7230687726923022]","[0.20033155121842627, 0.8577591891930944]","[0.6158031296001317, 0.5531588437107111]","[-0.20983897486586145, 0.03202793056081063]","[-0.2028880797921021, 0.03645703916527959]","[0.54412170345027, -0.33981985796318215]",0.1313059867244641
3,80,"[0.34416195582472847, 0.7230047168311806]","[0.20033155121842627, 0.8577591891930944]","[0.6156367036657111, 0.5527098311924676]","[-0.20789097755647973, 0.03262919665660642]","[-0.20099373690116434, 0.0370218494258559]","[0.5429494956819653, -0.34058977127742596]",0.13127495122177507
3,81,"[0.3445777377798414, 0.7229394584378674]","[0.20033155121842627, 0.8577591891930944]","[0.6154710258602302, 0.5522626952796229]","[-0.2059593026811039, 0.03322207450371932]","[-0.1991155454218695, 0.03757871217438635]","[0.5417865761607775, -0.3413535263164891]",0.13124568004668444
3,82,"[0.3449896563852036, 0.72287301428886]","[0.20033155121842627, 0.8577591891930944]","[0.6153060955745655, 0.5518174260550467]","[-0.20404385913221035, 0.03380666978473509]","[-0.1972533802072967, 0.03812770901239515]","[0.5406328783787238, -0.34211117646762657]",0.13121813997656678
3,83,"[0.345397744103468, 0.7228054009492905]","[0.20033155121842627, 0.8577591891930944]","[0.6151419117603727, 0.5513740139060995]","[-0.20214455057528818, 0.03438308381839273]","[-0.19540711601234495, 0.03866892019013596]","[0.5394883353138094, -0.3428627740863819]",0.13119229808313537
3,84,"[0.3458020332046186, 0.7227366347816537]","[0.20033155121842627, 0.8577591891930944]","[0.6149784729942154, 0.550932449487104]","[-0.2002612763093984, 0.03495141407012066]","[-0.1935766276488895, 0.039202424707308337]","[0.5383528795791935, -0.34360837058909954]",0.13116812176935932
3,85,"[0.3462025557572374, 0.7226667319535135]","[0.20033155121842627, 0.8577591891930944]","[0.6148157775327207, 0.5504927236870317]","[-0.19839393200886465, 0.03551175459347276]","[-0.19176179011824757, 0.03972830040050551]","[0.5372264435509665, -0.34434801653296354]",0.1311455787998262
3,86,"[0.34659934362125516, 0.7225957084443265]","[0.20033155121842627, 0.8577591891930944]","[0.6146538233600213, 0.5500548276016765]","[-0.19654241036230036, 0.036064196411872945]","[-0.18996247872412125, 0.040246624019234456]","[0.5361089594775322, -0.34508176168530014]",0.1311246373254999
3,87,"[0.34699242844197975, 0.7225235800515027]","[0.20033155121842627, 0.8577591891930944]","[0.6144926082285638, 0.5496187525096834]","[-0.19470660162298375, 0.03660882784880155]","[-0.18817856916874431, 0.04075747129209162]","[0.535000359573168, -0.3458096550836387]",0.13110526590368854
3,88,"[0.34738184164522573, 0.7224503623958052]","[0.20033155121842627, 0.8577591891930944]","[0.6143321296942104, 0.549184489851896]","[-0.19288639408268937, 0.03714573481345154]","[-0.18640993763457342, 0.04126091698445811]","[0.5339005760979693, -0.34653174508781825]",0.13108743351391908
3,89,"[0.3477676144333911, 0.7223760709261783]","[0.20033155121842627, 0.8577591891930944]","[0.6141723851464334, 0.5487520312135566]","[-0.19108167447944088, 0.0376750010479324]","[-0.18465646085354642, 0.04175703494888683]","[0.5328095414260845, -0.3472480794252433]",0.13107110957031964
3,90,"[0.34814977778235, 0.7223007209240824]","[0.20033155121842627, 0.8577591891930944]","[0.6140133718342884, 0.548321368308962]","[-0.1892923283482254, 0.038196708341271354]","[-0.18291801616564163, 0.04224589816919261]","[0.5317271881038768, -0.34795870523024064]",0.13105626393102165
3,91,"[0.34852836243904645, 0.7222243275073998]","[0.20033155121842627, 0.8577591891930944]","[0.6138550868887542, 0.5478924929682312]","[-0.18751824032248215, 0.03871093671474578]","[-0.1811944815682337, 0.042727578799114596]","[0.5306534488994156, -0.34866366907833735]",0.1310428669050234
3,92,"[0.3489033989196914, 0.7221469056339703]","[0.20033155121842627, 0.8577591891930944]","[0.6136975273419478, 0.5474653971258902]","[-0.18575929439310906, 0.03921776458246434]","[-0.1794857357575313, 0.04320214819629625]","[0.5295882568445128, -0.34936301701616035]",0.13103088925689302
3,93,"[0.3492749175084776, 0.7220684701048053]","[0.20033155121842627, 0.8577591891930944]","[0.6135406901436498, 0.5470400728110226]","[-0.18401537413081603, 0.0397172688905827]","[-0.1777916581632072, 0.043669676952230896]","[0.5285315452703443, -0.35005679458756545]",0.13102030220963462
3,94,"[0.34964294825673925, 0.7219890355670242]","[0.20033155121842627, 0.8577591891930944]","[0.6133845721755151, 0.5466165121387653]","[-0.18228636287685485, 0.04020952523807292]","[-0.1761121289771706, 0.04413023491872581]","[0.5274832478375517, -0.35074504685651786]",0.13101107744599685
3,95,"[0.35000752098249294, 0.721908616516548]","[0.20033155121842627, 0.8577591891930944]","[0.6132291702632928, 0.5461947073029627]","[-0.18057214390646933, 0.04069460798157022]","[-0.17444702917730648, 0.04458389123136092]","[0.5264432985615998, -0.35142781842717064]",0.13100318710846146
3,96,"[0.35036866527030586, 0.7218272273005849]","[0.20033155121842627, 0.8577591891930944]","[0.6130744811873299, 0.5457746505698204]","[-0.17887260056881651, 0.04117259032647707]","[-0.17279624054688408, 0.04503071433035716]","[0.525411631834048, -0.35210515346152893]",0.13099660379811728
3,97,"[0.3507264104714435, 0.7217448821199319]","[0.20033155121842627, 0.8577591891930944]","[0.6129205016916003, 0.5453563342724158]","[-0.17718761640659575, 0.04164354440620149]","[-0.17115964569024783, 0.04547077197920418]","[0.5243881824403136, -0.35277709569503224]",0.13099130057259484
3,98,"[0.35108078570425666, 0.7216615950311195]","[0.20033155121842627, 0.8577591891930944]","[0.6127672284914631, 0.5449397508059496]","[-0.17551707525817972, 0.042107541351156345]","[-0.1695371280453109, 0.04590413128135612]","[0.523372885574413, -0.3534436884503398]",0.1309872509432119
3,99,"[0.351431819854773, 0.7215773799484172]","[0.20033155121842627, 0.8577591891930944]","[0.6126146582803278, 0.5445248926236341]","[-0.1738608613446583, 0.04256465134891789]","[-0.16792857189330518, 0.04633085869525522]","[0.5223656768511096, -0.35410497464956614]",0.1309844288714595
3,100,"[0.35177954157746233, 0.7214922506457193]","[0.20033155121842627, 0.8577591891930944]","[0.6124627877353763, 0.5441117522331289]","[-0.1722188593438767, 0.04301494369675279]","[-0.1663338623661731, 0.04675102004791265]","[0.521366492315828, -0.3547609968251808]",0.13098280876493867
3,101,"[0.3521239792961501, 0.7214062207583258]","[0.20033155121842627, 0.8577591891930944]","[0.6123116135224766, 0.5437003221934502]","[-0.17059095445326342, 0.04345848684755965]","[-0.16475288545194022, 0.0471646805472391]","[0.5203752684526531, -0.35541179712975124]",0.13098236547284225
3,102,"[0.3524651612050566, 0.7213193037846307]","[0.20033155121842627, 0.8577591891930944]","[0.612161132300397, 0.5432905951122865]","[-0.1689770324429969, 0.04389534845012093]","[-0.16318552799835212, 0.04757190479329232]","[0.5193919421906809, -0.35605741734468843]",0.1309830742810637
3,103,"[0.3528031152699426, 0.7212315130877305]","[0.20033155121842627, 0.8577591891930944]","[0.6120113407244194, 0.5428825636436643]","[-0.16737697970084764, 0.044325595384446075]","[-0.16163167771502557, 0.04797275678859142]","[0.5184164509089536, -0.3566978988881324]",0.13098491090700165
3,104,"[0.3531378692293443, 0.7211428618969616]","[0.20033155121842627, 0.8577591891930944]","[0.6118622354494363, 0.5424762204859169]","[-0.1657906832698489, 0.04474929379287432]","[-0.1600912231743295, 0.04836729994761507]","[0.517448732440184, -0.3573332828220894]",0.1309878514941199
3,105,"[0.353469450595884, 0.7210533633093759]","[0.20033155121842627, 0.8577591891930944]","[0.6117138131326016, 0.5420715583799125]","[-0.16421803087979042, 0.04516650910751433]","[-0.15856405381117622, 0.04875559710559707]","[0.5164887250734352, -0.3579636098589267]",0.13099187260631365
3,106,"[0.3537978866576436, 0.7209630302911608]","[0.20033155121842627, 0.8577591891930944]","[0.6115660704355975, 0.5416685701075067]","[-0.16265891097339388, 0.045577306074522934]","[-0.15705005992188237, 0.0491377105267104]","[0.5155363675559078, -0.3585889203673083]",0.13099695122212507
3,107,"[0.3541232044795904, 0.7208718756790118]","[0.20033155121842627, 0.8577591891930944]","[0.6114190040265719, 0.5412672484901883]","[-0.16111321272790843, 0.04598174877564911]","[-0.15554913266223847, 0.04951370191171722]","[0.514591599093963, -0.35920925437764706]",0.13100306472884596
3,108,"[0.3544454309050462, 0.7207799121814605]","[0.20033155121842627, 0.8577591891930944]","[0.6112726105817912, 0.5408675863878917]","[-0.15958082607276675, 0.04637990064741767]","[-0.15406116404490106, 0.04988363240515631]","[0.5136543593534899, -0.3598246515871377]",0.13101019091653796
3,109,"[0.3547645925571917, 0.7206871523801657]","[0.20033155121842627, 0.8577591891930944]","[0.6111268867870475, 0.5404695766979526]","[-0.15806164170385004, 0.046771824498271344]","[-0.15258604693620953, 0.050247562602126206]","[0.5127245884597116, -0.36043515136442617]",0.13101830797199815
3,110,"[0.3550807158405994, 0.7205936087311692]","[0.20033155121842627, 0.8577591891930944]","[0.6109818293388568, 0.5400732123541884]","[-0.1565555510948374, 0.04715758252394857]","[-0.15112367505251706, 0.050605552554715105]","[0.5118022269965148, -0.3610407927539616]",0.13102739447269257
3,111,"[0.3553938269427891, 0.7204992935661213]","[0.20033155121842627, 0.8577591891930944]","[0.6108374349454736, 0.5396784863260837]","[-0.1550624465060492, 0.047537236321333165]","[-0.14967394295610648, 0.050957661778121555]","[0.510887216005369, -0.36164161448007515]",0.131037429380677
3,112,"[0.35570395183580117, 0.7204042190934786]","[0.20033155121842627, 0.8577591891930944]","[0.6106937003277507, 0.5392853916180695]","[-0.15358222099113683, 0.04791084690098414]","[-0.14823674605075943, 0.05130394925650489]","[0.5099794969838991, -0.36223765495081817]",0.1310483920365216
3,113,"[0.3560111162777834, 0.7203083973996767]","[0.20033155121842627, 0.8577591891930944]","[0.6105506222198642, 0.5388939212688811]","[-0.15211476840192267, 0.048278474698521534]","[-0.14681198057703115, 0.05164447344859663]","[0.5090790118841616, -0.36282895226159106]",0.1310602621532527
3,114,"[0.3563153458145873, 0.7202118404502796]","[0.20033155121842627, 0.8577591891930944]","[0.6104081973699224, 0.5385040683509842]","[-0.15065998339165362, 0.0486401795850198]","[-0.14539954360728108, 0.051979292293102386]","[0.5081857031106701, -0.3634155441985909]",0.13107301981032476
3,115,"[0.3566166657813706, 0.7201145600911096]","[0.20033155121842627, 0.8577591891930944]","[0.610266422540475, 0.5381158259700609]","[-0.149217761416894, 0.04899602087654428]","[-0.1439993330404994, 0.0523084632139183]","[0.5072995135182089, -0.36399746824209744]",0.1310866454476309
3,116,"[0.35691510130420434, 0.7200165680493565]","[0.20033155121842627, 0.8577591891930944]","[0.6101252945089382, 0.5377291872645464]","[-0.1477879987382512, 0.049346057342939995]","[-0.14261124759696475, 0.052632043125182604]","[0.5064203864094676, -0.3645747615696202]",0.13110111985956116
3,117,"[0.3572106773016808, 0.7199178759346707]","[0.20033155121842627, 0.8577591891930944]","[0.6099848100679433, 0.53734414540521]","[-0.14637059242010497, 0.0496903472159754]","[-0.14123518681276326, 0.052950088436181986]","[0.5055482655325249, -0.3651474610589214]",0.1311164241891147
3,118,"[0.357503418486521, 0.7198184952402388]","[0.20033155121842627, 0.8577591891930944]","[0.609844966025624, 0.5369606935947736]","[-0.14496544032948291, 0.05002894819692154]","[-0.1398710510341959, 0.05326265505612615]","[0.504683095078206, -0.36571560329093034]",0.13113253992207244
3,119,"[0.35779334936718, 0.7197184373438449]","[0.20033155121842627, 0.8577591891930944]","[0.6097057592058488, 0.536578825067564]","[-0.14357244113420695, 0.0503619174636433]","[-0.1385187414120964, 0.0535697983988066]","[0.5038248196773376, -0.3662792245525617]",0.13114944888123364
3,120,"[0.3580804942494484, 0.7196177135089176]","[0.20033155121842627, 0.8577591891930944]","[0.6095671864484054, 0.5361985330891935]","[-0.1421914943004203, 0.05068931167726318]","[-0.13717815989607834, 0.05387157338714971]","[0.502973384397914, -0.3668383608394481]",0.13116713322072127
3,121,"[0.3583648772380492, 0.719516334885563]","[0.20033155121842627, 0.8577591891930944]","[0.6094292446091463, 0.5358198109562644]","[-0.14082250008958502, 0.05101118698845281]","[-0.13584920922872884, 0.05416803445767476]","[0.5021287347421941, -0.36739304785859717]",0.1311855754203587
3,122,"[0.3586465222382284, 0.719414312511586]","[0.20033155121842627, 0.8577591891930944]","[0.6092919305600983, 0.5354426519960958]","[-0.1394653595550321, 0.051327599043399404]","[-0.13453179293976164, 0.05445923556486593]","[0.5012908166437399, -0.3679433210309806]",0.13120475828011985
3,123,"[0.35892545295733846, 0.7193116573134992]","[0.20033155121842627, 0.8577591891930944]","[0.6091552411895438, 0.5350670495664683]","[-0.13811997453813146, 0.05163860298948761]","[-0.13322581534014521, 0.05474523018546534]","[0.5004595764644106, -0.3684892154940618]",0.13122466491465568
3,124,"[0.35920169290641474, 0.7192083801075202]","[0.20033155121842627, 0.8577591891930944]","[0.6090191734020749, 0.5346929970553855]","[-0.13678624766414166, 0.05194425348073047]","[-0.13193118151621136, 0.0550260713226941]","[0.4996349609913203, -0.3690307661042693]",0.13124527874789674
3,125,"[0.359475265401743, 0.7191044916005588]","[0.20033155121842627, 0.8577591891930944]","[0.6088837241186271, 0.5343204878808483]","[-0.1354640823377906, 0.05224460468298172]","[-0.13064779732375792, 0.05530181151040775]","[0.4988169174337682, -0.369568007439421]",0.13126658350773462
3,126,"[0.35974619356641857, 0.7190000023911928]","[0.20033155121842627, 0.8577591891930944]","[0.6087488902764937, 0.5339495154906418]","[-0.13415338273863006, 0.052539710278952774]","[-0.12937556938215067, 0.05557250281718851]","[0.49800539342015027, -0.37010097380110185]",0.13128856322078192
3,127,"[0.3600145003318958, 0.7188949229706348]","[0.20033155121842627, 0.8577591891930944]","[0.6086146688293232, 0.5335800733621336]","[-0.13285405381620352, 0.05282962347306055]","[-0.12811440506843036, 0.05583819685038316]","[0.4972003369948549, -0.3706296992170024]",0.13131120220721065
3,128,"[0.36028020843952824, 0.7187892637236887]","[0.20033155121842627, 0.8577591891930944]","[0.6084810567471046, 0.53321215500208]","[-0.13156600128505808, 0.053114396996121]","[-0.1268642125114336, 0.05609894476008431]","[0.49640169661515277, -0.3711542174432174]",0.1313344850756708
3,129,"[0.36054334044209835, 0.7186830349296964]","[0.20033155121842627, 0.8577591891930944]","[0.6083480510161391, 0.5328457539464405]","[-0.13028913161962985, 0.053394083109909195]","[-0.12562490058592918, 0.0563547972430648]","[0.4956094211480815, -0.37167456196651183]",0.1313583967182871
3,130,"[0.3608039187053376, 0.7185762467634766]","[0.20033155121842627, 0.8577591891930944]","[0.6082156486390038, 0.5324808637602002]","[-0.12902335204902574, 0.05366873361159741]","[-0.1243963789067764, 0.0566058045466622]","[0.49482345986733234, -0.3721907660065529]",0.13138292230573556
3,131,"[0.3610619654094357, 0.7184689092962534]","[0.20033155121842627, 0.8577591891930944]","[0.6080838466345053, 0.532117478037197]","[-0.12776857055172347, 0.05393839983808574]","[-0.1231785578231065, 0.056852016472619615]","[0.49404376245013926, -0.3727028625181128]",0.13140804728239783
3,132,"[0.3613175025505391, 0.7183610324965772]","[0.20033155121842627, 0.8577591891930944]","[0.6079526420376264, 0.5317555903999553]","[-0.12652469585020673, 0.05420313267023595]","[-0.12197134841253149, 0.057093482380885185]","[0.49327027897417464, -0.3732108841932438]",0.1314337573615938
3,133,"[0.3615705519422395, 0.7182526262312368]","[0.20033155121842627, 0.8577591891930944]","[0.6078220318994669, 0.5313951944995238]","[-0.12529163740555102, 0.05446298253701532]","[-0.12077466247538282, 0.05733025119336821]","[0.4925029599144548, -0.373714863463426]",0.13146003852089147
3,134,"[0.3618211352170506, 0.7181437002661627]","[0.20033155121842627, 0.8577591891930944]","[0.6076920132871789, 0.5310362840153173]","[-0.12406930541197364, 0.05471799941956271]","[-0.11958841252898228, 0.05756237139765835]","[0.4917417561402566, -0.37421483250169074]",0.13148687699749365
3,135,"[0.36206927382787457, 0.7180342642673235]","[0.20033155121842627, 0.8577591891930944]","[0.6075625832838977, 0.5306788526549635]","[-0.12285761079135869, 0.05496823285518062]","[-0.11841251180194501, 0.05778989105070642]","[0.4909866189120462, -0.37471082322472005]",0.13151425928369997
3,136,"[0.3623149890494573, 0.7179243278016132]","[0.20033155121842627, 0.8577591891930944]","[0.607433738988669, 0.5303228941541511]","[-0.12165646518776684, 0.05521373194126045]","[-0.1172468742285191, 0.058012857782469396]","[0.49023749987842347, -0.37520286729492414]",0.13154217212244468
3,137,"[0.36255830197983285, 0.7178139003377306]","[0.20033155121842627, 0.8577591891930944]","[0.6073054775163735, 0.5299684022764826]","[-0.1204657809619382, 0.055454545339146344]","[-0.11609141444296006, 0.058231318799519094]","[0.48949435107308137, -0.3756909961224961]",0.13157060250290809
3,138,"[0.36279923354175675, 0.7177029912470523]","[0.20033155121842627, 0.8577591891930944]","[0.6071777959976479, 0.5296153708133284]","[-0.11928547118579558, 0.05569072127794235]","[-0.11494604777394307, 0.05844532088861881]","[0.48875712491178225, -0.3761752408674477]",0.13159953765620114
3,139,"[0.36303780448412837, 0.7175916098044964]","[0.20033155121842627, 0.8577591891930944]","[0.6070506915788045, 0.5292637935836847]","[-0.11811544963695322, 0.05592230755826641]","[-0.11381069023901291, 0.05865491042026533]","[0.48802577418935233, -0.3766556324416235]",0.13162896505112281
3,140,"[0.36327403538340225, 0.71747976518938]","[0.20033155121842627, 0.8577591891930944]","[0.6069241614217489, 0.5289136644340315]","[-0.11695563079323831, 0.05614935155595423]","[-0.11268525853907196, 0.05886013335219836]","[0.48730025207669325, -0.3771322015106968]",0.1316588723899879
3,141,"[0.3635079466449887, 0.717367466486268]","[0.20033155121842627, 0.8577591891930944]","[0.6067982027038961, 0.5285649772381946]","[-0.11580592982722669, 0.056371900225717385]","[-0.11156967005290841, 0.05906103523287953]","[0.4865805121178147, -0.3776049784961468]",0.13168924760452608
3,142,"[0.3637395585046432, 0.7172547226858166]","[0.20033155121842627, 0.8577591891930944]","[0.6066728126180855, 0.528217725897208]","[-0.11466626260079918, 0.056590000104757655]","[-0.11046384283176236, 0.059257661204940026]","[0.4858665082268846, -0.37807399357721727]",0.13172007885184955
3,143,"[0.36396889102984475, 0.717141542685607]","[0.20033155121842627, 0.8577591891930944]","[0.6065479883724949, 0.5278719043391782]","[-0.1135365456597207, 0.05680369731633904]","[-0.10936769559393333, 0.05945005600859732]","[0.4851581946853003, -0.3785392766928577]",0.13175135451048892
3,144,"[0.3641959641211642, 0.7170279352909743]","[0.20033155121842627, 0.8577591891930944]","[0.6064237271905548, 0.5275275065191507]","[-0.11241669622824381, 0.05701303757332054]","[-0.10828114771942737, 0.059638263985042406]","[0.4844555261387813, -0.3790008575436472]",0.1317830631764972
3,145,"[0.36442079751362066, 0.7169139092158276]","[0.20033155121842627, 0.8577591891930944]","[0.6063000263108603, 0.5271845264189767]","[-0.11130663220374143, 0.05721806618165135]","[-0.10720411924464263, 0.059822329079798287]","[0.48375845759447933, -0.37945876559370184]",0.13181519365961888
3,146,"[0.36464341077802814, 0.7167994730834644]","[0.20033155121842627, 0.8577591891930944]","[0.6061768829870844, 0.5268429580471816]","[-0.11020627215136798, 0.05741882804382902]","[-0.10613653085709751, 0.060002294846048965]","[0.4830669444181125, -0.3799130300725655]",0.131847734979525
3,147,"[0.36486382332233086, 0.7166846354273767]","[0.20033155121842627, 0.8577591891930944]","[0.6060542944878898, 0.5265027954388348]","[-0.10911553529875266, 0.057615367662323766]","[-0.10507830389019701, 0.06017820444794009]","[0.48238094233111795, -0.38036367997708376]",0.1318806763621122
3,148,"[0.36508205439292835, 0.7165694046920521]","[0.20033155121842627, 0.8577591891930944]","[0.6059322580968418, 0.5261640326554207]","[-0.10803434153072441, 0.05780772914296826]","[-0.10402936031804011, 0.0603501006638521]","[0.48170040740782694, -0.3808107440732629]",0.13191400723586455
3,149,"[0.3652981230759898, 0.7164537892337661]","[0.20033155121842627, 0.8577591891930944]","[0.6058107711123201, 0.52582666378471]","[-0.1069626113840717, 0.05799595619831477]","[-0.10298962275026746, 0.06051802588964461]","[0.48102529607266054, -0.38125425089811227]",0.13194771722827847
3,150,"[0.36551204829875794, 0.7163377973213695]","[0.20033155121842627, 0.8577591891930944]","[0.6056898308474312, 0.5254906829406331]","[-0.10590026604233593, 0.058180092150961565]","[-0.1019590144269486, 0.06068202214187585]","[0.48035556509734656, -0.38169422876147285]",0.13198179616234795
3,151,"[0.36572384883084263, 0.7162214371370675]","[0.20033155121842627, 0.8577591891930944]","[0.6055694346299212, 0.5251560842631534]","[-0.10484722733064092, 0.05836017993684718]","[-0.10093745921350866, 0.060842131060991844]","[0.4796911715981571, -0.38213070574782826]",0.13201623405311025
3,152,"[0.3659335432855039, 0.7161047167771939]","[0.20033155121842627, 0.8577591891930944]","[0.605449579802088, 0.5248228619181423]","[-0.10380341771055801, 0.05853626210851549]","[-0.09992488159569607, 0.060998393914491966]","[0.4790320730331682, -0.38256370971810316]",0.13205102110425115
3,153,"[0.366141150120925, 0.7159876442529769]","[0.20033155121842627, 0.8577591891930944]","[0.6053302637206948, 0.5244910100972543]","[-0.1027687602750075, 0.058708380838350595]","[-0.09892120667458804, 0.06115085160006578]","[0.4783782271995395, -0.3829932683114452]",0.13208614770476806
3,154,"[0.36634668764147504, 0.7158702274913002]","[0.20033155121842627, 0.8577591891930944]","[0.6052114837568825, 0.5241605230178035]","[-0.1017431787431973, 0.05887657792178419]","[-0.09792636016163586, 0.06129954464870602]","[0.4777295922308149, -0.38341940894699356]",0.13212160442569026
3,155,"[0.36655017399896145, 0.7157524743354566]","[0.20033155121842627, 0.8577591891930944]","[0.6050932372960844, 0.5238313949226406]","[-0.10072659745559805, 0.059040894780473]","[-0.09694026837375103, 0.061444513227793374]","[0.477086126594246, -0.383842158825632]",0.13215738201685634
3,156,"[0.36675162719387266, 0.7156343925458957]","[0.20033155121842627, 0.8577591891930944]","[0.6049755217379391, 0.5235036200800315]","[-0.09971894136895633, 0.059201372465450555]","[-0.09596285822842682, 0.06158579714415818]","[0.4764477890881329, -0.38426154493172837]",0.1321934714037459
3,157,"[0.36695106507661057, 0.7155159898009648]","[0.20033155121842627, 0.8577591891930944]","[0.6048583344962054, 0.5231771927835348]","[-0.09872013605134423, 0.05935805166024941]","[-0.09499405723890214, 0.06172343584711476]","[0.47581453883918967, -0.3846775940348599]",0.13222986368436662
3,158,"[0.36714850534871324, 0.7153972736976443]","[0.20033155121842627, 0.8577591891930944]","[0.6047416729986769, 0.5228521073518819]","[-0.09773010767724706, 0.05951097268399824]","[-0.09403379350936064, 0.06185746843147211]","[0.47518633529992726, -0.3850903326915247]",0.13226655012619487
3,159,"[0.36734396556406773, 0.7152782517522763]","[0.20033155121842627, 0.8577591891930944]","[0.6046255346870975, 0.522528358128857]","[-0.09674878302268822, 0.05966017549449206]","[-0.09308199573017062, 0.061987933640518744]","[0.47456313824605945, -0.38549978724683864]",0.13230352216316849
3,160,"[0.3675374631301131, 0.7151589314012874]","[0.20033155121842627, 0.8577591891930944]","[0.6045099170170766, 0.5222059394831776]","[-0.09577608946039183, 0.059805699691235906]","[-0.09213859317316064, 0.06211486986898368]","[0.47394490777392695, -0.38590598383621955]",0.13234077139273182
3,161,"[0.3677290153090339, 0.715039320001905]","[0.20033155121842627, 0.8577591891930944]","[0.6043948174580056, 0.5218848458083765]","[-0.0948119549549821, 0.05994758451846341]","[-0.0912035156869338, 0.0622383151659725]","[0.4733316042979434, -0.386308948387057]",0.1323782895729317
3,162,"[0.36791863921894385, 0.7149194248328681]","[0.20033155121842627, 0.8577591891930944]","[0.6042802334929743, 0.5215650715226834]","[-0.09385630805822075, 0.060085868868129715]","[-0.09027669369221969, 0.062358307237879884]","[0.47272318854806095, -0.3867087066203694]",0.13241606861956318
3,163,"[0.3681063518350603, 0.7147992530951318]","[0.20033155121842627, 0.8577591891930944]","[0.604166162618688, 0.5212466110689079]","[-0.09290907790428038, 0.06022059128287919]","[-0.08935805817726195, 0.062474883451277996]","[0.4721196215672555, -0.3871052840524478]",0.13245410060336518
3,164,"[0.36829216999086883, 0.7146788119125661]","[0.20033155121842627, 0.8577591891930944]","[0.604052602345385, 0.5209294589143233]","[-0.0919701942050559, 0.06035178995898869]","[-0.08844754069324406, 0.06258808083578055]","[0.47152086470903243, -0.3874987059964856]",0.13249237774726358
3,165,"[0.36847611037927896, 0.7145581083326481]","[0.20033155121842627, 0.8577591891930944]","[0.603939550196755, 0.52061360955055]","[-0.09103958724551242, 0.060479502749285825]","[-0.08754507334975159, 0.06269793608688407]","[0.47092687963495217, -0.38788899756419615]",0.13253089242366325
3,166,"[0.36865818955377, 0.7144371493271495]","[0.20033155121842627, 0.8577591891930944]","[0.6038270037098576, 0.5202990574934412]","[-0.0901171878790694, 0.06060376716604343]","[-0.08665058881027032, 0.06280448556878537]","[0.4703376283121753, -0.3882761836674167]",0.13256963715178557
3,167,"[0.36883842392952815, 0.7143159417928174]","[0.20033155121842627, 0.8577591891930944]","[0.6037149604350409, 0.519985797282967]","[-0.08920292752302199, 0.060724620383849646]","[-0.08576402028771923, 0.06290776531717696]","[0.46975307301102553, -0.38866028901970084]",0.13260860459505286
3,168,"[0.3690168297845742, 0.7141944925520497]","[0.20033155121842627, 0.8577591891930944]","[0.6036034179358619, 0.5196738234831016]","[-0.0882967381539975, 0.06084209924245435]","[-0.08488530154002216, 0.06300781104201719]","[0.4691731763025755, -0.3890413381378961]",0.13264778755851792
3,169,"[0.36919342326088217, 0.7140728083535648]","[0.20033155121842627, 0.8577591891930944]","[0.6034923737890061, 0.5193631306817094]","[-0.08739855230344859, 0.060956240249592224]","[-0.08401436686571129, 0.06310465813028066]","[0.4685979010562479, -0.38941935534371086]",0.13268717898633736
3,170,"[0.36936822036548905, 0.7139508958730656]","[0.20033155121842627, 0.8577591891930944]","[0.603381825584208, 0.5190537134904318]","[-0.08650830305318262, 0.06106707958378218]","[-0.08315115109956867, 0.06319834164868326]","[0.468027210437438, -0.3897943647652675]",0.13272677195928984
3,171,"[0.3695412369715954, 0.713828761713898]","[0.20033155121842627, 0.8577591891930944]","[0.6032717709241728, 0.5187455665445759]","[-0.08562592403092507, 0.0611746530971038]","[-0.08229558960830108, 0.06328889634638696]","[0.46746106790515485, -0.3901663903386441]",0.1327665596923363
3,172,"[0.36971248881965724, 0.7137064124077037]","[0.20033155121842627, 0.8577591891930944]","[0.6031622074244976, 0.518438684503002]","[-0.08475134940591995, 0.06127899631795121]","[-0.08144761828625063, 0.06337635665768182]","[0.46689943720968063, -0.3905354558094034]",0.13280653553222305
3,173,"[0.36988199151846907, 0.7135838544150678]","[0.20033155121842627, 0.8577591891930944]","[0.6030531327135933, 0.5181330620480132]","[-0.083884513884564, 0.061380144453763864]","[-0.080607173551138, 0.06346075670464502]","[0.46634228239024844, -0.3909015847341091]",0.13284669295512583
3,174,"[0.37004976054623817, 0.7134610941261602]","[0.20033155121842627, 0.8577591891930944]","[0.602944544432608, 0.5178286938852449]","[-0.08302535270607615, 0.06147813239373491]","[-0.07977419233984195, 0.06354213029977934]","[0.4657895677727397, -0.39126480048183065]",0.13288702556433546
3,175,"[0.3702158112516503, 0.7133381378613728]","[0.20033155121842627, 0.8577591891930944]","[0.6028364402353497, 0.5175255747435547]","[-0.08217380163820186, 0.06157299471149741]","[-0.07894861210421072, 0.06362051094862953]","[0.4652412579673987, -0.3916251262356363]",0.1329275270879831
3,176,"[0.3703801588549267, 0.7132149918719498]","[0.20033155121842627, 0.8577591891930944]","[0.6027288177882097, 0.5172236993749131]","[-0.08132979697295094, 0.061664765667788286]","[-0.07813037080690866, 0.06369593185237704]","[0.4646973178665661, -0.39198258499407346]",0.13296819137680513
3,177,"[0.3705428184488726, 0.7130916623406143]","[0.20033155121842627, 0.8577591891930944]","[0.6026216747700878, 0.5169230625542954]","[-0.08049327552237016, 0.061753479213090906]","[-0.07731940691729466, 0.06376842591041376]","[0.46415771264243033, -0.3923371995726377]",0.1330090124019468
3,178,"[0.37070380499991734, 0.712968155382188]","[0.20033155121842627, 0.8577591891930944]","[0.6025150088723155, 0.5166236590795729]","[-0.07966417461434941, 0.06183916899025495]","[-0.07651565940733451, 0.06383802572289476]","[0.46362240774479624, -0.3926889926052304]",0.13304998425280418
3,179,"[0.37086313334914606, 0.7128444770442075]","[0.20033155121842627, 0.8577591891930944]","[0.6024088177985822, 0.5163254837714057]","[-0.07884243208846106, 0.0619218683370961]","[-0.07571906774754555, 0.06390476359326946]","[0.46309136889887237, -0.3930379865456035]",0.13309110113490322
3,180,"[0.371020818213323, 0.7127206333075333]","[0.20033155121842627, 0.8577591891930944]","[0.6023030992648608, 0.516028531473136]","[-0.07802798629183338, 0.062001610288973275]","[-0.07492957190297461, 0.06396867153079316]","[0.4625645621030756, -0.3933842036687947]",0.13313235736781606
3,181,"[0.37117687418590667, 0.7125966300869554]","[0.20033155121842627, 0.8577591891930944]","[0.6021978509993335, 0.5157327970506808]","[-0.07722077607505594, 0.062078427581344776]","[-0.07414711232920757, 0.06402978125301645]","[0.46204195362685374, -0.3937276660725493]",0.13317374738311366
3,182,"[0.3713313157380568, 0.7124724732317927]","[0.20033155121842627, 0.8577591891930944]","[0.6020930707423184, 0.5154382753924266]","[-0.0764207407881188, 0.06215235265230433]","[-0.07337162996841001, 0.06408812418825588]","[0.4615235100085233, -0.3940683956787323]",0.13321526572235343
3,183,"[0.371484157219633, 0.7123481685264882]","[0.20033155121842627, 0.8577591891930944]","[0.6019887562461971, 0.5151449614091244]","[-0.07562782027638318, 0.062223417645095494]","[-0.07260306624540186, 0.06414373147804259]","[0.4610091980531281, -0.39440641423472766]",0.13325690703510235
3,184,"[0.37163541286018575, 0.712223721691198]","[0.20033155121842627, 0.8577591891930944]","[0.6018849052753414, 0.514852850033784]","[-0.07484195487658574, 0.062291654410605295]","[-0.07184136306376127, 0.06419663397955239]","[0.4604989848303114, -0.3947417433148279]",0.13329866607699442
3,185,"[0.3717850967699389, 0.7120991383823767]","[0.20033155121842627, 0.8577591891930944]","[0.6017815156060429, 0.5145619362215708]","[-0.07406308541287338, 0.06235709450983859]","[-0.07108646280196179, 0.0642468622680154]","[0.4599928376722079, -0.3950744043216119]",0.13334053770782195
3,186,"[0.3719332229407647, 0.711974424193357]","[0.20033155121842627, 0.8577591891930944]","[0.6016785850264397, 0.5142722149497011]","[-0.07329115319287104, 0.06241976921637091]","[-0.07033830830953813, 0.06429444663910588]","[0.45949072417134995, -0.3954044184873118]",0.13338251688966002
3,187,"[0.37207980524715045, 0.7118495846549242]","[0.20033155121842627, 0.8577591891930944]","[0.601576111336447, 0.5139836812173397]","[-0.07252610000378008, 0.062479709518781436]","[-0.06959684290328533, 0.0643394171113118]","[0.458992612178593, -0.39573180687516896]",0.1334245986850236
3,188,"[0.372224857447158, 0.7117246252358866]","[0.20033155121842627, 0.8577591891930944]","[0.6014740923476856, 0.5136963300454972]","[-0.0717678681085088, 0.06253694612306647]","[-0.06886201036348616, 0.06438180342828559]","[0.45849846980105513, -0.3960565903807789]",0.1334667782550567
3,189,"[0.372368393183375, 0.7115995513436405]","[0.20033155121842627, 0.8577591891930944]","[0.6013725258834126, 0.5134101564769271]","[-0.07101640024183303, 0.0625915094550324]","[-0.06813375493017026, 0.06442163506117643]","[0.4580082654000752, -0.3963787897334268]",0.1335090508577537
3,190,"[0.3725104259838587, 0.7114743683247304]","[0.20033155121842627, 0.8577591891930944]","[0.6012714097784513, 0.5131251555760252]","[-0.07027163960658826, 0.06264342966266961]","[-0.06741202129940183, 0.06445894121094153]","[0.4575219675891852, -0.3966984254974104]",0.13355141184621064
3,191,"[0.3726509692630719, 0.7113490814654051]","[0.20033155121842627, 0.8577591891930944]","[0.6011707418791223, 0.5128413224287282]","[-0.06953352986989199, 0.06269273661850708]","[-0.06669675461959956, 0.06449375081064002]","[0.4570395452321009, -0.3970155180733539]",0.13359385666690826
3,192,"[0.37279003632281166, 0.7112236959921681]","[0.20033155121842627, 0.8577591891930944]","[0.6010705200431746, 0.5125586521424127]","[-0.06880201515939678, 0.0627394599219465]","[-0.06598790048788261, 0.06452609252770708]","[0.45656096744072594, -0.3973300876995107]",0.13363638085802354
3,193,"[0.3729276403531305, 0.7110982170723241]","[0.20033155121842627, 0.8577591891930944]","[0.6009707421397182, 0.5122771398457961]","[-0.0680770400595718, 0.06278362890157901]","[-0.06528540494644958, 0.06455599476620993]","[0.45608620357317553, -0.39764215445305595]",0.13367898004777262
3,194,"[0.3730637944332496, 0.710972649814521]","[0.20033155121842627, 0.8577591891930944]","[0.6008714060491555, 0.5119967806888367]","[-0.06735854960801692, 0.0628252726174811]","[-0.06458921447898386, 0.06458348566908512]","[0.4556152232318117, -0.39795173825136865]",0.13372164995278074
3,195,"[0.37319851153246564, 0.7108469992692861]","[0.20033155121842627, 0.8577591891930944]","[0.6007725096631142, 0.511717569842634]","[-0.06664648929180364, 0.06286441986349264]","[-0.06389927600708878, 0.06460859312035727]","[0.4551479962612972, -0.39825885885330425]",0.13376438637648203
3,196,"[0.37333180451104925, 0.7107212704295591]","[0.20033155121842627, 0.8577591891930944]","[0.6006740508843809, 0.5114395024993313]","[-0.06594080504384714, 0.06290109916947663]","[-0.06321553688675097, 0.06463134474733956]","[0.4546844927466632, -0.39856353586045556]",0.1338071852075465
3,197,"[0.37346368612113695, 0.7105954682312202]","[0.20033155121842627, 0.8577591891930944]","[0.6005760276268339, 0.5111625738720174]","[-0.06524144323930652, 0.06293533880355907]","[-0.06253794490483322, 0.0646517679228169]","[0.45422468301139396, -0.3988657887184057]",0.13385004241833515
3,198,"[0.37359416900761555, 0.710469597553613]","[0.20033155121842627, 0.8577591891930944]","[0.6004784378153782, 0.5108867791946284]","[-0.06454835069201449, 0.06296716677435146]","[-0.06186644827559429, 0.06466988976720972]","[0.4537685376155254, -0.39916563671796923]",0.13389295406338156
3,199,"[0.37372326570899955, 0.7103436632200644]","[0.20033155121842627, 0.8577591891930944]","[0.6003812793858794, 0.5106121137218522]","[-0.06386147465093521, 0.06299661083315543]","[-0.06120099563723713, 0.0646857371507219]","[0.45331602735375964, -0.3994630989964243]",0.13393591627790044
3,200,"[0.3738509886583014, 0.7102176699983981]","[0.20033155121842627, 0.8577591891930944]","[0.6002845502850985, 0.5103385727290305]","[-0.06318076279665079, 0.06302369847614751]","[-0.06054153604848456, 0.06469933669546912]","[0.45286712325359424, -0.3997581945387352]",0.1339789252763221
3,201,"[0.3739773501838947, 0.7100916226014458]","[0.20033155121842627, 0.8577591891930944]","[0.6001882484706276, 0.5100661515120637]","[-0.0625061632378761, 0.06304845694654768]","[-0.059888018985182256, 0.06471071477759055]","[0.4524217965734657, -0.40005094217876414]",0.1340219773508527
3,202,"[0.3741023625103705, 0.7099655256875527]","[0.20033155121842627, 0.8577591891930944]","[0.6000923719108254, 0.5097948453873151]","[-0.061837624508001274, 0.0630709132367695]","[-0.05924039433693046, 0.0647198975293442]","[0.4519800188009099, -0.4003413606004751]",0.13406506887005964
3,203,"[0.3742260377593865, 0.7098393838610791]","[0.20033155121842627, 0.8577591891930944]","[0.5999969185847536, 0.5095246496915162]","[-0.06117509556166224, 0.06309109409055252]","[-0.05859861240374026, 0.06472691084118282]","[0.4515417616507341, -0.4006294683391258]",0.13410819627748174
3,204,"[0.37434838795050984, 0.7097132016728981]","[0.20033155121842627, 0.8577591891930944]","[0.5999018864821131, 0.5092555597816718]","[-0.06051852577133842, 0.06310902600507698]","[-0.05796262389271867, 0.06473178036381477]","[0.45110699706320645, -0.40091528378245256]",0.13415135609026413
3,205,"[0.3744694250020525, 0.7095869836208879]","[0.20033155121842627, 0.8577591891930944]","[0.5998072736031818, 0.508987571034966]","[-0.05986786492397786, 0.06312473523306131]","[-0.05733237991478024, 0.0647345315102466]","[0.45067569720225853, -0.4011988251718439]",0.13419454489781651
3,206,"[0.37458916073190046, 0.7094607341504218]","[0.20033155121842627, 0.8577591891930944]","[0.5997130779587512, 0.508720678848669]","[-0.059223063217649724, 0.06313824778484319]","[-0.056707831981382906, 0.06473518945780982]","[0.4502478344537014, -0.4014801106035055]",0.13423775936049545
3,207,"[0.37470760685833576, 0.709334457654852]","[0.20033155121842627, 0.8577591891930944]","[0.5996192975700646, 0.5084548786400437]","[-0.058584071258223444, 0.06314958943044156]","[-0.056088932001292946, 0.06473377915017042]","[0.4498233814234577, -0.4017591580296167]",0.13428099620830963
3,208,"[0.3748247750008522, 0.7092081584759912]","[0.20033155121842627, 0.8577591891930944]","[0.5995259304687555, 0.5081901658462533]","[-0.05795084005607409, 0.06315878570160414]","[-0.05547563227737401, 0.06473032529932177]","[0.4494023109358065, -0.4020359852594757]",0.13432425223964767
3,209,"[0.37494067668096437, 0.7090818409045879]","[0.20033155121842627, 0.8577591891930944]","[0.5994329746967861, 0.507926535924269]","[-0.05732332102281489, 0.06316586189383551]","[-0.05486788550340299, 0.06472485238756132]","[0.44898459603164353, -0.40231060996063794]",0.13436752432002894
3,210,"[0.37505532332301, 0.7089555091808003]","[0.20033155121842627, 0.8577591891930944]","[0.5993404283063866, 0.5076639843507782]","[-0.05670146596805587, 0.06317084306841113]","[-0.054265644760910337, 0.0647173846694517]","[0.4485702099667531, -0.4025830496600442]",0.1344108093808754
3,211,"[0.3751687262549461, 0.7088291674946635]","[0.20033155121842627, 0.8577591891930944]","[0.599248289359994, 0.5074025066220939]","[-0.056085227096187885, 0.06317375405437255]","[-0.05366886351604644, 0.06470794617376374]","[0.4481591262100957, -0.4028533217451393]",0.13445410441830583
3,212,"[0.3752808967091385, 0.7087028199865548]","[0.20033155121842627, 0.8577591891930944]","[0.5991565559301928, 0.507142098254063]","[-0.05547455700319307, 0.06317461945050747]","[-0.05307749561647329, 0.06469656070540625]","[0.4477513184421086, -0.4031214434649837]",0.13449740649195102
3,213,"[0.3753918458231449, 0.7085764707476538]","[0.20033155121842627, 0.8577591891930944]","[0.599065226099655, 0.5068827547819771]","[-0.0548694086734806, 0.06317346362731353]","[-0.0524914952882809, 0.06468325184733714]","[0.44734676055302014, -0.4033874319313535]",0.13454071272378948
3,214,"[0.3755015846404918, 0.7084501238203992]","[0.20033155121842627, 0.8577591891930944]","[0.5989742979610804, 0.5066244717604819]","[-0.05426973547674826, 0.0631703107289449]","[-0.05191081713292828, 0.06466804296246081]","[0.4469454266411771, -0.40365130411983463]",0.13458402029700442
3,215,"[0.37561012411144534, 0.7083237831989413]","[0.20033155121842627, 0.8577591891930944]","[0.5988837696171379, 0.506367244763488]","[-0.053675491164868444, 0.06316518467514465]","[-0.05133541612420839, 0.06465095719550973]","[0.446547291011385, -0.4039130768709065]",0.13462732645485986
3,216,"[0.37571747509377507, 0.708197452829591]","[0.20033155121842627, 0.8577591891930944]","[0.5987936391804072, 0.5061110693840826]","[-0.05308662986879978, 0.06315810916315907]","[-0.050765247605240205, 0.06463201747490854]","[0.4461523281732642, -0.4041727668910169]",0.1346706284995977
3,217,"[0.3758236483535127, 0.7080711366112646]","[0.20033155121842627, 0.8577591891930944]","[0.5987039047733203, 0.5058559412344398]","[-0.0525031060955235, 0.06314910766963774]","[-0.050200267285480826, 0.06461124651462535]","[0.44576051283961515, -0.4044303907536497]",0.13471392379135316
3,218,"[0.37592865456570373, 0.7079448383959254]","[0.20033155121842627, 0.8577591891930944]","[0.5986145645281036, 0.505601855945734]","[-0.05192487472500414, 0.06313820345251792]","[-0.04964043123776479, 0.06458866681600645]","[0.4453718199247997, -0.40468596490038267]",0.13475720974709007
3,219,"[0.3760325043151537, 0.7078185619890204]","[0.20033155121842627, 0.8577591891930944]","[0.5985256165867207, 0.5053488091680514]","[-0.05135189100717483, 0.06312541955289219]","[-0.0490856958953656, 0.06456430066959629]","[0.44498622454313386, -0.40493950564193804]",0.13480048383955465
3,220,"[0.37613520809716805, 0.7076923111499146]","[0.20033155121842627, 0.8577591891930944]","[0.598437059100815, 0.5050967965703028]","[-0.05078411055894647, 0.06311077879686208]","[-0.048536018049080976, 0.06453817015694169]","[0.44460370200729393, -0.40519102915922356]",0.13484374359624776
3,221,"[0.37623677631828595, 0.7075660895923209]","[0.20033155121842627, 0.8577591891930944]","[0.598348890231654, 0.5048458138401379]","[-0.0502214893612414, 0.06309430379737604]","[-0.04799135484434325, 0.06451029715238255]","[0.4442242278267362, -0.405440551504366]",0.13488698659841564
3,222,"[0.3763372192970084, 0.7074399009847262]","[0.20033155121842627, 0.8577591891930944]","[0.5982611081500716, 0.5045958566838581]","[-0.0496639837560506, 0.06307601695605157]","[-0.04745166377834947, 0.0644807033248263]","[0.4438477777061264, -0.4056880886017362]",0.13493021048005785
3,223,"[0.3764365472645205, 0.7073137489508141]","[0.20033155121842627, 0.8577591891930944]","[0.598173711036413, 0.5043469208263308]","[-0.04911155044351449, 0.06305594046498335]","[-0.046916902697218044, 0.0644494101395095]","[0.443474327543785, -0.4059336562489666]",0.13497341292695336
3,224,"[0.37653477036540756, 0.7071876370698842]","[0.20033155121842627, 0.8577591891930944]","[0.5980866970804792, 0.5040990020109044]","[-0.04856414647902722, 0.06303409630853586]","[-0.046387029793166445, 0.0644164388597433]","[0.44310385343014336, -0.40617727011795957]",0.13501659167570368
3,225,"[0.3766318986583656, 0.7070615688772671]","[0.20033155121842627, 0.8577591891930944]","[0.5980000644814714, 0.5038520959993232]","[-0.04802172927036451, 0.0630105062651217]","[-0.04586200360171172, 0.06438181054864456]","[0.4427363316462115, -0.4064189457558878]",0.13505974451279262
3,226,"[0.37672794211690636, 0.7069355478647369]","[0.20033155121842627, 0.8577591891930944]","[0.5979138114479362, 0.503606198571643]","[-0.0474842565748337, 0.06298519190896436]","[-0.045341782998893576, 0.06434554607085408]","[0.4423717386620597, -0.40665869858618775]",0.13510286927366316
3,227,"[0.376822910630056, 0.706809577480919]","[0.20033155121842627, 0.8577591891930944]","[0.5978279361977115, 0.5033613055261467]","[-0.046951686496447834, 0.06295817461184756]","[-0.04482632719852031, 0.06430766609423949]","[0.4420100511353109, -0.40689654390954466]",0.1351459638418103
3,228,"[0.37691681400304894, 0.7066836611316953]","[0.20033155121842627, 0.8577591891930944]","[0.5977424369578717, 0.5031174126792606]","[-0.04642397748312137, 0.06292947554484934]","[-0.044315595749435555, 0.06426819109158455]","[0.44165124590964544, -0.4071324969048695]",0.13518902614789033
3,229,"[0.37700966195801516, 0.7065578021806056]","[0.20033155121842627, 0.8577591891930944]","[0.5976573119646743, 0.5028745158654715]","[-0.04590108832388944, 0.06289911568006232]","[-0.04380954853280872, 0.06422714134226387]","[0.4412953000133183, -0.4073665726302682]",0.13523205416884548
3,230,"[0.37710146413466294, 0.7064320039492454]","[0.20033155121842627, 0.8577591891930944]","[0.5975725594635068, 0.502632610937244]","[-0.04538297814614798, 0.06286711579229974]","[-0.04330814575944569, 0.0641845369339048]","[0.4409421906576878, -0.4075987860240029]",0.13527504592704442
3,231,"[0.37719223009095526, 0.7063062697176609]","[0.20033155121842627, 0.8577591891930944]","[0.597488177708833, 0.5023916937649374]","[-0.04486960641291791, 0.06283349646078715]","[-0.04281134796712199, 0.06414039776403524]","[0.4405918952357555, -0.4078291519054469]",0.13531799948943796
3,232,"[0.3772819693037811, 0.7061806027247393]","[0.20033155121842627, 0.8577591891930944]","[0.5974041649641405, 0.5021517602367243]","[-0.044360932920129575, 0.06279827807084007]","[-0.04231911601793725, 0.06409474354171685]","[0.4402443913207188, -0.40805768497603]",0.13536091296672959
3,233,"[0.37737069116962135, 0.7060550061685976]","[0.20033155121842627, 0.8577591891930944]","[0.5973205195018882, 0.5019128062585088]","[-0.04385691779393038, 0.06276148081552876]","[-0.041831411095690274, 0.06404759378916652]","[0.4398996566645338, -0.4082843998201777]",0.13540378451256077
3,234,"[0.3774584050052092, 0.7059294832069666]","[0.20033155121842627, 0.8577591891930944]","[0.5972372396034547, 0.5016748277538451]","[-0.04335752148801254, 0.06272312469732767]","[-0.04134819470327589, 0.06399896784336317]","[0.43955766919649086, -0.408509310906243]",0.13544661232271105
3,235,"[0.37754512004818525, 0.7058040369575719]","[0.20033155121842627, 0.8577591891930944]","[0.5971543235590855, 0.5014378206638572]","[-0.042862704780964, 0.06268322952975258]","[-0.040869428660102514, 0.06394888485764144]","[0.4392184070218005, -0.4087324325874293]",0.13548939463431176
3,236,"[0.37763084545774717, 0.7056786704985124]","[0.20033155121842627, 0.8577591891930944]","[0.5970717696678429, 0.5012017809471583]","[-0.04237242877363899, 0.06264181493898424]","[-0.04039507509953061, 0.06389736380327354]","[0.4388818484201915, -0.40895377910270825]",0.13553212972507428
3,237,"[0.37771559031529445, 0.7055533868686344]","[0.20033155121842627, 0.8577591891930944]","[0.5969895762375541, 0.5009667045797704]","[-0.04188665488655101, 0.06259890036547729]","[-0.03992509646633108, 0.06384442347103542]","[0.4385479718445193, -0.409173364577728]",0.1355748159125317
3,238,"[0.37779936362506755, 0.7054281890679035]","[0.20033155121842627, 0.8577591891930944]","[0.5969077415847608, 0.5007325875550458]","[-0.04140534485728596, 0.06255450506555739]","[-0.0394594555141653, 0.06379008247276219]","[0.43821675591938647, -0.4093912030257154]",0.1356174515532943
3,239,"[0.3778821743147821, 0.7053030800577724]","[0.20033155121842627, 0.8577591891930944]","[0.5968262640346687, 0.5004994258835866]","[-0.04092846073793635, 0.06250864811300426]","[-0.03899811530308411, 0.06373435924289056]","[0.4378881794397731, -0.40960730834837156]",0.13566003504231766
3,240,"[0.377964031236258, 0.7051780627615464]","[0.20033155121842627, 0.8577591891930944]","[0.5967451419210973, 0.500267215593167]","[-0.0404559648925562, 0.06246134840062188]","[-0.03854103919704732, 0.06367727203998691]","[0.4375622213696786, -0.40982169433675875]",0.13570256481218476
3,241,"[0.3780449431660431, 0.7050531400647452]","[0.20033155121842627, 0.8577591891930944]","[0.5966643735864304, 0.5000359527286544]","[-0.039987819994636, 0.06241262464179653]","[-0.03808819086146359, 0.06361883894826503]","[0.4372388608407747, -0.4100343746721815]",0.13574503933239973
3,242,"[0.3781249188060324, 0.7049283148154616]","[0.20033155121842627, 0.8577591891930944]","[0.5965839573815667, 0.4998056333519314]","[-0.03952398902459832, 0.06236249537203979]","[-0.03763953426074951, 0.06355907787908882]","[0.43691807715106856, -0.4102453629270604]",0.1357874571086955
3,243,"[0.3782039667840816, 0.7048035898247175]","[0.20033155121842627, 0.8577591891930944]","[0.59650389166587, 0.4995762535418184]","[-0.03906443526731362, 0.06231097895052147]","[-0.037195033655908594, 0.06349800657246457]","[0.4365998497635769, -0.41045467256579815]",0.13582981668235236
3,244,"[0.3782820956546162, 0.7046789678668164]","[0.20033155121842627, 0.8577591891930944]","[0.5964241748071217, 0.4993478093939963]","[-0.03860912230963549, 0.062258093561588124]","[-0.036754653602130205, 0.06343564259852019]","[0.4362841583050111, -0.41066231694564015]",0.13587211662953017
3,245,"[0.37835931389923544, 0.7045544516796932]","[0.20033155121842627, 0.8577591891930944]","[0.5963448051814709, 0.49912029702092986]","[-0.038158014037956114, 0.0622038572162696]","[-0.03631835894640556, 0.0633720033589718]","[0.435970982564471, -0.4108683093175267]",0.1359143555606111
3,246,"[0.37843562992731133, 0.7044300439652607]","[0.20033155121842627, 0.8577591891930944]","[0.5962657811733872, 0.4988937125517907]","[-0.037711074635781376, 0.062148287753772506]","[-0.035886114825166515, 0.06330710608857854]","[0.4356603024921518, -0.4110726628269399]",0.1359565321195553
3,247,"[0.3785110520765829, 0.7043057473897532]","[0.20033155121842627, 0.8577591891930944]","[0.5961871011756127, 0.49866805213238186]","[-0.03726826858132514, 0.062091402842962745]","[-0.035457886661940274, 0.06324096785658595]","[0.43535209819805953, -0.4112753905147426]",0.13599864498326733
3,248,"[0.3785855886137456, 0.7041815645840672]","[0.20033155121842627, 0.8577591891930944]","[0.5961087635891138, 0.4984433119250615]","[-0.03682956064512358, 0.062033219983834036]","[-0.035033640165024194, 0.06317360556815599]","[0.43504634995073643, -0.4114765053180114]",0.13604069286097412
3,249,"[0.37865924773503584, 0.7040574981440996]","[0.20033155121842627, 0.8577591891930944]","[0.5960307668230349, 0.4982194881086683]","[-0.03639491588766738, 0.06197375650896593]","[-0.03461334132517918, 0.06310503596578676]","[0.43474303817599813, -0.41167602007086257]",0.13608267449361425
3,250,"[0.3787320375668112, 0.7039335506310817]","[0.20033155121842627, 0.8577591891930944]","[0.5959531092946506, 0.49799657687844584]","[-0.035964299657054534, 0.0619130295849684]","[-0.034196956413341195, 0.06303527563071909]","[0.4344421434556789, -0.4118739475052716]",0.13612458865323773
3,251,"[0.37880396616612527, 0.7038097245719117]","[0.20033155121842627, 0.8577591891930944]","[0.5958757894293198, 0.4977745744459685]","[-0.03553767758666046, 0.0618510562139153]","[-0.033784451978352226, 0.06296434098433251]","[0.43414364652638915, -0.4120703002518864]",0.1361664341424172
3,252,"[0.3788750415212986, 0.7036860224594839]","[0.20033155121842627, 0.8577591891930944]","[0.5957988056604389, 0.49755347703906705]","[-0.03511501559282812, 0.061787853234765745]","[-0.03337579484470787, 0.06289224828952927]","[0.43384752827828055, -0.4122650908408336]",0.13620820979366902
3,253,"[0.37894527155248425, 0.7035624467530144]","[0.20033155121842627, 0.8577591891930944]","[0.5957221564293957, 0.4973332809017548]","[-0.0346962798725759, 0.06172343732477399]","[-0.03297095211032475, 0.06281901365210729]","[0.433553769753823, -0.4124583317025191]",0.1362499144688851
3,254,"[0.3790146641122294, 0.7034389998783648]","[0.20033155121842627, 0.8577591891930944]","[0.5956458401855241, 0.49711398229415416]","[-0.03428143690132438, 0.06165782500088633]","[-0.03256989114432429, 0.06274465302212001]","[0.4332623521465895, -0.41265003516842125]",0.13629154705877486
3,255,"[0.37908322698603203, 0.703315684228363]","[0.20033155121842627, 0.8577591891930944]","[0.5955698553860582, 0.49689557749242363]","[-0.033870453430641045, 0.06159103262112899]","[-0.03217257958483566, 0.06266918219522816]","[0.4329732568000524, -0.4128402134718787]",0.1363331064823171
3,256,"[0.3791509678928933, 0.7031925021631207]","[0.20033155121842627, 0.8577591891930944]","[0.5954942004960875, 0.496678062788685]","[-0.033463296486003005, 0.06152307638598177]","[-0.03177898533681539, 0.06259261681403694]","[0.4326864652063883, -0.4130288787488714]",0.136374591686222
3,257,"[0.37921789448586535, 0.7030694560103488]","[0.20033155121842627, 0.8577591891930944]","[0.5954188739885113, 0.49646143449095104]","[-0.03305993336457845, 0.06145397233974249]","[-0.031389076569884655, 0.06251497236942472]","[0.432401959005292, -0.41321604303879544]",0.1364160016444022
3,258,"[0.3792840143525945, 0.7029465480656693]","[0.20033155121842627, 0.8577591891930944]","[0.5953438743439954, 0.49624568892305304]","[-0.03266033163302502, 0.06138373637187803]","[-0.031002821716185125, 0.06243626420185899]","[0.43211971998280174, -0.4134017182852324]",0.13645733535745425
3,259,"[0.37934933501586054, 0.7028237805929255]","[0.20033155121842627, 0.8577591891930944]","[0.5952692000509263, 0.4960308224245699]","[-0.03226445912530632, 0.06131238421836662]","[-0.030620189468249848, 0.06235650750270233]","[0.43183973007013154, -0.41358591633671116]",0.13649859185214847
3,260,"[0.37941386393411114, 0.7027011558244888]","[0.20033155121842627, 0.8577591891930944]","[0.5951948496053685, 0.4958168313507562]","[-0.031872283940526026, 0.06123993146302688]","[-0.030241148776893545, 0.06227571731550746]","[0.4315619713425147, -0.4137686489474651]",0.13653977018092878
3,261,"[0.3794776085019922, 0.7025786759615628]","[0.20033155121842627, 0.8577591891930944]","[0.5951208215110199, 0.49560371207247156]","[-0.031483774440779023, 0.06116639353883711]","[-0.029865668849117954, 0.062193908537301]","[0.43128642601805534, -0.4139499277781824]",0.13658086942142098
3,262,"[0.37954057605087377, 0.7024563431744851]","[0.20033155121842627, 0.8577591891930944]","[0.5950471142791686, 0.49539146097610987]","[-0.031098899249020533, 0.06109178572924292]","[-0.029493719146035657, 0.06211109591985703]","[0.4310130764565896, -0.41412976439675053]",0.13662188867595007
3,263,"[0.3796027738493718, 0.7023341596030267]","[0.20033155121842627, 0.8577591891930944]","[0.5949737264286498, 0.49518007446352896]","[-0.03071762724695166, 0.06101612316945468]","[-0.029125269380809282, 0.06202729407096064]","[0.4307419051585559, -0.41430817027899547]",0.13666282707106653
3,264,"[0.3796642091038657, 0.7022121273566878]","[0.20033155121842627, 0.8577591891930944]","[0.5949006564858028, 0.49496954895198086]","[-0.030339927572922164, 0.060939420847733496]","[-0.028760289516607862, 0.06194251745565943]","[0.4304728947638742, -0.4144851568094139]",0.13670368375708059
3,265,"[0.3797248889590116, 0.7020902485149924]","[0.20033155121842627, 0.8577591891930944]","[0.5948279029844286, 0.4947598808740422]","[-0.02996576961985022, 0.060861693606667315]","[-0.028398749764579956, 0.06185678039750625]","[0.43020602805083397, -0.4146607352819003]",0.13674445790760537
3,266,"[0.3797848204982513, 0.7019685251277791]","[0.20033155121842627, 0.8577591891930944]","[0.5947554644657469, 0.494551066677545]","[-0.029595123033158748, 0.060782956144435976]","[-0.028040620581842035, 0.06177009707979081]","[0.4299412879349912, -0.41483491690046814]",0.13678514871910824
3,267,"[0.3798440107443176, 0.7018469592154902]","[0.20033155121842627, 0.8577591891930944]","[0.5946833394783548, 0.49434310282550753]","[-0.02922795770872853, 0.060703223016065205]","[-0.0276858726694843, 0.06168248154676065]","[0.42967865746807443, -0.4150077127799654]",0.13682575541046976
3,268,"[0.3799024666597351, 0.7017255527694581]","[0.20033155121842627, 0.8577591891930944]","[0.5946115265781846, 0.494135985796066]","[-0.028864243790867324, 0.060622508634671626]","[-0.027334476970591493, 0.06159394770483345]","[0.42941811983689904, -0.4151791339467843]",0.1368662772225515
3,269,"[0.3799601951473168, 0.7016043077521888]","[0.20033155121842627, 0.8577591891930944]","[0.594540024328462, 0.4939297120824063]","[-0.028503951670296006, 0.060540827272696336]","[-0.026986404668280173, 0.06150450932379753]","[0.4291596583622903, -0.41534919133956505]",0.13690671341777078
3,270,"[0.3800172030506574, 0.7014832260976435]","[0.20033155121842627, 0.8577591891930944]","[0.5944688312996651, 0.49372427819269615]","[-0.028147051982150312, 0.060458193063128336]","[-0.026641627183751626, 0.06141418003800342]","[0.4289032564980154, -0.4155178958098946]",0.1369470632796836
3,271,"[0.3800734971546217, 0.7013623097115173]","[0.20033155121842627, 0.8577591891930944]","[0.5943979460694837, 0.4935196806500174]","[-0.027793515603998738, 0.060374620000718235]","[-0.026300116174360844, 0.06132297334754555]","[0.42864889782972404, -0.4156852581229997]",0.13698732611257514
3,272,"[0.3801290841858297, 0.7012415604715159]","[0.20033155121842627, 0.8577591891930944]","[0.5943273672227778, 0.49331591599229896]","[-0.027443313653876783, 0.06029012194318178]","[-0.02596184353169978, 0.06123090261943348]","[0.4283965660738962, -0.4158512889584338]",0.13702750124105723
3,273,"[0.38018397081313743, 0.7011209802276295]","[0.20033155121842627, 0.8577591891930944]","[0.5942570933515372, 0.49311298077224974]","[-0.027096417488336612, 0.06020471261239266]","[-0.025626781379697317, 0.06113798108875379]","[0.42814624507679955, -0.41601599891075947]",0.13706758800967364
3,274,"[0.3802381636481141, 0.7010005708024047]","[0.20033155121842627, 0.8577591891930944]","[0.594187123054842, 0.4929108715572924]","[-0.02675279870051219, 0.06011840559556716]","[-0.02529490207273466, 0.061044221859823]","[0.42789791881345585, -0.4161793984902247]",0.13710758578251248
3,275,"[0.3802916692455151, 0.7008803339912136]","[0.20033155121842627, 0.8577591891930944]","[0.5941174549388218, 0.4927095849294968]","[-0.02641242911820067, 0.0600312143464365]","[-0.024966178193774446, 0.06094963790732888]","[0.42765157138661347, -0.4163414981234337]",0.137147493942825
3,276,"[0.3803444941037515, 0.7007602715625207]","[0.20033155121842627, 0.8577591891930944]","[0.5940480876166163, 0.49250911748551407]","[-0.02607528080195882, 0.05994315218641164]","[-0.024640582552506285, 0.060854242077464815]","[0.42740718702572966, -0.41650230815401335]",0.13718731189265224
3,277,"[0.3803966446653554, 0.7006403852581479]","[0.20033155121842627, 0.8577591891930944]","[0.5939790197083354, 0.4923094658365115]","[-0.025741326043214444, 0.059854232305737304]","[-0.024318088183505893, 0.06075804708905258]","[0.4271647500859601, -0.4166618388432728]",0.13722703905245753
3,278,"[0.3804481273174418, 0.7005206767935364]","[0.20033155121842627, 0.8577591891930944]","[0.5939102498410208, 0.49211062660810656]","[-0.025410537362393366, 0.0597644677646366]","[-0.02399866834441111, 0.060661065534657665]","[0.426924245047158, -0.4168201003708596]",0.13726667486076674
3,279,"[0.3804989483921666, 0.7004011478580071]","[0.20033155121842627, 0.8577591891930944]","[0.5938417766486059, 0.4919125964403026]","[-0.025082887507061866, 0.05967387149444624]","[-0.023682296514110246, 0.06056330988169362]","[0.4266856565128787, -0.416977102835409]",0.13730621877381377
3,280,"[0.3805491141671807, 0.7002818001150182]","[0.20033155121842627, 0.8577591891930944]","[0.593773598771878, 0.4917153719874237]","[-0.0247583494500829, 0.05958245629874195]","[-0.023368946390946332, 0.06046479247351766]","[0.42644896920939457, -0.4171328562551889]",0.1373456702651937
3,281,"[0.38059863086608087, 0.7001626352024207]","[0.20033155121842627, 0.8577591891930944]","[0.5937057148584393, 0.4915189499180508]","[-0.024436896387788242, 0.05949023485445547]","[-0.023058591890935953, 0.06036552553051866]","[0.4262141679847168, -0.4172873705687399]",0.13738502882552153
3,282,"[0.38064750465885644, 0.7000436547327118]","[0.20033155121842627, 0.8577591891930944]","[0.5936381235626687, 0.49132332691495717]","[-0.02411850173816516, 0.059397219712980634]","[-0.02275120714600165, 0.06026552115119321]","[0.4259812378076244, -0.41744065563550925]",0.13742429396209743
3,283,"[0.3806957416623328, 0.6999248602932858]","[0.20033155121842627, 0.8577591891930944]","[0.5935708235456835, 0.49112849967504524]","[-0.023803139139057124, 0.05930342330127222]","[-0.022446766502218274, 0.060164791313216004]","[0.4257501637667014, -0.41759272123648117]",0.13746346519857777
3,284,"[0.3807433479406109, 0.6998062534466832]","[0.20033155121842627, 0.8577591891930944]","[0.5935038134753023, 0.49093446490928294]","[-0.023490782446379088, 0.059208857922933976]","[-0.022145244518075424, 0.060063347874498296]","[0.42552093106938293, -0.4177435770748006]",0.13750254207465273
3,285,"[0.3807903295055036, 0.6996878357308374]","[0.20033155121842627, 0.8577591891930944]","[0.5934370920260073, 0.4907412193426407]","[-0.02318140573234797, 0.05911353575929879]","[-0.021846615962751836, 0.059961202574240036]","[0.42529352504100726, -0.41789323277639334]",0.13754152414572923
3,286,"[0.3808366923169683, 0.6995696086593187]","[0.20033155121842627, 0.8577591891930944]","[0.5933706578789057, 0.49054875971402856]","[-0.02287498328372634, 0.059017468870498795]","[-0.021550855814403302, 0.059858367033971016]","[0.42506793112387486, -0.4180416978905803]",0.1375804109826198
3,287,"[0.3808824422835358, 0.6994515737215777]","[0.20033155121842627, 0.8577591891930944]","[0.5933045097216948, 0.490357082776234]","[-0.022571489600080603, 0.05892066919652781]","[-0.021257939258467196, 0.05975485275858544]","[0.424844134876318, -0.41818898189068743]",0.1376192021712374
3,288,"[0.38092758526273596, 0.6993337323831846]","[0.20033155121842627, 0.8577591891930944]","[0.5932386462486232, 0.49016618529585937]","[-0.022270899392053612, 0.05882314855829337]","[-0.020967841685977706, 0.05965067113736605]","[0.4246221219717745, -0.41833509417465053]",0.13765789731229544
3,289,"[0.38097212706152006, 0.699216086086068]","[0.20033155121842627, 0.8577591891930944]","[0.5931730661604556, 0.48997606405326033]","[-0.02197318757965037, 0.058724918658661786]","[-0.020680538691896455, 0.05954583344500114]","[0.4244018781978711, -0.41848004406561534]",0.13769649602101372
3,290,"[0.38101607343667937, 0.6990986362487507]","[0.20033155121842627, 0.8577591891930944]","[0.5931077681644354, 0.48978671584248423]","[-0.021678329290538256, 0.058625991083493055]","[-0.020396006073454764, 0.059440350842592304]","[0.42418338945551215, -0.4186238408125329]",0.13773499792682908
3,291,"[0.38105943009526044, 0.6989813842665837]","[0.20033155121842627, 0.8577591891930944]","[0.5930427509742491, 0.48959813747120884]","[-0.02138629985836062, 0.05852637730266784]","[-0.020114219828511193, 0.059334234378653594]","[0.42396664175797727, -0.4187664935907498]",0.1377734026731121
3,292,"[0.3811022026949772, 0.6988643315119784]","[0.20033155121842627, 0.8577591891930944]","[0.59297801330999, 0.48941032576068116]","[-0.02109707482106373, 0.05842608867110544]","[-0.01983515615392123, 0.059227494990102936]","[0.42375162123002563, -0.4189080115025944]",0.13781170991688863
3,293,"[0.3811443968446193, 0.6987474793346361]","[0.20033155121842627, 0.8577591891930944]","[0.592913553898123, 0.48922327754565725]","[-0.02081062991923767, 0.05832513642977434]","[-0.019558791443920476, 0.05912014350324546]","[0.42353831410700726, -0.4190484035779577]",0.13784991932856622
3,294,"[0.3811860181044578, 0.6986308290617765]","[0.20033155121842627, 0.8577591891930944]","[0.5928493714714484, 0.48903698967434156]","[-0.020526941094469946, 0.058223531706692734]","[-0.01928510228852015, 0.05901219063474733]","[0.4233267067339813, -0.41918767877486995]",0.13788803059166596
3,295,"[0.38122707198664674, 0.6985143819983631]","[0.20033155121842627, 0.8577591891930944]","[0.5927854647690678, 0.4888514590083266]","[-0.020245984487713236, 0.05812128551792193]","[-0.019014065471916974, 0.05890364699260331]","[0.4231167855648421, -0.41932584598007305]",0.1379260434025592
3,296,"[0.38126756395562217, 0.6983981394273273]","[0.20033155121842627, 0.8577591891930944]","[0.5927218325363477, 0.4886666824225337]","[-0.0199677364376654, 0.058018408768551175]","[-0.018745657970914154, 0.05879452307709443]","[0.42290853716145105, -0.41946291400958724]",0.1379639574702089
3,297,"[0.3813074994284975, 0.6982821026097902]","[0.20033155121842627, 0.8577591891930944]","[0.5926584735248852, 0.4884826568051529]","[-0.019692173479163078, 0.05791491225367372]","[-0.01847985695335541, 0.05868482928173874]","[0.4227019481927754, -0.41959889160927455]",0.13800177251591544
3,298,"[0.38134688377545584, 0.6981662727852829]","[0.20033155121842627, 0.8577591891930944]","[0.592595386492474, 0.48829937905758436]","[-0.019419272341587666, 0.05781080665935603]","[-0.018216639776573618, 0.05857457589423437]","[0.42249700543403634, -0.419733787455397]",0.13803948827306833
3,299,"[0.381385722320139, 0.6980506511719642]","[0.20033155121842627, 0.8577591891930944]","[0.592532570203069, 0.4881168460943789]","[-0.019149009947284974, 0.05770610256359695]","[-0.017955983985848578, 0.0584637730973932]","[0.42229369576586007, -0.4198676101551706]",0.13807710448690075
3,300,"[0.3814240203400336, 0.697935238966837]","[0.20033155121842627, 0.8577591891930944]","[0.592470023426753, 0.48793505484317967]","[-0.018881363409996695, 0.057600810437280776]","[-0.017697867312880367, 0.058352430970068314]","[0.4220920061734389, -0.42000036824731457]",0.13811462091425009
3,301,"[0.3814617830668536, 0.6978200373459624]","[0.20033155121842627, 0.8577591891930944]","[0.5924077449397022, 0.48775400224466375]","[-0.01861631003330525, 0.05749494064512177]","[-0.01744226767427287, 0.05824055948807377]","[0.4218919237456972, -0.42013207020259735]",0.13815203732332215
3,302,"[0.3814990156869202, 0.6977050474646722]","[0.20033155121842627, 0.8577591891930944]","[0.5923457335241524, 0.48757368525248385]","[-0.018353827309090395, 0.0573885034465997]","[-0.01718916317003022, 0.05812816852509478]","[0.4216934356744645, -0.42026272442437673]",0.13818935349345984
3,303,"[0.38153572334153835, 0.697590270457779]","[0.20033155121842627, 0.8577591891930944]","[0.5922839879683659, 0.48739410083321066]","[-0.018093892915999228, 0.057281508996889115]","[-0.01693853208206547, 0.05801526785359229]","[0.4214965292536551, -0.42039233924913666]",0.13822656921491613
3,304,"[0.3815719111273703, 0.6974757074397853]","[0.20033155121842627, 0.8577591891930944]","[0.5922225070665978, 0.48721524596627563]","[-0.017836484717927228, 0.05717396734778048]","[-0.01669035287272147, 0.05790186714569917]","[0.42130119187845505, -0.42052092294701926]",0.13826368428863137
3,305,"[0.3816075840968062, 0.6973613595050897]","[0.20033155121842627, 0.8577591891930944]","[0.5921612896190633, 0.4870371176439131]","[-0.017581580762512802, 0.057065888448592346]","[-0.016444604183303124, 0.05778797597410862]","[0.4211074110445143, -0.4206484837223532]",0.13830069852601448
3,306,"[0.3816427472583312, 0.6972472277281925]","[0.20033155121842627, 0.8577591891930944]","[0.5921003344319042, 0.48685971287110374]","[-0.017329159279643236, 0.056957282147077765]","[-0.01620126483262163, 0.057673603812956]","[0.4209151743471461, -0.42077502971417746]",0.13833761174872844
3,307,"[0.3816774055768905, 0.6971333131638984]","[0.20033155121842627, 0.8577591891930944]","[0.5920396403171564, 0.48668302866551805]","[-0.017079198679972853, 0.05684815819032233]","[-0.01596031381555013, 0.05755876003869265]","[0.42072446948053177, -0.42090056899676065]",0.13837442378847908
3,308,"[0.38171156397425043, 0.6970196168475177]","[0.20033155121842627, 0.8577591891930944]","[0.5919792060927176, 0.48650706205745925]","[-0.016831677553453044, 0.05673852622563359]","[-0.015721730301592574, 0.05744345393095185]","[0.4205352842369343, -0.42102510958011685]",0.13841113448680922
3,309,"[0.38174522732935734, 0.6969061397950664]","[0.20033155121842627, 0.8577591891930944]","[0.5919190305823147, 0.48633181008980786]","[-0.016586574667873954, 0.05662839580142553]","[-0.015485493633461023, 0.057327694673409646]","[0.42034760650591463, -0.42114865941051716]",0.1384477436948948
3,310,"[0.3817784004786931, 0.6967928830034635]","[0.20033155121842627, 0.8577591891930944]","[0.5918591126154717, 0.4861572698179652]","[-0.01634386896741847, 0.05651777636809276]","[-0.015251583325667895, 0.05721149135463538]","[0.4201614242735573, -0.4212712263709967]",0.1384842512733462
3,311,"[0.38181108821662796, 0.6966798474507273]","[0.20033155121842627, 0.8577591891930944]","[0.5917994510274786, 0.48598343830979834]","[-0.01610353957122729, 0.05640667727888018]","[-0.015019979063127686, 0.05709485296893807]","[0.4199767256217012, -0.42139281828185793]",0.13852065709201278
3,312,"[0.38184329529577044, 0.6965670340961696]","[0.20033155121842627, 0.8577591891930944]","[0.5917400446593581, 0.48581031264558444]","[-0.01586556577197582, 0.056295107790743135]","[-0.014790660699769587, 0.0569777884172038]","[0.4197934987271754, -0.4215134429011703]",0.1385569610297906
3,313,"[0.3818750264273144, 0.6964544438805881]","[0.20033155121842627, 0.8577591891930944]","[0.5916808923578356, 0.4856378899179554]","[-0.015629927034462456, 0.05618307706520117]","[-0.014563608257161909, 0.05686030650772628]","[0.4196117318610424, -0.4216331079252653]",0.13859316297443458
3,314,"[0.38190628628138334, 0.6963420777264577]","[0.20033155121842627, 0.8577591891930944]","[0.5916219929753069, 0.48546616723184377]","[-0.01539660299420826, 0.05607059416918559]","[-0.014338801923148348, 0.05674241595703189]","[0.4194314133878472, -0.4217518209892279]",0.13862926282237342
3,315,"[0.38193707948737177, 0.6962299365381194]","[0.20033155121842627, 0.8577591891930944]","[0.5915633453698076, 0.48529514170442745]","[-0.01516557345606791, 0.055957668075878216]","[-0.01411622205049351, 0.05662412539069556]","[0.41925253176487165, -0.42186958966738386]",0.13866526047852834
3,316,"[0.3819674106342839, 0.6961180212019676]","[0.20033155121842627, 0.8577591891930944]","[0.5915049484049819, 0.48512481046507583]","[-0.014936818392851783, 0.055844307665544254]","[-0.013895849155541151, 0.05650544334415186]","[0.419075075541396, -0.4219864214737836]",0.13870115585613504
3,317,"[0.3819972842710696, 0.6960063325866366]","[0.20033155121842627, 0.8577591891930944]","[0.5914468009500518, 0.4849551706552957]","[-0.014710317943959213, 0.055730521726358104]","[-0.013677663916881244, 0.05638637826349807]","[0.4188990333579643, -0.42210232386268176]",0.138736948876569
3,318,"[0.3820267049069575, 0.6958948715431839]","[0.20033155121842627, 0.8577591891930944]","[0.5913889018797869, 0.4847862194286773]","[-0.014486052414022548, 0.05561631895522166]","[-0.013461647174030422, 0.05626693850629089]","[0.41872439394565875, -0.42221730422901316]",0.1387726394691743
3,319,"[0.38205567701178555, 0.6957836389052734]","[0.20033155121842627, 0.8577591891930944]","[0.5913312500744736, 0.48461795395084084]","[-0.014264002271562692, 0.055501707958576396]","[-0.013247779926119974, 0.0561471323423367]","[0.41855114612537614, -0.4223313699088651]",0.13880822757109512
3,320,"[0.38208420501632867, 0.6956726354893562]","[0.20033155121842627, 0.8577591891930944]","[0.5912738444198854, 0.4844503713993835]","[-0.014044148147654579, 0.05538669725320847]","[-0.013036043330597324, 0.05602696795447454]","[0.41837927880711345, -0.4224445281799454]",0.1388437131271108
3,321,"[0.382112293312624, 0.6955618620948498]","[0.20033155121842627, 0.8577591891930944]","[0.5912166838072522, 0.48428346896382624]","[-0.01382647083460433, 0.055271295267046945]","[-0.01282641870193546, 0.05590645343935341]","[0.4182087809892565, -0.4225567862620472]",0.13887909608947374
3,322,"[0.3821399462542932, 0.6954513195043157]","[0.20033155121842627, 0.8577591891930944]","[0.5911597671332312, 0.48411724384556065]","[-0.01361095128463649, 0.05515551033995472]","[-0.012618887510354448, 0.05578559680820183]","[0.4180396417578759, -0.4226681513175101]",0.13891437641775073
3,323,"[0.38216716815686247, 0.6953410084836358]","[0.20033155121842627, 0.8577591891930944]","[0.5911030932998769, 0.4839516932577971]","[-0.013397570608591883, 0.055039350724514546]","[-0.012413431380553563, 0.055664405987592536]","[0.4178718502860288, -0.4227786304516774]",0.13894955407866671
3,324,"[0.38219396329807964, 0.6952309297821867]","[0.20033155121842627, 0.8577591891930944]","[0.5910466612146115, 0.4837868144255121]","[-0.01318631007463624, 0.05492282458680669]","[-0.012210032090450573, 0.05554288882019903]","[0.41770539583306365, -0.42288823071334924]",0.13898462904595166
3,325,"[0.3822203359182289, 0.6951210841330131]","[0.20033155121842627, 0.8577591891930944]","[0.5909904697901961, 0.4836226045853965]","[-0.012977151106978828, 0.0548059400071811]","[-0.01200867156993568, 0.05542105306554734]","[0.4175402677439344, -0.42299695909523316]",0.1390196013001906
3,326,"[0.3822462902204429, 0.6950114722529988]","[0.20033155121842627, 0.8577591891930944]","[0.5909345179447013, 0.48345906098580355]","[-0.012770075284601851, 0.054688704981022296]","[-0.011809331899632014, 0.055298906400760184]","[0.41737645544851687, -0.4231048225343904]",0.1390544708286761
3,327,"[0.3822718303710121, 0.6949020948430367]","[0.20033155121842627, 0.8577591891930944]","[0.5908788046014782, 0.48329618088669724]","[-0.012565064339999677, 0.05457112741950858]","[-0.011611995309667444, 0.055176456421295594]","[0.4172139484609323, -0.42321182791267886]",0.1390892376252637
3,328,"[0.3822969604996921, 0.6947929525881976]","[0.20033155121842627, 0.8577591891930944]","[0.5908233286891299, 0.48313396155960153]","[-0.012362100157928636, 0.054453215150365]","[-0.011416644178456448, 0.05505371064167952]","[0.41705273637887563, -0.4233179820571922]",0.13912390169023003
3,329,"[0.38232168470000794, 0.6946840461578969]","[0.20033155121842627, 0.8577591891930944]","[0.5907680891414829, 0.4829724002875489]","[-0.012161164774166379, 0.054334975918608766]","[-0.011223261031491683, 0.05493067649623157]","[0.41689280888295, -0.42342329174069604]",0.13915846303013354
3,330,"[0.3823460070295563, 0.6945753762060597]","[0.20033155121842627, 0.8577591891930944]","[0.5907130848975586, 0.48281149436502957]","[-0.011962240374281698, 0.05421641738728979]","[-0.011031828540144117, 0.05480736133978492]","[0.4167341557360046, -0.42352776368206024]",0.13919292165767802
3,331,"[0.38236993151030485, 0.6944669433712851]","[0.20033155121842627, 0.8577591891930944]","[0.590658314901545, 0.4826512410979413]","[-0.011765309292414188, 0.054097547138224254]","[-0.010842329520475091, 0.05468377244840045]","[0.41657676678248023, -0.4236314045466877]",0.13922727759157824
3,332,"[0.3823934621288897, 0.6943587482770087]","[0.20033155121842627, 0.8577591891930944]","[0.5906037781027691, 0.4824916378035387]","[-0.011570354010063203, 0.05397837267272225]","[-0.010654746932056092, 0.05455991702007479]","[0.4164206319477588, -0.42373422094694]",0.13926153085642895
3,333,"[0.3824166028369098, 0.6942507915316632]","[0.20033155121842627, 0.8577591891930944]","[0.5905494734556685, 0.4823326818103834]","[-0.011377357154887562, 0.05385890141230884]","[-0.010469063876798634, 0.05443580217544153]","[0.4162657412375175, -0.42383621944255967]",0.13929568148257532
3,334,"[0.3824393575512196, 0.6941430737288387]","[0.20033155121842627, 0.8577591891930944]","[0.5904953999197643, 0.4821743704582942]","[-0.011186301499513959, 0.053739140699440316]","[-0.010285263597793803, 0.05431143495846863]","[0.4161120847370894, -0.4239374065410889]",0.13932972950598682
3,335,"[0.38246173015421864, 0.6940355954474398]","[0.20033155121842627, 0.8577591891930944]","[0.5904415564596326, 0.4820167010982973]","[-0.010997169960355713, 0.0536190977982127]","[-0.010103329478160394, 0.05418682233714722]","[0.4159596526108279, -0.4240377886982849]",0.13936367496813257
3,336,"[0.38248372449413937, 0.6939283572518433]","[0.20033155121842627, 0.8577591891930944]","[0.5903879420448783, 0.4818596710925772]","[-0.010809945596440206, 0.05349877989506571]","[-0.009923245039903938, 0.05406197120417694]","[0.4158084351014779, -0.4241373723185322]",0.13939751791585994
3,337,"[0.38250534438533224, 0.6938213596920532]","[0.20033155121842627, 0.8577591891930944]","[0.590334555650107, 0.48170327781442746]","[-0.010624611608247065, 0.05337819409948]","[-0.009744993942782554, 0.05393688837764393]","[0.41565842252954943, -0.4242361637552514]",0.1394312584012744
3,338,"[0.38252659360854874, 0.6937146033038541]","[0.20033155121842627, 0.8577591891930944]","[0.5902813962548985, 0.48154751864820156]","[-0.010441151336554023, 0.05325734744466871]","[-0.009568559983184677, 0.053811580601694275]","[0.41550960529269954, -0.4243341693113052]",0.1394648964816232
3,339,"[0.38254747591122185, 0.6936080886089648]","[0.20033155121842627, 0.8577591891930944]","[0.5902284628437797, 0.4813923909892649]","[-0.010259548261293668, 0.05313624688826397]","[-0.009393927093013066, 0.05368605454720088]","[0.41536197386511575, -0.4244313952393999]",0.13949843221917904
3,340,"[0.3825679950077444, 0.6935018161151884]","[0.20033155121842627, 0.8577591891930944]","[0.5901757544061982, 0.48123789224394564]","[-0.010079786000418338, 0.053014899312995745]","[-0.009221079338580518, 0.0535603168124249]","[0.41521551879690755, -0.4245278477424854]",0.13953186568112838
3,341,"[0.38258815457974527, 0.6933957863165624]","[0.20033155121842627, 0.8577591891930944]","[0.5901232699364951, 0.4810840198294869]","[-0.009901848308774896, 0.05289331152736694]","[-0.009050000919511747, 0.05343437392367201]","[0.4150702307134997, -0.424623532974151]",0.13956519693946004
3,342,"[0.3826079582763628, 0.6932899996935077]","[0.20033155121842627, 0.8577591891930944]","[0.5900710084338794, 0.4809307711739985]","[-0.009725719076988047, 0.05277149026632189]","[-0.008880676167656865, 0.05330823233594317]","[0.4149261003150332, -0.42471845703901834]",0.13959842607085673
3,343,"[0.38262740971451675, 0.693184456712975]","[0.20033155121842627, 0.8577591891930944]","[0.5900189689024011, 0.48077814371640976]","[-0.009551382330352536, 0.05264944219190931]","[-0.00871308954601091, 0.05318189843357879]","[0.41478311837576876, -0.4248126259931305]",0.13963155315658843
3,344,"[0.38264651247917747, 0.6930791578285912]","[0.20033155121842627, 0.8577591891930944]","[0.5899671503509256, 0.4806261349064214]","[-0.009378822227735248, 0.05252717389393982]","[-0.008547225647644263, 0.05305537853089931]","[0.4146412757434963, -0.42490604584433955]",0.13966457828240783
3,345,"[0.38266527012363294, 0.6929741034808033]","[0.20033155121842627, 0.8577591891930944]","[0.5899155517931078, 0.4804747422044586]","[-0.009208023060484856, 0.05240469189063753]","[-0.00838306919464149, 0.05292867887283853]","[0.4145005633389498, -0.42499872255268945]",0.13969750153844807
3,346,"[0.3826836861697539, 0.692869294097022]","[0.20033155121842627, 0.8577591891930944]","[0.5898641722473661, 0.4803239630816236]","[-0.009038969251351439, 0.052282002629286325]","[-0.008220605037046691, 0.05280180563557252]","[0.4143609721552244, -0.4250906620307968]",0.13973032301912178
3,347,"[0.3827017641082566, 0.6927647300917634]","[0.20033155121842627, 0.8577591891930944]","[0.5898130107368568, 0.48017379501964935]","[-0.008871645353413822, 0.05215911248687147]","[-0.008059818151819553, 0.052674764927143514]","[0.4142224932572003, -0.42518187014422815]",0.1397630428230226
3,348,"[0.38271950739896343, 0.6926604118667897]","[0.20033155121842627, 0.8577591891930944]","[0.5897620662894488, 0.4800242355108523]","[-0.008706036049016562, 0.05203602777071447]","[-0.007900693641799406, 0.052547562788078095]","[0.4140851177809708, -0.4252723527118748]",0.1397956610528283
3,349,"[0.3827369194710615, 0.6925563398112483]","[0.20033155121842627, 0.8577591891930944]","[0.5897113379376985, 0.4798752820580864]","[-0.008542126148714269, 0.0519127547191031]","[-0.007743216734676206, 0.052420205191999414]","[0.413948836933274, -0.42536211550632386]",0.13982817781520607
3,350,"[0.3827540037233589, 0.6924525143018101]","[0.20033155121842627, 0.8577591891930944]","[0.5896608247188241, 0.47972693217469653]","[-0.008379900590225822, 0.051789299501916713]","[-0.007587372781972135, 0.05229269804623593]","[0.4138136419909304, -0.42545116425422713]",0.13986059322071906
3,351,"[0.3827707635245393, 0.6923489357028063]","[0.20033155121842627, 0.8577591891930944]","[0.5896105256746813, 0.4795791833844731]","[-0.008219344437395807, 0.05166566822124568]","[-0.0074331472580295155, 0.052165047192423764]","[0.413679524300284, -0.42553950463666645]",0.1398929073837353
3,352,"[0.3827872022134141, 0.6922456043663638]","[0.20033155121842627, 0.8577591891930944]","[0.5895604398517382, 0.4794320332216056]","[-0.00806044287916499, 0.051541866912005345]","[-0.007280525759007728, 0.052037258407103826]","[0.41354647527664823, -0.4256271422895165]",0.13992512042233807
3,353,"[0.3828033230991724, 0.6921425206325398]","[0.20033155121842627, 0.8577591891930944]","[0.5895105663010503, 0.47928547923063763]","[-0.007903181228549565, 0.0514179015425455]","[-0.007129494001887837, 0.05190933740231474]","[0.41341448640375567, -0.4257140828038043]",0.13995723245823788
3,354,"[0.3828191294616295, 0.6920396848294547]","[0.20033155121842627, 0.8577591891930944]","[0.5894609040782364, 0.47913951896642126]","[-0.007747544921626949, 0.051293778015254365]","[-0.006980037823485941, 0.05178128982618074]","[0.41328354923321375, -0.4258003317260668]",0.13998924361668652
3,355,"[0.38283462455147277, 0.6919370972734241]","[0.20033155121842627, 0.8577591891930944]","[0.5894114522434541, 0.47899414999407197]","[-0.007593519516531734, 0.05116950216715727]","[-0.006832143179473504, 0.05165312126349342]","[0.41315365538396276, -0.4258858945587043]",0.14002115402639248
3,356,"[0.38284981159050585, 0.6918347582690898]","[0.20033155121842627, 0.8577591891930944]","[0.5893622098613756, 0.4788493698889238]","[-0.0074410906924586104, 0.051045079770510655]","[-0.0066857961434063085, 0.0515248372362897]","[0.4130247965417394, -0.425970776760332]",0.1400529638194378
3,357,"[0.38286469377189075, 0.6917326681095488]","[0.20033155121842627, 0.8577591891930944]","[0.5893131760011632, 0.47870517623648456]","[-0.007290244248673516, 0.050920516533390706]","[-0.006540982905761439, 0.05139644320442455]","[0.41289696445854485, -0.4260549837461285]",0.14008467313119718
3,358,"[0.3828792742603881, 0.691630827076482]","[0.20033155121842627, 0.8577591891930944]","[0.589264349736446, 0.47856156663239124]","[-0.007140966103532636, 0.05079581810027707]","[-0.006397689772980664, 0.05126794456613887]","[0.4127701509521159, -0.4261385208881816]",0.140116282100258
3,359,"[0.38289355619259513, 0.6915292354402814]","[0.20033155121842627, 0.8577591891930944]","[0.5892157301452958, 0.47841853868236595]","[-0.006993242293509906, 0.05067099005263184]","[-0.006255903166523524, 0.051139346658622076]","[0.4126443479054014, -0.426221393515831]",0.1401477908683422
3,360,"[0.38290754267718213, 0.6914278934601762]","[0.20033155121842627, 0.8577591891930944]","[0.5891673163102031, 0.47827609000217197]","[-0.00684705897223165, 0.05054603790947405]","[-0.006115609621926088, 0.051010654758571305]","[0.412519547266042, -0.42630360691600844]",0.14017919958022942
3,361,"[0.3829212367951266, 0.6913268013843572]","[0.20033155121842627, 0.8577591891930944]","[0.5891191073180544, 0.4781342182175693]","[-0.006702402409519427, 0.05042096712794761]","[-0.005976795787869471, 0.05088187408274397]","[0.41239574104585563, -0.4263851663335758]",0.14021050838368224
3,362,"[0.3829346415999456, 0.6912259594501013]","[0.20033155121842627, 0.8577591891930944]","[0.5890711022601081, 0.4779929209642718]","[-0.006559258990440445, 0.05029578310388697]","[-0.005839448425253746, 0.050753009788507164]","[0.4122729213203249, -0.42646607697165906]",0.14024171742937197
3,363,"[0.3829477601179265, 0.6911253678838936]","[0.20033155121842627, 0.8577591891930944]","[0.5890233002319711, 0.47785219588790295]","[-0.006417615214365892, 0.05017049117237528]","[-0.005703554406280009, 0.05062406697438154]","[0.41215108022808933, -0.4265463439919812]",0.14027282687080653
3,364,"[0.3829605953483552, 0.6910250269015488]","[0.20033155121842627, 0.8577591891930944]","[0.5889757003335769, 0.477712040643953]","[-0.006277457694036418, 0.05004509660830014]","[-0.005569100713541331, 0.05049505068058119]","[0.4120302099704435, -0.4266259725151915]",0.14030383686425965
3,365,"[0.3829731502637433, 0.6909249367083322]","[0.20033155121842627, 0.8577591891930944]","[0.5889283016691613, 0.47757245289773614]","[-0.006138773154635333, 0.04991960462690383]","[-0.005436074439118421, 0.05036596588954867]","[0.41191030281083607, -0.42670496762119214]",0.1403347475687011
3,366,"[0.38298542781005257, 0.6908250974990784]","[0.20033155121842627, 0.8577591891930944]","[0.5888811033472402, 0.47743343032434693]","[-0.00600154843286999, 0.04979402038432732]","[-0.005304462783685127, 0.050236817526484734]","[0.41179135107437526, -0.4267833343494629]",0.1403655591457288
3,367,"[0.3829974309069183, 0.6907255094583097]","[0.20033155121842627, 0.8577591891930944]","[0.5888341044805867, 0.4772949706086185]","[-0.005865770476059183, 0.04966834897815255]","[-0.005174253055619138, 0.05010761045987483]","[0.41167334714733683, -0.4268610776993824]",0.14039627175950148
3,368,"[0.3830091624478704, 0.6906261727603534]","[0.20033155121842627, 0.8577591891930944]","[0.588787304186209, 0.47715707144507946]","[-0.005731426341228819, 0.049542595447938306]","[-0.005045432670121086, 0.0499783495020113]","[0.41155628347667705, -0.42693820263054794]",0.14042688557667377
3,369,"[0.38302062530055286, 0.6905270875694576]","[0.20033155121842627, 0.8577591891930944]","[0.5887407015853272, 0.47701973053791186]","[-0.005598503194215121, 0.04941676477575103]","[-0.004917989148340629, 0.049849039409508744]","[0.4114401525695487, -0.42701471406309144]",0.1404574007663315
3,370,"[0.38303182230694127, 0.690428254039906]","[0.20033155121842627, 0.8577591891930944]","[0.588694295803352, 0.4768829456009091]","[-0.005466988308774515, 0.049290861886692856]","[-0.004791910116509257, 0.049719684883817894]","[0.4113249469928214, -0.4270906168779939]",0.14048781749992872
3,371,"[0.3830427562835588, 0.6903296723161326]","[0.20033155121842627, 0.8577591891930944]","[0.5886480859698617, 0.4767467143574342]","[-0.005336869065700654, 0.04916489164942396]","[-0.004667183305080147, 0.0495902905717337]","[0.4112106593726058, -0.42716591591739683]",0.14051813595122617
3,372,"[0.38305343002169023, 0.6902313425328338]","[0.20033155121842627, 0.8577591891930944]","[0.5886020712185807, 0.47661103454037823]","[-0.005208132951949145, 0.049038858876681135]","[-0.0045437965478748454, 0.04946086106589892]","[0.41109728239378085, -0.42724061598491114]",0.14054835629623008
3,373,"[0.38306384628759416, 0.6901332648150804]","[0.20033155121842627, 0.8577591891930944]","[0.5885562506873568, 0.4764759038921181]","[-0.005080767559768936, 0.04891276832579066]","[-0.004421737781237056, 0.04933140090530436]","[0.41098480879952537, -0.42731472184592467]",0.14057847871313364
3,374,"[0.38307400782271367, 0.6900354392784288]","[0.20033155121842627, 0.8577591891930944]","[0.588510623518141, 0.47634132016447617]","[-0.004954760585840608, 0.04878662469917881]","[-0.004300995043194367, 0.049201914575783656]","[0.41087323139085463, -0.4273882382279053]",0.14060850338225814
3,375,"[0.38308391734388536, 0.6899378660290304]","[0.20033155121842627, 0.8577591891930944]","[0.5884651888569641, 0.4762072811186788]","[-0.004830099830421937, 0.04866043264487653]","[-0.004181556472623527, 0.04907240651050493]","[0.41076254302615745, -0.42746116982070315]",0.140638430485996
3,376,"[0.3830935775435462, 0.6898405451637406]","[0.20033155121842627, 0.8577591891930944]","[0.5884199458539163, 0.47607378452531546]","[-0.004706773196500086, 0.048534196757020344]","[-0.004063410308426274, 0.0489428810904578]","[0.4106527366207402, -0.4275335212768503]",0.140668260208755
3,377,"[0.3831029910899392, 0.6897434767702265]","[0.20033155121842627, 0.8577591891930944]","[0.5883748936631259, 0.47594082816429784]","[-0.004584768688951034, 0.04840792157634871]","[-0.003946544888710102, 0.048813342644935975]","[0.41054380514637334, -0.42760529721185736]",0.14069799273690337
3,378,"[0.3831121606273171, 0.6896466609270738]","[0.20033155121842627, 0.8577591891930944]","[0.5883300314427371, 0.47580840982481964]","[-0.0044640744137054034, 0.04828161159069489]","[-0.0038309486499742973, 0.04868379545201651]","[0.41043574163083996, -0.42767650220450837]",0.14072762825871565
3,379,"[0.38312108877614454, 0.6895500977038924]","[0.20033155121842627, 0.8577591891930944]","[0.5882853583548897, 0.47567652730531595]","[-0.0043446785769209574, 0.04815527123547446]","[-0.003716610126304809, 0.048554243739033776]","[0.41032853915749035, -0.4277471407971529]",0.14075716696432056
3,380,"[0.3831297781332984, 0.6894537871614215]","[0.20033155121842627, 0.8577591891930944]","[0.5882408735656979, 0.47554517841342336]","[-0.004226569484162215, 0.04802890489416992]","[-0.003603517948574775, 0.04842469168305086]","[0.41022219086479894, -0.4278172174959962]",0.14078660904564883
3,381,"[0.3831382312722667, 0.6893577293516331]","[0.20033155121842627, 0.8577591891930944]","[0.5881965762452295, 0.47541436096593986]","[-0.00410973553958657, 0.04790251689881011]","[-0.0034916608436521557, 0.04829514341132529]","[0.41011668994592554, -0.42788673677138644]",0.1408159546963828
3,382,"[0.38314645074334586, 0.6892619243178355]","[0.20033155121842627, 0.8577591891930944]","[0.5881524655674848, 0.4752840727887852]","[-0.0039941652451364355, 0.04777611153044658]","[-0.0033810276336109224, 0.04816560300177286]","[0.4100120296482779, -0.4279557030581006]",0.14084520411190662
3,383,"[0.3831544390738361, 0.6891663720947746]","[0.20033155121842627, 0.8577591891930944]","[0.5881085407103765, 0.4751543117169609]","[-0.0038798471997389125, 0.047649693019624524]","[-0.0032716072349531222, 0.04803607448342523]","[0.40990820327308086, -0.42802412075562746]",0.14087435748925775
3,384,"[0.3831621987682356, 0.6890710727087354]","[0.20033155121842627, 0.8577591891930944]","[0.5880648008557088, 0.47502507559451135]","[-0.0037667700985107733, 0.04752326554685142]","[-0.0031633886578331105, 0.04790656183688524]","[0.40980520417494637, -0.428091994228448]",0.14090341502707904
3,385,"[0.3831697323084326, 0.6889760261776416]","[0.20033155121842627, 0.8577591891930944]","[0.5880212451891569, 0.4748963622744843]","[-0.0036549227319710377, 0.047396833243060085]","[-0.003056361005291053, 0.04777706899477785]","[0.40970302576144857, -0.4281593278063147]",0.14093237692557214
3,386,"[0.38317704215389653, 0.6888812325111555]","[0.20033155121842627, 0.8577591891930944]","[0.5879778729002472, 0.4747681696188918]","[-0.0035442939852589955, 0.04727040019006891]","[-0.0029505134724906457, 0.047647599842197075]","[0.4096016614927013, -0.42822612578452746]",0.1409612433864516
3,387,"[0.383184130741867, 0.6887866917107753]","[0.20033155121842627, 0.8577591891930944]","[0.5879346831823368, 0.47464049549867154]","[-0.003434872837358851, 0.04714397042103737]","[-0.002845835345964054, 0.047518158217148776]","[0.4095011048809395, -0.4282923924242076]",0.1409900146128999
3,388,"[0.38319100048754173, 0.6886924037699332]","[0.20033155121842627, 0.8577591891930944]","[0.5878916752325938, 0.47451333779364807]","[-0.00332664836033075, 0.04701754792091859]","[-0.002742316002862788, 0.04738874791099107]","[0.4094013494901041, -0.42835813195257033]",0.1410186908095236
3,389,"[0.3831976537842624, 0.6885983686740914]","[0.20033155121842627, 0.8577591891930944]","[0.5878488482519768, 0.47438669439249415]","[-0.0032196097185480774, 0.0468911366269067]","[-0.0026399449102136874, 0.047259372668869204]","[0.4093023889354288, -0.42842334856319453]",0.14104727218230986
3,390,"[0.3832040930036995, 0.6885045864008376]","[0.20033155121842627, 0.8577591891930944]","[0.5878062014452159, 0.47426056319269244]","[-0.0031137461679405145, 0.04676474042888157]","[-0.00253871162418301, 0.04713003619014766]","[0.40920421688303277, -0.42848804641629024]",0.1410757589385848
3,391,"[0.3832103204960354, 0.6884110569199798]","[0.20033155121842627, 0.8577591891930944]","[0.5877637340207922, 0.47413494210049767]","[-0.0030090470552438884, 0.04663836316984951]","[-0.0024386057893440727, 0.04700074212883887]","[0.4091068270495136, -0.42855222963896433]",0.14110415128697115
3,392,"[0.38321633859014587, 0.6883177801936401]","[0.20033155121842627, 0.8577591891930944]","[0.5877214451909191, 0.47400982903089817]","[-0.0029055018172550475, 0.046512008646379444]","[-0.00233961713795261, 0.046871494094026966]","[0.4090102132015464, -0.42861590232548386]",0.14113244943734862
3,393,"[0.38322214959378037, 0.6882247561763474]","[0.20033155121842627, 0.8577591891930944]","[0.5876793341715218, 0.4738852219075786]","[-0.002803099980093972, 0.046385680609036695]","[-0.0022417354892264596, 0.04674229565028987]","[0.40891436915548296, -0.42867906853753757]",0.14116065360081337
3,394,"[0.3832277557937406, 0.6881319848151293]","[0.20033155121842627, 0.8577591891930944]","[0.5876374001822193, 0.47376111866288173]","[-0.002701831158470967, 0.04625938276281136]","[-0.0021449507486331343, 0.046613150318115415]","[0.4088192887769575, -0.4287417323044951]",0.14118876398963942
3,395,"[0.3832331594560575, 0.6880394660496036]","[0.20033155121842627, 0.8577591891930944]","[0.5875956424463038, 0.47363751723777164]","[-0.0026016850549602363, 0.04613311876754496]","[-0.002049252907180832, 0.04648406157431617]","[0.40872496598049257, -0.428803897623664]",0.1412167808172402
3,396,"[0.3832383628261674, 0.6879471998120685]","[0.20033155121842627, 0.8577591891930944]","[0.5875540601907223, 0.47351441558179586]","[-0.002502651459278984, 0.046006892238351665]","[-0.001954632040716553, 0.04635503285243919]","[0.4086313947291098, -0.42886556846054535]",0.1412447042981313
3,397,"[0.383243368129086, 0.6878551860275919]","[0.20033155121842627, 0.8577591891930944]","[0.5875126526460581, 0.4733918116530488]","[-0.00240472024757233, 0.045880706746037225]","[-0.0018610783092303795, 0.046226067543172655]","[0.40853856903394425, -0.4289267487490862]",0.1412725346478938
3,398,"[0.3832481775695811, 0.6877634246140998]","[0.20033155121842627, 0.8577591891930944]","[0.5874714190465107, 0.47326970341813407]","[-0.0023078813817051635, 0.04575456581751308]","[-0.001768581956163473, 0.04609716899474914]","[0.4084464829538591, -0.42898744239193143]",0.1413002720831382
3,399,"[0.3832527933323445, 0.6876719154824648]","[0.20033155121842627, 0.8577591891930944]","[0.5874303586298779, 0.47314808885212856]","[-0.002212124908557542, 0.04562847293620861]","[-0.0016771333077236217, 0.04596834051334597]","[0.4083551305950668, -0.4290476532606724]",0.14132791682146928
3,400,"[0.38325721758216164, 0.6875806585365923]","[0.20033155121842627, 0.8577591891930944]","[0.5873894706375371, 0.4730269659385452]","[-0.0021174409593277526, 0.04550243154247805]","[-0.001586722772205118, 0.04583958536348082]","[0.40826450611075094, -0.42910738519609426]",0.1413554690814517
3,401,"[0.3832614524640803, 0.6874896536735073]","[0.20033155121842627, 0.8577591891930944]","[0.5873487543144265, 0.4729063326692968]","[-0.002023819748840039, 0.045376445034005085]","[-0.001497340839315131, 0.04571090676840489]","[0.40817460370069236, -0.42916664200842103]",0.141382929082576
3,402,"[0.38326550010357796, 0.6873989007834393]","[0.20033155121842627, 0.8577591891930944]","[0.5873082089090264, 0.47278618704465997]","[-0.0019312515748582282, 0.04525051676620394]","[-0.001408978079503742, 0.04558230791049289]","[0.4080854176108968, -0.42922542747755876]",0.14141029704522556
3,403,"[0.38326936260672767, 0.687308399749907]","[0.20033155121842627, 0.8577591891930944]","[0.5872678336733415, 0.4726665270732384]","[-0.0018397268174047425, 0.04512465005261593]","[-0.0013216251433020298, 0.045453791931628684]","[0.40799694213322757, -0.42928374535333713]",0.14143757319064448
3,404,"[0.3832730420603625, 0.6872181504498017]","[0.20033155121842627, 0.8577591891930944]","[0.5872276278628823, 0.47254735077192767]","[-0.0017492359380852952, 0.044998848165304]","[-0.0012352727606632086, 0.04532536193358805]","[0.4079091716050396, -0.4293415993557481]",0.14146475774090528
3,405,"[0.3832765405322387, 0.6871281527534712]","[0.20033155121842627, 0.8577591891930944]","[0.5871875907366467, 0.472428656165879]","[-0.0016597694794189704, 0.04487311433524348]","[-0.0011499117403095949, 0.0451970209784196]","[0.40782210040881606, -0.4293989931751844]",0.1414918509188781
3,406,"[0.3832798600711975, 0.6870384065248006]","[0.20033155121842627, 0.8577591891930944]","[0.5871477215571027, 0.4723104412884636]","[-0.001571318064173672, 0.044747451752708334]","[-0.0010655329690868465, 0.04506877208881921]","[0.4077357229718104, -0.42945593047267405]",0.14151885294820016
3,407,"[0.38328300270732585, 0.6869489116212952]","[0.20033155121842627, 0.8577591891930944]","[0.5871080195901698, 0.47219270418123777]","[-0.001483872394706944, 0.044621863567656524]","[-0.0009821274113199219, 0.044940618248505204]","[0.40765003376568787, -0.42951241488011493]",0.14154576405324598
3,408,"[0.38328597045211527, 0.6868596678941599]","[0.20033155121842627, 0.8577591891930944]","[0.5870684841052016, 0.47207544289390685]","[-0.0013974232523121816, 0.04449635289010917]","[-0.0008996861081774776, 0.044812562402586464]","[0.4075650273061727, -0.42956845000050603]",0.14157258445909807
3,409,"[0.3832887652986199, 0.6867706751883796]","[0.20033155121842627, 0.8577591891930944]","[0.5870291143749677, 0.47195865548429095]","[-0.0013119614965703273, 0.044370922790528976]","[-0.0008182001770389302, 0.04468460745793024]","[0.4074806981526957, -0.4296240394081774]",0.141599314391518
3,410,"[0.38329138922161304, 0.6866819333427986]","[0.20033155121842627, 0.8577591891930944]","[0.5869899096756366, 0.4718423400182892]","[-0.0012274780647062958, 0.04424557630019352]","[-0.0007376608108688454, 0.044556756283525456]","[0.40739704090804707, -0.42967918664901883]",0.14162595407691883
3,411,"[0.3832938441777425, 0.6865934421901982]","[0.20033155121842627, 0.8577591891930944]","[0.5869508692867578, 0.47172649456984544]","[-0.0011439639709509538, 0.04412031641156657]","[-0.0006580592775951022, 0.04442901171084285]","[0.4073140502180306, -0.4297338952407056]",0.1416525037423374
3,412,"[0.38329613210568436, 0.6865052015573752]","[0.20033155121842627, 0.8577591891930944]","[0.5869119924912445, 0.4716111172209134]","[-0.0010614103059087537, 0.04399514607866563]","[-0.0005793869194920531, 0.04430137653419275]","[0.40723172077112024, -0.42978816867292347]",0.1416789636154075
3,413,"[0.38329825492629616, 0.6864172112652178]","[0.20033155121842627, 0.8577591891930944]","[0.5868732785753563, 0.4714962060614223]","[-0.0009798082359291503, 0.04387006821742637]","[-0.0005016351525685137, 0.04417385351107889]","[0.4071500472981203, -0.42984201040759107]",0.14170533392433315
3,414,"[0.383300214542768, 0.686329471128783]","[0.20033155121842627, 0.8577591891930944]","[0.5868347268286823, 0.4713817591892424]","[-0.0008991490024843884, 0.04374508570606443]","[-0.0004247954659622466, 0.0440464453625502]","[0.4070690245718286, -0.4298954238790811]",0.14173161489786346
3,415,"[0.383302012840773, 0.6862419809573709]","[0.20033155121842627, 0.8577591891930944]","[0.5867963365441232, 0.4712677747101511]","[-0.0008194239215518918, 0.04362020138543333]","[-0.0003488594213370555, 0.043919154773548685]","[0.4069886474067005, -0.4299484124944396]",0.14175780676526664
3,416,"[0.3833036516886161, 0.6861547405546]","[0.20033155121842627, 0.8577591891930944]","[0.5867581070178752, 0.4711542507377984]","[-0.0007406243830012287, 0.04349541805937955]","[-0.0002738186522868724, 0.043791984393254324]","[0.4069089106585183, -0.4300009796336033]",0.141783909756306
3,417,"[0.38330513293738205, 0.6860677497184813]","[0.20033155121842627, 0.8577591891930944]","[0.5867200375494124, 0.47104118539367384]","[-0.0006627418499869245, 0.043370738495095096]","[-0.00019966486374300985, 0.04366493683542727]","[0.40682980922406065, -0.43005312864961487]",0.14180992410121485
3,418,"[0.383306458421082, 0.6859810082414911]","[0.20033155121842627, 0.8577591891930944]","[0.5866821274414704, 0.470928576807072]","[-0.0005857678583451979, 0.0432461654234661]","[-0.00012638983138762994, 0.043538014678747905]","[0.4067513380407768, -0.4301048628688382]",0.14183585003067373
3,419,"[0.38330762995679873, 0.6858945159106442]","[0.20033155121842627, 0.8577591891930944]","[0.5866443760000297, 0.47081642311505956]","[-0.0005096940159962681, 0.043121701539419494]","[-5.398540107087735e-05, 0.04341122046715212]","[0.406673492086462, -0.4301561855911693]",0.1418616877757864
3,420,"[0.3833086493448307, 0.6858082725075654]","[0.20033155121842627, 0.8577591891930944]","[0.5866067825342984, 0.4707047224624414]","[-0.0004345120023516668, 0.04299734950226548]","[1.75565117669918e-05, 0.043284556710165234]","[0.4065962663789354, -0.430207100090248]",0.1418874375680575
3,421,"[0.3833095183688354, 0.6857222778085609]","[0.20033155121842627, 0.8577591891930944]","[0.5865693463566966, 0.4705934730017277]","[-0.0003602135677251062, 0.0428731119360383]","[8.824392266826298e-05, 0.04315802588323275]","[0.40651965597572226, -0.4302576096136663]",0.14191309963937032
3,422,"[0.38331023879597087, 0.6856365315846888]","[0.20033155121842627, 0.8577591891930944]","[0.5865320667828389, 0.47048267289310086]","[-0.00028679053275002285, 0.04274899142983302]","[0.00015808477872680804, 0.04303163042804736]","[0.406443655973736, -0.43030771738317597]",0.14193867422196466
3,423,"[0.38331081237703635, 0.6855510336018292]","[0.20033155121842627, 0.8577591891930944]","[0.586494943131519, 0.4703723203043823]","[-0.00021423478779995716, 0.04262499053814]","[0.00022708695915146793, 0.042905372752874205]","[0.4063682615089652, -0.43035742659489384]",0.1419641615484158
3,424,"[0.38331124084661194, 0.6854657836207529]","[0.20033155121842627, 0.8577591891930944]","[0.5864579747246933, 0.47026241341099984]","[-0.00014253829241476747, 0.04250111178117613]","[0.0002952582758248834, 0.04277925523287279]","[0.4062934677561627, -0.4304067404195062]",0.14198956185161374
3,425,"[0.3833115259231968, 0.6853807813971906]","[0.20033155121842627, 0.8577591891930944]","[0.5864211608874643, 0.47015295039595517]","[-7.169307473140011e-05, 0.04237735764521391]","[0.0003626064738594392, 0.04265328021041631]","[0.4062192699285351, -0.4304556620024709]",0.14201487536474228
3,426,"[0.38331166930934624, 0.6852960266819002]","[0.20033155121842627, 0.8577591891930944]","[0.586384500948065, 0.470043929449791]","[-1.6912309189198445e-06, 0.0422537305829064]","[0.00042913923214604743, 0.042527449995408084]","[0.4061456632774376, -0.4305041944642183]",0.14204010232125952
3,427,"[0.38331167269180805, 0.6852115192207343]","[0.20033155121842627, 0.8577591891930944]","[0.5863479942378427, 0.4699353487705591]","[6.747507538175238e-05, 0.04213023301361088]","[0.0004948641639012097, 0.042401766865595325]","[0.40607264309206925, -0.43055234090035044]",0.14206524295487793
3,428,"[0.38331153774165727, 0.685127258754707]","[0.20033155121842627, 0.8577591891930944]","[0.5863116400912429, 0.4698272065637879]","[0.00013581361361357167, 0.04200686732370852]","[0.0005597888172078069, 0.04227623306687983]","[0.4060002046991713, -0.43060010438183827]",0.14209029749954527
3,429,"[0.38331126611443006, 0.6850432450200596]","[0.20033155121842627, 0.8577591891930944]","[0.5862754378457942, 0.4697195010424505]","[0.00020333208685468352, 0.04188363586692192]","[0.0006239206755521698, 0.04215085081362702]","[0.4059283434627282, -0.43064748795521823]",0.14211526618942594
3,430,"[0.38331085945025634, 0.6849594777483258]","[0.20033155121842627, 0.8577591891930944]","[0.5862393868420921, 0.46961223042693256]","[0.0002700381323648658, 0.041760540964629285]","[0.0006872671583557644, 0.04202562228897061]","[0.4058570547836715, -0.4306944946427864]",0.14214014925888263
3,431,"[0.3833103193739916, 0.6848759566663966]","[0.20033155121842627, 0.8577591891930944]","[0.5862034864237835, 0.46950539294500093]","[0.00033593932212808023, 0.04163758490617717]","[0.0007498356215053237, 0.041900549645116525]","[0.40578633409958376, -0.43074112744279125]",0.14216494694245824
3,432,"[0.38330964749534735, 0.6847926814965842]","[0.20033155121842627, 0.8577591891930944]","[0.586167735937551, 0.4693989868317716]","[0.0004010431633900941, 0.04151476994918871]","[0.0008116333578755408, 0.04177563500364251]","[0.4057161768844073, -0.43078738932962524]",0.1421896594748582
3,433,"[0.38330884540902055, 0.6847096519566859]","[0.20033155121842627, 0.8577591891930944]","[0.586132134733098, 0.4692930103296786]","[0.0004653570991927518, 0.04139209831987048]","[0.0008726675978491527, 0.04165088045579618]","[0.4056465786481549, -0.4308332832540146]",0.14221428709093364
3,434,"[0.38330791469482217, 0.6846268677600461]","[0.20033155121842627, 0.8577591891930944]","[0.586096682163133, 0.4691874616884423]","[0.0005288885089022898, 0.04126957221331666]","[0.0009329455098321948, 0.041526288062790406]","[0.40557753493662174, -0.43087881214320767]",0.14223883002566431
3,435,"[0.38330685691780436, 0.6845443286156194]","[0.20033155121842627, 0.8577591891930944]","[0.5860613775833543, 0.46908233916503855]","[0.0005916447087347971, 0.041147193793809905]","[0.000992474200766258, 0.041401859856095735]","[0.4055090413310999, -0.43092397890116174]",0.14226328851414216
3,436,"[0.3833056736283869, 0.6844620342280318]","[0.20033155121842627, 0.8577591891930944]","[0.5860262203524349, 0.46897764102366757]","[0.0006536329522770317, 0.041024965195120014]","[0.0010512607166348609, 0.041277597837730384]","[0.405441093448096, -0.4309687864087284]",0.14228766279155514
3,437,"[0.3833043663624824, 0.6843799842976415]","[0.20033155121842627, 0.8577591891930944]","[0.5859912098320075, 0.4688733655357228]","[0.0007148604310024795, 0.04090288852079988]","[0.0011093120429670478, 0.041153503980547845]","[0.4053736869390502, -0.43101323752383736]",0.14231195309317163
3,438,"[0.3833029366416204, 0.6842981785205998]","[0.20033155121842627, 0.8577591891930944]","[0.5859563453866494, 0.4687695109797604]","[0.0007753342747839483, 0.040780965844479156]","[0.0011666351053360446, 0.041029580228521934]","[0.40530681749005804, -0.43105733508167887]",0.14233615965432483
3,439,"[0.38330138597307084, 0.6842166165889109]","[0.20033155121842627, 0.8577591891930944]","[0.5859216263838679, 0.4686660756414684]","[0.0008350615524014364, 0.040659199210154914]","[0.0012232367698544189, 0.040905828497029506]","[0.40524048082159414, -0.43110108189488494]",0.14236028271039808
3,440,"[0.383299715849966, 0.6841352981904906]","[0.20033155121842627, 0.8577591891930944]","[0.5858870521940851, 0.46856305781363633]","[0.0008940492720466166, 0.04053759063247988]","[0.0012791238436651864, 0.04078225067313007]","[0.40517467268823815, -0.4311444807537085]",0.1423843224968096
3,441,"[0.3832979277514219, 0.6840542230092256]","[0.20033155121842627, 0.8577591891930944]","[0.5858526221906233, 0.4684604557961248]","[0.0009523043818222105, 0.04041614209704859]","[0.0013343030754287555, 0.0406588486158439]","[0.40510938887840275, -0.4311875344262016]",0.14240827924899835
3,442,"[0.38329602314265826, 0.6839733907250315]","[0.20033155121842627, 0.8577591891930944]","[0.5858183357496904, 0.4683582678958355]","[0.0010098337702384866, 0.04029485556068095]","[0.0013887811558060403, 0.040535624156427086]","[0.40504462521406437, -0.43123024565839196]",0.14243215320240998
3,443,"[0.3832940034751178, 0.6838928010139101]","[0.20033155121842627, 0.8577591891930944]","[0.5857841922503653, 0.4682564924266808]","[0.0010666442667042265, 0.04017373295170239]","[0.0014425647179375223, 0.040412579098644374]","[0.404980377550495, -0.43127261717445864]",0.1424559445924828
3,444,"[0.38329187018658434, 0.6838124535480068]","[0.20033155121842627, 0.8577591891930944]","[0.5857501910745833, 0.46815512770955403]","[0.0011227426420154743, 0.04005277617022318]","[0.0014956603379180367, 0.040289715219039846]","[0.40491664177599784, -0.4313146516769055]",0.1424796536546346
3,445,"[0.3832896247013003, 0.6837323479956664]","[0.20033155121842627, 0.8577591891930944]","[0.5857163316071219, 0.46805417207229943]","[0.0011781356088392128, 0.03993198708841387]","[0.0015480745352691727, 0.04016703426720464]","[0.4048534138116432, -0.43135635184673393]",0.14250328062424913
3,446,"[0.3832872684300826, 0.6836524840214896]","[0.20033155121842627, 0.8577591891930944]","[0.5856826132355866, 0.4679536238496827]","[0.0012328298221929313, 0.0398113675507791]","[0.0015998137734054563, 0.040044537966042903]","[0.40479068961100795, -0.4313977203436138]",0.14252682573666364
3,447,"[0.3832848027704382, 0.6835728612863881]","[0.20033155121842627, 0.8577591891930944]","[0.585649035350396, 0.4678534813833614]","[0.0012868318799211676, 0.039690919374429146]","[0.0016508844600996997, 0.03992222801203538]","[0.4047284651599157, -0.4314387598060533]",0.14255028922715582
3,448,"[0.38328222910667836, 0.6834934794476392]","[0.20033155121842627, 0.8577591891930944]","[0.5856155973447685, 0.4677537430218556]","[0.0013401483231676686, 0.03957064434934844]","[0.001701292947941857, 0.03980010607550011]","[0.40466673647618034, -0.4314794728515672]",0.14257367133093166
3,449,"[0.383279548810032, 0.6834143381589405]","[0.20033155121842627, 0.8577591891930944]","[0.5855822986147075, 0.4676544071205184]","[0.0013927856368434887, 0.03945054423866236]","[0.0017510455347956588, 0.03967817380085198]","[0.4046054996093509, -0.4315198620768441]",0.14259697228311347
3,450,"[0.3832767632387583, 0.6833354370704632]","[0.20033155121842627, 0.8577591891930944]","[0.5855491385589877, 0.46755547204150705]","[0.0014447502500920543, 0.039330620778901274]","[0.001800148464251139, 0.03955643280685872]","[0.4045447506404588, -0.43155993005791227]",0.14262019231872808
3,451,"[0.3832738737382581, 0.6832567758289054]","[0.20033155121842627, 0.8577591891930944]","[0.5855161165791413, 0.4674569361537535]","[0.0014960485367496792, 0.03921087568026256]","[0.0018486079260739974, 0.039434884686895655]","[0.4044844856817663, -0.43159967935030386]",0.14264333167269527
3,452,"[0.3832708816411846, 0.6831783540775449]","[0.20033155121842627, 0.8577591891930944]","[0.5854832320794441, 0.467358797832936]","[0.001546686815802923, 0.0390913106268701]","[0.001896430056649634, 0.039313531009197156]","[0.40442470087651894, -0.4316391124892178]",0.14266639057981664
3,453,"[0.38326778826755303, 0.6831001714562912]","[0.20033155121842627, 0.8577591891930944]","[0.5854504844669014, 0.4672610554614502]","[0.0015966713518415672, 0.03897192727703215]","[0.0019436209394264603, 0.039192373317107565]","[0.40436539239869673, -0.431678231989682]",0.1426893692747644
3,454,"[0.3832645949248494, 0.6830222276017371]","[0.20033155121842627, 0.8577591891930944]","[0.5854178731512347, 0.46716370742838026]","[0.0016460083555086716, 0.038852727263495535]","[0.0019901866053525508, 0.03907141312932799]","[0.4043065564527707, -0.43171704034671377]",0.14271226799207087
3,455,"[0.38326130290813837, 0.6829445221472101]","[0.20033155121842627, 0.8577591891930944]","[0.5853853975448682, 0.4670667521294708]","[0.0016947039839465736, 0.038733712193699525]","[0.0020361330333105165, 0.038950651940162395]","[0.4042481892734596, -0.43175554003547867]",0.1427350869661178
3,456,"[0.38325791350017047, 0.6828670547228227]","[0.20033155121842627, 0.8577591891930944]","[0.5853530570629146, 0.4669701879670981]","[0.001742764341239101, 0.03861488365002588]","[0.002081466150548883, 0.038830091219761054]","[0.4041902871254883, -0.43179373351144923]",0.14275782643112622
3,457,"[0.383254427971488, 0.6827898249555227]","[0.20033155121842627, 0.8577591891930944]","[0.5853208511231623, 0.46687401335024215]","[0.0017901954788507753, 0.038496243190047706]","[0.0021261918331096363, 0.03870973241436154]","[0.40413284630334867, -0.431831623210561]",0.1427804866211465
3,458,"[0.3832508475805303, 0.6827128324691426]","[0.20033155121842627, 0.8577591891930944]","[0.5852887791460617, 0.46677822669445845]","[0.0018370033960618927, 0.0383777923467755]","[0.0021703159062514965, 0.03858957694652798]","[0.4040758631310628, -0.4318692115493683]",0.14280306777004814
3,459,"[0.38324717357373816, 0.682636076884449]","[0.20033155121842627, 0.8577591891930944]","[0.585256840554712, 0.4666828264218498]","[0.0018831940404003176, 0.03825953262890125]","[0.002213844144870747, 0.03846962621538813]","[0.4040193339619478, -0.43190650092519856]",0.14282557011151095
3,460,"[0.38324340718565736, 0.6825595578191912]","[0.20033155121842627, 0.8577591891930944]","[0.585225034774848, 0.4665878109610388]","[0.0019287733080696546, 0.03814146552104074]","[0.0022567822739190113, 0.03834988159686803]","[0.4039632551783813, -0.4319434937163048]",0.14284799387901498
3,461,"[0.3832395496390412, 0.6824832748881491]","[0.20033155121842627, 0.8577591891930944]","[0.5851933612348265, 0.46649317874714]","[0.001973747044374195, 0.03802359248397345]","[0.002299135968816479, 0.03823034444392576]","[0.4039076231915705, -0.4319801922820181]",0.1428703393058316
3,462,"[0.38323560214495245, 0.6824072277031812]","[0.20033155121842627, 0.8577591891930944]","[0.5851618193656141, 0.4663989282217323]","[0.002018121044139971, 0.03790591495488024]","[0.002340910855861411, 0.03811101608678169]","[0.40385243444132324, -0.4320165989628978]",0.1428926066250151
3,463,"[0.38323156590286417, 0.6823314158732714]","[0.20033155121842627, 0.8577591891930944]","[0.5851304086007731, 0.466305057832831]","[0.002061901052133035, 0.037788434347578614]","[0.0023821125126396447, 0.037991897833146826]","[0.40379768539581795, -0.4320527160808808]",0.14291479606939317
3,464,"[0.38322744210075993, 0.6822558390045762]","[0.20033155121842627, 0.8577591891930944]","[0.5850991283764498, 0.46621156603486114]","[0.0021050927634735954, 0.037671152052757124]","[0.0024227464684254407, 0.037872990968450815]","[0.4037433725513798, -0.43208854593943014]",0.1429369078715591
3,465,"[0.383223231915233, 0.6821804967004707]","[0.20033155121842627, 0.8577591891930944]","[0.5850679781313604, 0.46611845128862983]","[0.0021477018240472798, 0.03755406943820667]","[0.002462818204584216, 0.037754296756066064]","[0.4036894924322547, -0.43212409082368164]",0.1429589422638631
3,466,"[0.3832189365115849, 0.6821053885615942]","[0.20033155121842627, 0.8577591891930944]","[0.5850369573067788, 0.4660257120612993]","[0.002189733830913007, 0.03743718784904994]","[0.002502333154968117, 0.037635816437530556]","[0.4036360415903879, -0.43215935300058983]",0.1429808994784043
3,467,"[0.38321455704392304, 0.6820305141858961]","[0.20033155121842627, 0.8577591891930944]","[0.5850060653465241, 0.46593334682635973]","[0.002231194332707503, 0.03732050860796912]","[0.002541296706311591, 0.03751755123276901]","[0.4035830166052021, -0.43219433471907276]",0.14300277974702297
3,468,"[0.3832100946552576, 0.6819558731686801]","[0.20033155121842627, 0.8577591891930944]","[0.5849753016969474, 0.46584135406360244]","[0.0022720888300465465, 0.03720403301543107]","[0.0025797141986210192, 0.037399502340311364]","[0.40353041408337964, -0.43222903821015535]",0.14302458330129253
3,469,"[0.3832055504775975, 0.6818814651026492]","[0.20033155121842627, 0.8577591891930944]","[0.5849446658069197, 0.4657497322590933]","[0.0023124227759225716, 0.037087762349911554]","[0.0026175909255625185, 0.03728167093751056]","[0.4034782306586444, -0.43226346568711194]",0.14304631037251236
3,470,"[0.38320092563204566, 0.6818072895779494]","[0.20033155121842627, 0.8577591891930944]","[0.5849141571278191, 0.4656584799051458]","[0.002352201576099832, 0.036971697868116236]","[0.0026549321348465216, 0.03716405818075674]","[0.40342646299154694, -0.4322976193456073]",0.1430679611917002
3,471,"[0.38319622122889346, 0.6817333461822133]","[0.20033155121842627, 0.8577591891930944]","[0.5848837751135185, 0.4655675955002947]","[0.002391430589505551, 0.036855840805200595]","[0.0026917430286092503, 0.037046665205691276]","[0.4033751077692501, -0.43233150136383713]",0.14308953598958524
3,472,"[0.38319143836771447, 0.6816596345006029]","[0.20033155121842627, 0.8577591891930944]","[0.5848535192203728, 0.46547707754926954]","[0.00243011512861838, 0.036740192374987296]","[0.0027280287637914125, 0.036929493127417]","[0.4033241617053166, -0.43236511390266663]",0.14311103499660072
3,473,"[0.3831865781374572, 0.6815861541158529]","[0.20033155121842627, 0.8577591891930944]","[0.5848233889072071, 0.46538692456296843]","[0.0024682604598536685, 0.03662475377018266]","[0.0027637944525120695, 0.03681254304070908]","[0.40327362153949975, -0.4323984591057689]",0.14313245844287756
3,474,"[0.3831816416165375, 0.6815129046083125]","[0.20033155121842627, 0.8577591891930944]","[0.5847933836353044, 0.46529713505843184]","[0.0025058718039454955, 0.03650952616258998]","[0.0027990451624420043, 0.03669581602022143]","[0.40322348403753383, -0.4324315390997613]",0.1431538065582374
3,475,"[0.3831766298729296, 0.6814398855559873]","[0.20033155121842627, 0.8577591891930944]","[0.5847635028683933, 0.4652077075588167]","[0.002542954336325354, 0.03639451070332183]","[0.002833785917172038, 0.036579313120693124]","[0.40317374599092737, -0.4324643559943413]",0.1431750795721862
3,476,"[0.38317154396425696, 0.6813670965345807]","[0.20033155121842627, 0.8577591891930944]","[0.584733746072636, 0.46511864059336994]","[0.00257951318749838, 0.03627970852300983]","[0.0028680216965791816, 0.036463035377152175]","[0.403124404216758, -0.43249691188242156]",0.14319627771390822
3,477,"[0.38316638493788197, 0.6812945371175347]","[0.20033155121842627, 0.8577591891930944]","[0.5847041127166159, 0.4650299326974034]","[0.002615553443415744, 0.036165120732013306]","[0.0029017574371902333, 0.036346983805117195]","[0.40307545555746793, -0.4325292088402627]",0.1432174012122592
3,478,"[0.38316115383099514, 0.6812222068760707]","[0.20033155121842627, 0.8577591891930944]","[0.5846746022713261, 0.4649415824122676]","[0.0026510801458446754, 0.036050748420625625]","[0.0029349980325420466, 0.03623115940079841]","[0.40302689688066184, -0.4325612489276063]",0.14323845029576082
3,479,"[0.38315585167070343, 0.6811501053792295]","[0.20033155121842627, 0.8577591891930944]","[0.5846452142101572, 0.4648535882853263]","[0.002686098292735359, 0.03593659265927866]","[0.002967748333537412, 0.03611556314129599]","[0.40297872507890764, -0.43259303418780637]",0.143259425192595
3,480,"[0.38315047947411796, 0.681078232193911]","[0.20033155121842627, 0.8577591891930944]","[0.5846159480088858, 0.4647659488699311]","[0.002720612838584355, 0.0358226544987459]","[0.0030000131488011617, 0.03600019598479692]","[0.40293093706953576, -0.4326245666479597]",0.14328032613059757
3,481,"[0.38314503824844076, 0.6810065868849134]","[0.20033155121842627, 0.8577591891930944]","[0.5845868031456622, 0.46467866272539593]","[0.0027546286947956527, 0.03570893497034298]","[0.0030317972450302766, 0.035885058870769704]","[0.402883529794443, -0.43265584831903503]",0.14330115333725335
3,482,"[0.3831395289910512, 0.6809351690149728]","[0.20033155121842627, 0.8577591891930944]","[0.584557779100999, 0.4645917284169719]","[0.0027881507300386546, 0.03559543508612764]","[0.0030631053473437198, 0.03577015272015838]","[0.4028365002198957, -0.43268688119600174]",0.1433219070396901
3,483,"[0.3831339526895911, 0.6808639781448005]","[0.20033155121842627, 0.8577591891930944]","[0.5845288753577598, 0.4645051445158221]","[0.0028211837706026903, 0.0354821558390965]","[0.003093942139626049, 0.03565547843557337]","[0.4027898453363373, -0.4327176672579568]",0.143342587464674
3,484,"[0.3831283103220499, 0.6807930138331223]","[0.20033155121842627, 0.8577591891930944]","[0.5845000914011466, 0.4644189095989966]","[0.0028537326007497515, 0.03536909820338122]","[0.003124312264873308, 0.03554103690148214]","[0.4027435621581933, -0.43274820846825135]",0.1433631948386037
3,485,"[0.3831226028568484, 0.6807222756367155]","[0.20033155121842627, 0.8577591891930944]","[0.5844714267186895, 0.46433302224940765]","[0.002885801963063259, 0.0352562631344421]","[0.003154220325530366, 0.035426828984396475]","[0.4026976477236821, -0.4327785067746157]",0.14338372938750596
3,486,"[0.3831168312529223, 0.6806517631104466]","[0.20033155121842627, 0.8577591891930944]","[0.5844428808002344, 0.4642474810558046]","[0.0029173965587946347, 0.03514365156926092]","[0.0031836708838301475, 0.03531285553306018]","[0.4026520990946243, -0.43280856410928403]",0.1434041913370303
3,487,"[0.3831109964598047, 0.6805814758073081]","[0.20033155121842627, 0.8577591891930944]","[0.584414453137932, 0.4641622846127493]","[0.0029485210482067393, 0.035031264426530984]","[0.0032126684621275325, 0.035199117378633404]","[0.40260691335625476, -0.43283838238911765]",0.1434245809124446
3,488,"[0.38310509941770826, 0.680511413278455]","[0.20033155121842627, 0.8577591891930944]","[0.5843861432262264, 0.4640774315205916]","[0.002979180050914835, 0.034919102606846095]","[0.0032412175432313117, 0.035085615334875364]","[0.40256208761703627, -0.43286796351572676]",0.14344489833863022
3,489,"[0.38309914105760645, 0.6804415750732413]","[0.20033155121842627, 0.8577591891930944]","[0.5843579505618437, 0.46399292038544515]","[0.0030093781462246704, 0.03480716699288834]","[0.003269322570733313, 0.03497235019832706]","[0.4025176190084745, -0.43289730937559234]",0.14346514384007764
3,490,"[0.383093122301314, 0.6803719607392555]","[0.20033155121842627, 0.8577591891930944]","[0.5843298746437807, 0.46390874981916225]","[0.003039119873466979, 0.034695458449612554]","[0.0032969879493352505, 0.03485932274849035]","[0.4024735046849335, -0.4329264218401866]",0.1434853176408819
3,491,"[0.3830870440615671, 0.6803025698223564]","[0.20033155121842627, 0.8577591891930944]","[0.5843019149732944, 0.46382491843931034]","[0.00306840973233134, 0.03458397782443115]","[0.0033242180451723558, 0.0347465337480069]","[0.4024297418234547, -0.43295530276609206]",0.1435054199647387
3,492,"[0.3830809072421024, 0.6802334018667076]","[0.20033155121842627, 0.8577591891930944]","[0.5842740710538901, 0.46374142486914743]","[0.003097252183194595, 0.034472725947395894]","[0.0033510171861345084, 0.03463398394283462]","[0.4023863276235753, -0.43298395399512024]",0.1435254510349399
3,493,"[0.383074712737736, 0.6801644564148127]","[0.20033155121842627, 0.8577591891930944]","[0.5842463423913109, 0.4636582677375981]","[0.003125651647448957, 0.0343617036313785]","[0.0033773896621847044, 0.03452167406242301]","[0.40234325930714976, -0.4330123773544292]",0.14354541107436966
3,494,"[0.3830684614344411, 0.68009573300755]","[0.20033155121842627, 0.8577591891930944]","[0.5842187284935265, 0.46357544567923004]","[0.003153612507825944, 0.0342509116722504]","[0.003403339725675969, 0.03440960481988725]","[0.4023005341181708, -0.4330405746566399]",0.14356530030550035
3,495,"[0.38306215420942547, 0.6800272311842055]","[0.20033155121842627, 0.8577591891930944]","[0.5841912288707225, 0.4634929573342293]","[0.003181139108718668, 0.03414035084905881]","[0.003428871591663718, 0.034297776912179445]","[0.40225814932259407, -0.4330685476999524]",0.14358511895038906
3,496,"[0.38305579193120803, 0.6799589504825074]","[0.20033155121842627, 0.8577591891930944]","[0.5841638430352893, 0.46341080134837737]","[0.0032082357565005356, 0.03403002192420403]","[0.0034539894382171754, 0.03418619102026027]","[0.4022161022081626, -0.4330962982682601]",0.1436048672306736
3,497,"[0.38304937545969503, 0.679890890438659]","[0.20033155121842627, 0.8577591891930944]","[0.5841365705018116, 0.4633289763730271]","[0.0032349067198420623, 0.033919925643612625]","[0.0034786974067277376, 0.034074847809266784]","[0.40217439008423306, -0.4331238281312638]",0.14362454536756897
3,498,"[0.38304290564625537, 0.6798230505873718]","[0.20033155121842627, 0.8577591891930944]","[0.5841094107870574, 0.4632474810650795]","[0.00326115623002534, 0.033810062736910784]","[0.003502999602214618, 0.03396374792868101]","[0.402133010281604, -0.4331511390445846]",0.14364415358186397
3,499,"[0.3830363833337953, 0.679755430461898]","[0.20033155121842627, 0.8577591891930944]","[0.5840823634099674, 0.4631663140869601]","[0.0032869884812546154, 0.033700433917595446]","[0.0035269000936282158, 0.03385289201249564]","[0.4020919601523443, -0.4331782327498759]",0.14366369209391766
3,500,"[0.3830298093568328, 0.6796880295940628]","[0.20033155121842627, 0.8577591891930944]","[0.584055427891645, 0.4630854741065955]","[0.0033124076309661056, 0.033591039883203395]","[0.0035504029141510407, 0.03374228067937812]","[0.4020512370696244, -0.43320511097493464]",0.14368316112365626
3,501,"[0.38302318454157086, 0.6796208475142964]","[0.20033155121842627, 0.8577591891930944]","[0.5840286037553444, 0.46300495979739065]","[0.0033374178001337835, 0.03348188131548021]","[0.0035735120614968086, 0.033631914532834484]","[0.40201083842754703, -0.43323177543381153]",0.14370256089056963
3,502,"[0.3830165097059706, 0.6795538837516655]","[0.20033155121842627, 0.8577591891930944]","[0.5840018905264615, 0.4629247698382053]","[0.003362023073573858, 0.03337295888054654]","[0.0035962314982052046, 0.03352179416137058]","[0.40197076164098167, -0.43325822782692036]",0.14372189161370852
3,503,"[0.38300978565982347, 0.6794871378339044]","[0.20033155121842627, 0.8577591891930944]","[0.5839752877325226, 0.462844902913331]","[0.0033862275002455567, 0.03326427322906288]","[0.0036185651519359263, 0.03341192013865202]","[0.4019310041453983, -0.43328446984114666]",0.1437411535116814
3,504,"[0.383003013204823, 0.6794206092874462]","[0.20033155121842627, 0.8577591891930944]","[0.5839487949031745, 0.46276535771246863]","[0.003410035093550746, 0.03315582499639392]","[0.003640516915760672, 0.033302293023663276]","[0.40189156339670307, -0.4333105031499551]",0.14376034680265137
3,505,"[0.3829961931346359, 0.6793542976374534]","[0.20033155121842627, 0.8577591891930944]","[0.583922411570174, 0.4626861329307051]","[0.003433449831630216, 0.0330476148027705]","[0.0036620906484506888, 0.03319291336086494]","[0.4018524368710762, -0.43333632941349653]",0.14377947170433364
3,506,"[0.3829893262349726, 0.6792882024078478]","[0.20033155121842627, 0.8577591891930944]","[0.5838961372673772, 0.46260722726849085]","[0.0034564756576575613, 0.032939643253449995]","[0.0036832901747643754, 0.03308378168034948]","[0.4018136220648092, -0.43336195027871394]",0.14379852843399255
3,507,"[0.3829824132836573, 0.6792223231213409]","[0.20033155121842627, 0.8577591891930944]","[0.5838699715307303, 0.46252863943161737]","[0.0034791164801317503, 0.032831910938876246]","[0.0037041192857306116, 0.03297489849799545]","[0.401775116494146, -0.43338736737944705]",0.14381751720843905
3,508,"[0.382975455050697, 0.6791566592994631]","[0.20033155121842627, 0.8577591891930944]","[0.5838439138982585, 0.4624503681311944]","[0.003501376173165524, 0.03272441843483686]","[0.00372458173893081, 0.03286626431562123]","[0.401736917695123, -0.43341258233653746]",0.1438364382440281
3,509,"[0.3829684522983507, 0.6790912104625935]","[0.20033155121842627, 0.8577591891930944]","[0.5838179639100564, 0.46237241208362784]","[0.003523258576772893, 0.03261716630262026]","[0.003744681258778637, 0.032757879621136354]","[0.40169902322341133, -0.43343759675793125]",0.14385529175665593
3,510,"[0.38296140578119714, 0.6790259761299883]","[0.20033155121842627, 0.8577591891930944]","[0.5837921211082776, 0.46229477001059727]","[0.0035447674971538176, 0.03251015508917021]","[0.0037644215367969025, 0.032649744888691656]","[0.40166143065416093, -0.433462412238782]",0.14387407796175802
3,511,"[0.38295431624620285, 0.67896095581981]","[0.20033155121842627, 0.8577591891930944]","[0.5837663850371253, 0.46221744063903364]","[0.0035659067069765027, 0.03240338532723969]","[0.003783806231892728, 0.032541860578828685]","[0.4016241375818449, -0.43348703036155267]",0.1438927970743066
3,512,"[0.3829471844327889, 0.6788961490491555]","[0.20033155121842627, 0.8577591891930944]","[0.5837407552428416, 0.46214042270109734]","[0.0035866799456572836, 0.032296857535543136]","[0.0038028389706303845, 0.032434227138627036]","[0.40158714162010545, -0.43351145269611635]",0.14391144930880823
3,513,"[0.3829400110728976, 0.6788315553340845]","[0.20033155121842627, 0.8577591891930944]","[0.5837152312736982, 0.4620637149341564]","[0.0036070909196385514, 0.032190572218907934]","[0.003821523347501632, 0.03232684500185079]","[0.40155044040160115, -0.43353568079985616]",0.14393003487930178
3,514,"[0.3829327968910583, 0.6787671741896466]","[0.20033155121842627, 0.8577591891930944]","[0.5836898126799861, 0.4619873160807638]","[0.003627143302664227, 0.03208452986842267]","[0.003839862925194004, 0.03221971458909351]","[0.4015140315778556, -0.43355971621776557]",0.14394855399935624
3,515,"[0.382925542604453, 0.6787030051299098]","[0.20033155121842627, 0.8577591891930944]","[0.5836644990140066, 0.4619112248886368]","[0.00364684073605329, 0.03197873096158698]","[0.003857861234856874, 0.03211283630792222]","[0.4014779128191073, -0.433583560482546]",0.1439670068820688
3,516,"[0.3829182489229809, 0.6786390476679866]","[0.20033155121842627, 0.8577591891930944]","[0.5836392898300606, 0.46183544011063404]","[0.003666186828970023, 0.03187317596245712]","[0.0038755217763656313, 0.03200621055301894]","[0.4014420818141595, -0.433607215114705]",0.14398539374006275
3,517,"[0.3829109165493229, 0.6785753013160616]","[0.20033155121842627, 0.8577591891930944]","[0.5836141846844396, 0.4617599605047348]","[0.0036851851586936755, 0.03176786532179206]","[0.0038928480185832504, 0.03189983770632271]","[0.40140653627023337, -0.4336306816226536]",0.1440037147854856
3,518,"[0.3829035461790055, 0.678511765585418]","[0.20033155121842627, 0.8577591891930944]","[0.5835891831354159, 0.461684784834017]","[0.0037038392708846264, 0.03166279947719815]","[0.003909843399619861, 0.0317937181371693]","[0.4013712739128207, -0.4336539615028021]",0.14402197023000723
3,519,"[0.3828961385004637, 0.6784484399864636]","[0.20033155121842627, 0.8577591891930944]","[0.5835642847432329, 0.4616099118666357]","[0.0037221526798489274, 0.03155797885327068]","[0.003926511327090432, 0.03168785220242892]","[0.40133629248553826, -0.4336770562396559]",0.14404016028481836
3,520,"[0.382888694195104, 0.6783853240287571]","[0.20033155121842627, 0.8577591891930944]","[0.5835394890700958, 0.4615353403758022]","[0.0037401288688007407, 0.031453403861737145]","[0.003942855178370286, 0.031582240246644244]","[0.40130158974998353, -0.43369996730590976]",0.14405828516062857
3,521,"[0.3828812139373664, 0.6783224172210336]","[0.20033155121842627, 0.8577591891930944]","[0.5835147956801618, 0.4614610691397624]","[0.0037577712901219642, 0.03134907490159679]","[0.003958878300848456, 0.03147688260216658]","[0.4012671634855909, -0.43372269616254233]",0.14407634506766445
3,522,"[0.3828736983947862, 0.6782597190712304]","[0.20033155121842627, 0.8577591891930944]","[0.5834902041395313, 0.46138709694177593]","[0.0037750833656209483, 0.031244992359259705]","[0.003974584012178539, 0.031371779589290105]","[0.4012330114894903, -0.4337452442589089]",0.14409434021566864
3,523,"[0.3828661482280549, 0.6781972290865119]","[0.20033155121842627, 0.8577591891930944]","[0.5834657140162377, 0.46131342257009467]","[0.0037920684867878956, 0.03114115660868498]","[0.003989975600528273, 0.03126693151638621]","[0.40119913157636555, -0.4337676130328345]",0.1441122708138978
3,524,"[0.3828585640910814, 0.6781349467732946]","[0.20033155121842627, 0.8577591891930944]","[0.5834413248802388, 0.4612400448179421]","[0.003808730015049212, 0.031037568011516765]","[0.004005056324826839, 0.031162338680034818]","[0.40116552157831487, -0.4337898039107049]",0.1441301370711215
3,525,"[0.3828509466310513, 0.6780728716372715]","[0.20033155121842627, 0.8577591891930944]","[0.5834170363034072, 0.4611669624834924]","[0.0038250712820185545, 0.03093422691722015]","[0.004019829415009335, 0.031058001365156573]","[0.4011321793447119, -0.4338118183075581]",0.14414793919562047
3,526,"[0.38284329648848725, 0.678011003183437]","[0.20033155121842627, 0.8577591891930944]","[0.5833928478595212, 0.4610941743698498]","[0.003841095589746982, 0.030831133663215344]","[0.004034298072260911, 0.03095391984514223]","[0.40109910274206784, -0.4338336576271744]",0.14416567739518546
3,527,"[0.3828356142973078, 0.6779493409161106]","[0.20033155121842627, 0.8577591891930944]","[0.5833687591242556, 0.46102167928502746]","[0.0038568062109707708, 0.03072828857501035]","[0.004048465469256968, 0.030850094381982107]","[0.40106628965389557, -0.43385532326216625]",0.14418335187711606
3,528,"[0.3828279006848858, 0.6778878843389605]","[0.20033155121842627, 0.8577591891930944]","[0.5833447696751723, 0.46094947604192693]","[0.0038722063893566363, 0.030625691966332184]","[0.004062334750403296, 0.030746525226392818]","[0.40103373798057307, -0.4338768165940672]",0.14420096284821926
3,529,"[0.3828201562721071, 0.6778266329550279]","[0.20033155121842627, 0.8577591891930944]","[0.5833208790917118, 0.4608775634583182]","[0.0038872993397455068, 0.0305233441392586]","[0.004075909032073055, 0.03064321261794445]","[0.4010014456392095, -0.43389813899341934]",0.14421851051480816
3,530,"[0.38281238167342757, 0.6777655862667493]","[0.20033155121842627, 0.8577591891930944]","[0.5832970869551839, 0.46080594035681866]","[0.003902088248394641, 0.03042124538434617]","[0.004089191402841197, 0.030540156785185124]","[0.40096941056351265, -0.43391929181986133]",0.14423599508270135
3,531,"[0.3828045774969308, 0.6777047437759807]","[0.20033155121842627, 0.8577591891930944]","[0.5832733928487586, 0.46073460556487295]","[0.003916576273216474, 0.0303193959807594]","[0.00410218492371911, 0.03043735794576652]","[0.4009376307036555, -0.43394027642221544]",0.14425341675722134
3,532,"[0.3827967443443844, 0.6776441049840192]","[0.20033155121842627, 0.8577591891930944]","[0.5832497963574572, 0.4606635579147328]","[0.003930766544016794, 0.030217796196397063]","[0.004114892628385103, 0.03033481630656515]","[0.4009061040261457, -0.43396109413857276]",0.14427077574319364
3,533,"[0.38278888281129636, 0.6775836693916264]","[0.20033155121842627, 0.8577591891930944]","[0.5832262970681437, 0.46059279624343674]","[0.003944662162730462, 0.03011644628801815]","[0.004127317523414997, 0.030232532063805495]","[0.4008748285136946, -0.4339817462963793]",0.144288072244946
3,534,"[0.3827809934869709, 0.6775234364990503]","[0.20033155121842627, 0.8577591891930944]","[0.5832028945695156, 0.46052231939279015]","[0.003958266203655488, 0.030015346501366807]","[0.004139462588508891, 0.030130505403180297]","[0.4008438021650893, -0.4340022342125204]",0.14430530646630718
3,535,"[0.3827730769545636, 0.6774634058060476]","[0.20033155121842627, 0.8577591891930944]","[0.5831795884520954, 0.46045212620934517]","[0.003971581713684329, 0.029914497071295898]","[0.004151330776717366, 0.030028736499970787]","[0.4008130229950636, -0.4340225591934048]",0.14432247861060615
3,536,"[0.3827651337911362, 0.677403576811905]","[0.20033155121842627, 0.8577591891930944]","[0.5831563783082216, 0.4603822155443809]","[0.003984611712534646, 0.02981389822188925]","[0.00416292501466603, 0.029927225519164657]","[0.4007824890341709, -0.43404272253504816]",0.14433958888067155
3,537,"[0.38275716456771114, 0.6773439490154612]","[0.20033155121842627, 0.8577591891930944]","[0.5831332637320407, 0.46031258625388355]","[0.0039973591929771774, 0.029713550166582697]","[0.004174248202776565, 0.029825972615573626]","[0.40075219832865905, -0.4340627255231554]",0.14435663747883049
3,538,"[0.38274916984932517, 0.6772845219151281]","[0.20033155121842627, 0.8577591891930944]","[0.5831102443194973, 0.4602432371985266]","[0.004009827121061799, 0.029613453108284876]","[0.004185303215487879, 0.029724977933950236]","[0.4007221489403443, -0.434082569433203]",0.14437362460690795
3,539,"[0.38274115019508304, 0.6772252950089115]","[0.20033155121842627, 0.8577591891930944]","[0.5830873196683269, 0.46017416724365123]","[0.004022018436342264, 0.029513607239495542]","[0.004196092901474491, 0.029624241609102764]","[0.4006923389464878, -0.4341022555305205]",0.14439055046622626
3,540,"[0.3827331061582103, 0.6771662677944325]","[0.20033155121842627, 0.8577591891930944]","[0.5830644893780462, 0.4601053752592469]","[0.004033936052098599, 0.029414012742424504]","[0.004206620083863466, 0.029523763766010236]","[0.4006627664396718, -0.43412178507037114]",0.14440741525760403
3,541,"[0.3827250382861061, 0.6771074397689476]","[0.20033155121842627, 0.8577591891930944]","[0.5830417530499452, 0.46003686011993195]","[0.0040455828555582265, 0.029314669789108214]","[0.004216887560449245, 0.02942354451993473]","[0.4006334295276782, -0.4341411592980313]",0.1444242191813558
3,542,"[0.382716947120395, 0.6770488104293694]","[0.20033155121842627, 0.8577591891930944]","[0.5830191102870789, 0.45996862070493366]","[0.004056961708114779, 0.029215578541524907]","[0.0042268981039064735, 0.02932358397653434]","[0.40060432633336773, -0.4341603794488714]",0.14444096243729168
3,543,"[0.3827088331969788, 0.6769903792722863]","[0.20033155121842627, 0.8577591891930944]","[0.5829965606942582, 0.45990065589806967]","[0.00406807544554506, 0.029116739151710463]","[0.00423665446200211, 0.029223882231973974]","[0.4005754549945588, -0.43417944674843334]",0.1444576452247162
3,544,"[0.3827006970460877, 0.6769321457939829]","[0.20033155121842627, 0.8577591891930944]","[0.5829741038780423, 0.45983296458772827]","[0.004078926878224574, 0.02901815176187135]","[0.004246159357804702, 0.029124439373035327]","[0.4005468136639091, -0.4341983624125092]",0.14447426774242839
3,545,"[0.38269253919233126, 0.6768741094904591]","[0.20033155121842627, 0.8577591891930944]","[0.5829517394467296, 0.45976554566684946]","[0.004089518791341341, 0.02891981650449791]","[0.004255415489892889, 0.029025255477226952]","[0.4005184005087967, -0.4342171276472193]",0.1444908301887209
3,546,"[0.3826843601547486, 0.6768162698574501]","[0.20033155121842627, 0.8577591891930944]","[0.5829294670103504, 0.45969839803290596]","[0.004099853945108059, 0.028821733502475598]","[0.0042644255325614, 0.02892633061289107]","[0.40049021371120364, -0.43423574364908835]",0.14450733276137986
3,547,"[0.38267616044685837, 0.6767586263904452]","[0.20033155121842627, 0.8577591891930944]","[0.5829072861806575, 0.45963152058788403]","[0.004109935074971185, 0.028723902869195864]","[0.0042731921360258385, 0.028827664839311595]","[0.4004622514675982, -0.43425421160512223]",0.14452377565768426
3,548,"[0.38266794057670844, 0.6767011785847068]","[0.20033155121842627, 0.8577591891930944]","[0.5828851965711188, 0.45956491223826496]","[0.004119764891820927, 0.02862632470866579]","[0.004281717926625683, 0.028729258206820207]","[0.40043451198882074, -0.4342725326928837]",0.14454015907440582
3,549,"[0.3826597010469248, 0.6766439259352894]","[0.20033155121842627, 0.8577591891930944]","[0.582863197796909, 0.45949857189500565]","[0.0041293460821967, 0.028528999115616127]","[0.004290005507025574, 0.028631110756901]","[0.40040699349996833, -0.4342907080805676]",0.1445564832078084
3,550,"[0.3826514423547604, 0.6765868679370582]","[0.20033155121842627, 0.8577591891930944]","[0.5828412894749013, 0.45943249847352075]","[0.004138681308492864, 0.028431926175610075]","[0.004298057456414539, 0.028533222522295287]","[0.40037969424028186, -0.434308738927075]",0.14457274825364785
3,551,"[0.3826431649921434, 0.676530004084707]","[0.20033155121842627, 0.8577591891930944]","[0.5828194712236597, 0.459366690893663]","[0.004147773209162021, 0.028335105965148495]","[0.004305876330704839, 0.028435593527104452]","[0.40035261246303266, -0.43432662638208797]",0.14458895440717187
3,552,"[0.38263486944572506, 0.6764733338727766]","[0.20033155121842627, 0.8577591891930944]","[0.5827977426634305, 0.45930114807970573]","[0.004156624398916458, 0.028238538551776746]","[0.004313464662727695, 0.028338223786892214]","[0.40032574643541097, -0.4343443715861418]",0.14460510186311953
3,553,"[0.3826265561969272, 0.6764168567956731]","[0.20033155121842627, 0.8577591891930944]","[0.5827761034161347, 0.4592358689603237]","[0.0041652374689284035, 0.028142223994188913]","[0.004320824962428305, 0.028241113308786425]","[0.40029909443841505, -0.4343619756706988]",0.14462119081572128
3,554,"[0.38261822572198934, 0.6763605723476848]","[0.20033155121842627, 0.8577591891930944]","[0.5827545531053596, 0.4591708524685748]","[0.004173614987028484, 0.02804616234233114]","[0.004327959717059626, 0.028144262091578776]","[0.40027265476674057, -0.4343794397582199]",0.1446372214586985
3,555,"[0.3826098784920153, 0.6763044800230001]","[0.20033155121842627, 0.8577591891930944]","[0.5827330913563515, 0.4591060975418819]","[0.004181759497902471, 0.027950353637504737]","[0.00433487139137273, 0.028047670125824375]","[0.40024642572867253, -0.43439676496223645]",0.14465319398526383
3,556,"[0.3826015149730195, 0.6762485793157251]","[0.20033155121842627, 0.8577591891930944]","[0.5827117177960076, 0.4590416031220144]","[0.004189673523286443, 0.0278547979124679]","[0.004341562427807755, 0.027951337393940845]","[0.4002204056459763, -0.4344139523874214]",0.14466910858812065
3,557,"[0.3825931356259729, 0.6761928697199002]","[0.20033155121842627, 0.8577591891930944]","[0.582690432052868, 0.45897736815507045]","[0.004197359562160401, 0.027759495191536736]","[0.004348035246682147, 0.027855263870305347]","[0.4001945928537901, -0.43443100312965954]",0.1446849654594632
3,558,"[0.3825847409068486, 0.6761373507295172]","[0.20033155121842627, 0.8577591891930944]","[0.582669233757108, 0.4589133915914585]","[0.004204820090940176, 0.02766444549068482]","[0.004354292246377622, 0.027759449521351343]","[0.40016898570051884, -0.4344479182761174]",0.1447007647909764
3,559,"[0.3825763312666667, 0.6760820218385358]","[0.20033155121842627, 0.8577591891930944]","[0.5826481225405306, 0.4588496723858793]","[0.004212057563668045, 0.027569648817642324]","[0.00436033580352585, 0.027663894305664682]","[0.40014358254772775, -0.43446469890531303]",0.14471650677383602
3,560,"[0.3825679071515393, 0.6760268825409006]","[0.20033155121842627, 0.8577591891930944]","[0.5826270980365584, 0.4587862094973084]","[0.0042190744122013995, 0.027475105171994453]","[0.004366168273191695, 0.027568598174078418]","[0.4001183817700382, -0.43448134608718436]",0.14473219159870854
3,561,"[0.3825594690027149, 0.6759719323305566]","[0.20033155121842627, 0.8577591891930944]","[0.5826061598802266, 0.45872300188897785]","[0.004225873046400301, 0.027380814545277837]","[0.004371791989056351, 0.027473561069766395]","[0.4000933817550233, -0.43449786088315756]",0.1447478194557511
3,562,"[0.3825510172566221, 0.6759171707014661]","[0.20033155121842627, 0.8577591891930944]","[0.5825853077081744, 0.4586600485283585]","[0.004232455854312977, 0.027286776921077234]","[0.004377209263597526, 0.02737878292833701]","[0.4000685809031046, -0.4345142443462151]",0.1447633905346118
3,563,"[0.38254255234491347, 0.6758625971476239]","[0.20033155121842627, 0.8577591891930944]","[0.5825645411586382, 0.45859734838714256]","[0.004238825202360313, 0.027192992275121213]","[0.004382422388269858, 0.027284263677925413]","[0.4000439776274495, -0.4345304975209626]",0.1447789050244295
3,564,"[0.38253407469450873, 0.6758082111630737]","[0.20033155121842627, 0.8577591891930944]","[0.5825438598714443, 0.4585349004412259]","[0.004244983435518627, 0.027099460575376186]","[0.004387433633680882, 0.027190003239284555]","[0.40001957035387115, -0.4345466214436955]",0.1447943631138343
3,565,"[0.3825255847276377, 0.6757540122419229]","[0.20033155121842627, 0.8577591891930944]","[0.5825232634880002, 0.4584727036706903]","[0.004250932877500625, 0.027006181782139815]","[0.004392245249770332, 0.027096001525875713]","[0.399995357520725, -0.43456261714246514]",0.14480976499094722
3,566,"[0.3825170828618827, 0.6756999998783586]","[0.20033155121842627, 0.8577591891930944]","[0.5825027516512886, 0.4584107570597863]","[0.004256675830935573, 0.026913155848134283]","[0.004396859465982117, 0.027002258443958704]","[0.39997133757881187, -0.43457848563714463]",0.14482511084338068
3,567,"[0.38250856951022083, 0.6756461735666623]","[0.20033155121842627, 0.8577591891930944]","[0.5824823240058588, 0.4583490595969155]","[0.00426221457754726, 0.02682038271859772]","[0.004401278491440841, 0.02690877389268026]","[0.39994750899127585, -0.43459422793949365]",0.14484040085823843
3,568,"[0.3825000450810657, 0.6755925328012251]","[0.20033155121842627, 0.8577591891930944]","[0.5824619801978199, 0.45828761027461346]","[0.004267551378330983, 0.026727862331375384]","[0.004405504515121339, 0.026815547764162506]","[0.3999238702335084, -0.4346098450532233]",0.14485563522211622
3,569,"[0.38249150997830905, 0.6755390770765624]","[0.20033155121842627, 0.8577591891930944]","[0.5824417198748336, 0.45822640808953247]","[0.00427268847372889, 0.026635594617009938]","[0.004409539706021315, 0.02672257994358984]","[0.39990041979304913, -0.4346253379740598]",0.1448708141211013
3,570,"[0.3824829646013616, 0.6754858058873283]","[0.20033155121842627, 0.8577591891930944]","[0.5824215426861066, 0.4581654520424243]","[0.004277628083804146, 0.02654357949883033]","[0.004413386213329706, 0.026629870309295145]","[0.39987715616948993, -0.434640707689808]",0.14488593774077324
3,571,"[0.382474409345194, 0.6754327187283307]","[0.20033155121842627, 0.8577591891930944]","[0.582401448282383, 0.4581047411381232]","[0.004282372408412924, 0.026451816893040773]","[0.004417046166595162, 0.02653741873284604]","[0.3998540778743781, -0.4346559551804149]",0.14490100626620397
3,572,"[0.3824658446003772, 0.6753798150945446]","[0.20033155121842627, 0.8577591891930944]","[0.5823814363159382, 0.45804427438552875]","[0.004286923627375998, 0.026360306708807926]","[0.00442052167589202, 0.026445225079128998]","[0.399831183431122, -0.4346710814180317]",0.14491601988195818
3,573,"[0.3824572707531224, 0.6753270944811269]","[0.20033155121842627, 0.8577591891930944]","[0.58236150644057, 0.45798405079758897]","[0.004291283900648168, 0.026269048848347944]","[0.004423814831986506, 0.026353289206433483]","[0.3998084713748953, -0.4346860873670759]",0.14493097877209327
3,574,"[0.38244868818532113, 0.6752745563834303]","[0.20033155121842627, 0.8577591891930944]","[0.5823416583115937, 0.4579240693912838]","[0.00429545536848696, 0.02617804320701283]","[0.004426927706499106, 0.02626161096653551]","[0.3997859402525451, -0.43470097398429297]",0.14494588312016018
3,575,"[0.38244009727458417, 0.6752222002970162]","[0.20033155121842627, 0.8577591891930944]","[0.5823218915858324, 0.45786432918760744]","[0.004299440151618907, 0.026087289673374585]","[0.004429862352069047, 0.026170190204779398]","[0.3997635886224964, -0.4347157422188175]",0.14496073310920338
3,576,"[0.3824314983942809, 0.6751700257176695]","[0.20033155121842627, 0.8577591891930944]","[0.5823022059216121, 0.4578048292115529]","[0.004303240351405591, 0.025996788129311214]","[0.004432620802513221, 0.026079026760160107]","[0.3997414150546623, -0.43473039301223315]",0.14497552892176124
3,577,"[0.3824228919135781, 0.6751180321414109]","[0.20033155121842627, 0.8577591891930944]","[0.5822826009787536, 0.457745568492094]","[0.004306858050007627, 0.02590653845008844]","[0.004435205072987669, 0.02598812046540333]","[0.39971941813035106, -0.4347449272986337]",0.14499027073986673
3,578,"[0.3824142781974781, 0.6750662190645107]","[0.20033155121842627, 0.8577591891930944]","[0.5822630764185657, 0.4576865460621699]","[0.004310295310547857, 0.02581654050444408]","[0.004437617160145957, 0.025897471147046103]","[0.3996975964421752, -0.4347593460046816]",0.14500495874504732
3,579,"[0.38240565760685696, 0.6750145859835018]","[0.20033155121842627, 0.8577591891930944]","[0.5822436319038379, 0.45762776095866786]","[0.004313554177272195, 0.025726794154669372]","[0.004439859042295713, 0.025807078625516122]","[0.3996759485939618, -0.43477365004966795]",0.14501959311832574
3,580,"[0.38239703049850243, 0.6749631323951925]","[0.20033155121842627, 0.8577591891930944]","[0.5822242670988342, 0.4575692122224071]","[0.0043166366757104585, 0.02563729925669012]","[0.004441932679555061, 0.025716942715209856]","[0.3996544732006636, -0.4347878403455707]",0.14503417404022034
3,581,"[0.382388397225151, 0.6749118577966791]","[0.20033155121842627, 0.8577591891930944]","[0.5822049816692857, 0.45751089889812263]","[0.004319544812834843, 0.02554805566014788]","[0.0044438400140069945, 0.02562706322457098]","[0.3996331688882694, -0.43480191779711286]",0.14504870169074546
3,582,"[0.3823797581355253, 0.6748607616853588]","[0.20033155121842627, 0.8577591891930944]","[0.5821857752823838, 0.45745282003444854]","[0.004322280577217754, 0.02545906320847901]","[0.004445582969852868, 0.025537439956167363]","[0.39961203429371694, -0.4348158833018205]",0.145063176249412
3,583,"[0.38237111357437087, 0.6748098435589418]","[0.20033155121842627, 0.8577591891930944]","[0.5821666476067733, 0.45739497468390194]","[0.004324845939187654, 0.025370321738993618]","[0.0044471634535648286, 0.025448072706766633]","[0.3995910680648048, -0.4348297377500797]",0.14507759789522776
3,584,"[0.3823624638824925, 0.6747591029154638]","[0.20033155121842627, 0.8577591891930944]","[0.5821475983125459, 0.4573373619028671]","[0.0043272428509847725, 0.025281831082954603]","[0.004448583354036306, 0.025358961267412994]","[0.3995702688601068, -0.4348434820251934]",0.145091966806698
3,585,"[0.38235380939679053, 0.6747085392532979]","[0.20033155121842627, 0.8577591891930944]","[0.5821286270712333, 0.45727998075157894]","[0.004329473246913888, 0.025193591065654185]","[0.004449844542731618, 0.025270105423501166]","[0.39954963534888543, -0.4348571170034379]",0.14510628316182606
3,586,"[0.3823451504502967, 0.6746581520711665]","[0.20033155121842627, 0.8577591891930944]","[0.5821097335558001, 0.4572228302941072]","[0.0043315390434974736, 0.025105601506491253]","[0.004450948873834792, 0.025181504954851164]","[0.39952916621100676, -0.43487064355411864]",0.14512054713811354
3,587,"[0.3823364873722097, 0.6746079408681536]","[0.20033155121842627, 0.8577591891930944]","[0.5820909174406377, 0.45716590959834064]","[0.004333442139626586, 0.025017862219047414]","[0.004451898184396508, 0.025093159635781737]","[0.39950886013685594, -0.43488406253962586]",0.14513475891256122
3,588,"[0.38232782048793046, 0.6745579051437155]","[0.20033155121842627, 0.8577591891930944]","[0.5820721784015573, 0.4571092177359708]","[0.004335184416711138, 0.02493037301116185]","[0.004452694294479975, 0.025005069235182753]","[0.39948871582725376, -0.4348973748154894]",0.14514891866166937
3,589,"[0.38231915011909706, 0.6745080443976932]","[0.20033155121842627, 0.8577591891930944]","[0.5820535161157838, 0.45705275378247645]","[0.004336767738828202, 0.024843133685006385]","[0.004453339007305379, 0.02491723351658781]","[0.3994687319933735, -0.43491058123043347]",0.1451630265614386
3,590,"[0.3823104765836194, 0.6744583581303232]","[0.20033155121842627, 0.8577591891930944]","[0.5820349302619481, 0.456996516817108]","[0.004338193952869472, 0.02475614403715909]","[0.004453834109394539, 0.02482965223824496]","[0.3994489073566574, -0.43492368262643033]",0.14517708278736985
3,591,"[0.38230180019571364, 0.6744088458422488]","[0.20033155121842627, 0.8577591891930944]","[0.5820164205200815, 0.4569405059228714]","[0.004339464888687992, 0.024669403858677465]","[0.004454181370712518, 0.02474232515318825]","[0.39942924064873575, -0.43493667983875484]",0.14519108751446558
3,592,"[0.3822931212659363, 0.6743595070345314]","[0.20033155121842627, 0.8577591891930944]","[0.5819979865716094, 0.45688472018651294]","[0.004340582359243153, 0.02458291293517148]","[0.0044543825448084, 0.02465525200930735]","[0.3994097306113462, -0.43494957369603693]",0.14520504091723008
3,593,"[0.3822844401012178, 0.6743103412086611]","[0.20033155121842627, 0.8577591891930944]","[0.5819796280993439, 0.45682915869850355]","[0.004341548160744175, 0.02449667104687454]","[0.00445443936895612, 0.024568432549416985]","[0.39939037599625216, -0.43496236502031504]",0.14521894316967024
3,594,"[0.3822757570048963, 0.6742613478665673]","[0.20033155121842627, 0.8577591891930944]","[0.5819613447874775, 0.4567738205530232]","[0.004342364072792757, 0.024410677968715044]","[0.004454353564293856, 0.024481866511325445]","[0.39937117556516244, -0.4349750546270883]",0.14523279444529577
3,595,"[0.3822670722767507, 0.6742125265106299]","[0.20033155121842627, 0.8577591891930944]","[0.5819431363215779, 0.45671870484794563]","[0.0043430318585256774, 0.02432493347038676]","[0.004454126835959971, 0.0243955536279028]","[0.39935212808965437, -0.43498764332536854]",0.1452465949171205
3,596,"[0.38225838621303365, 0.6741638766436892]","[0.20033155121842627, 0.8577591891930944]","[0.5819250023885797, 0.45666381068482315]","[0.004343553264753521, 0.024239437316418647]","[0.004453760873231849, 0.024309493627148404]","[0.3993332323510921, -0.435000131917732]",0.14526034475766236
3,597,"[0.38224969910650414, 0.6741153977690563]","[0.20033155121842627, 0.8577591891930944]","[0.5819069426767798, 0.456609137168871]","[0.004343930022101482, 0.02415418926624369]","[0.004453257349659567, 0.02422368623225729]","[0.3993144871405513, -0.4350125212003705]",0.14527404413894462
3,598,"[0.3822410112464599, 0.6740670893905237]","[0.20033155121842627, 0.8577591891930944]","[0.5818889568758299, 0.45655468340895267]","[0.004344163845146119, 0.024069189074267614]","[0.004452617923201396, 0.02413813116168667]","[0.3992958912587399, -0.43502481196314213]",0.14528769323249602
3,599,"[0.38223232291876963, 0.6740189510123752]","[0.20033155121842627, 0.8577591891930944]","[0.5818710446767309, 0.4565004485175642]","[0.00434425643255319, 0.02398443648993681]","[0.004451844236356417, 0.024052828129221437]","[0.39927744351592254, -0.43503700498962194]",0.14530129220935184
3,600,"[0.3822236344059045, 0.6739709821393953]","[0.20033155121842627, 0.8577591891930944]","[0.5818532057718262, 0.45644643161081955]","[0.004344209467212837, 0.023899931257804846]","[0.004450937916297415, 0.023967776844038335]","[0.3992591427318434, -0.43504910105715155]",0.14531484124005434
3,601,"[0.3822149459869701, 0.6739231822768798]","[0.20033155121842627, 0.8577591891930944]","[0.5818354398547956, 0.4563926318084352]","[0.0043440246163746945, 0.023815673117599554]","[0.0044499005750017195, 0.023882977010771023]","[0.399240987735651, -0.4350611009368891]",0.1453283404946536
3,602,"[0.3822062579377373, 0.6738755509306446]","[0.20033155121842627, 0.8577591891930944]","[0.5818177466206493, 0.45633904823371546]","[0.004343703531781375, 0.023731661804288193]","[0.00444873380938049, 0.023798428329572796]","[0.399222977365824, -0.4350730053938582]",0.14534179014270832
3,603,"[0.38219757053067377, 0.6738280876070359]","[0.20033155121842627, 0.8577591891930944]","[0.5818001257657219, 0.45628568001353753]","[0.0043432478498005795, 0.02364789704814344]","[0.004447439201408276, 0.02371413049618032]","[0.3992051104700963, -0.4350848151869968]",0.14535519035328637
3,604,"[0.38218888403497414, 0.6737807918129397]","[0.20033155121842627, 0.8577591891930944]","[0.5817825769876653, 0.4562325262783369]","[0.004342659191556837, 0.023564378574807844]","[0.004446018318251588, 0.023630083201975793]","[0.3991873859053824, -0.43509653106920565]",0.14536854129496524
3,605,"[0.38218019871659104, 0.6737336630557901]","[0.20033155121842627, 0.8577591891930944]","[0.5817650999854438, 0.45617958616209187]","[0.0043419391630619645, 0.02348110610535687]","[0.004444472712394565, 0.023546286134048244]","[0.3991698025377055, -0.4351081537873964]",0.1453818431358336
3,606,"[0.3821715148382649, 0.6736867008435794]","[0.20033155121842627, 0.8577591891930944]","[0.5817476944593274, 0.45612685880230996]","[0.004341089355343717, 0.02339807935636354]","[0.004442803921764715, 0.023462738975255082]","[0.399152359242125, -0.43511968408253887]",0.1453950960434912
3,607,"[0.3821628326595542, 0.6736399046848667]","[0.20033155121842627, 0.8577591891930944]","[0.5817303601108859, 0.4560743433400121]","[0.004340111344574436, 0.023315298039959968]","[0.004441013469858868, 0.02337944140428283]","[0.3991350549026633, -0.4351311226897091]",0.14540830018505008
3,608,"[0.38215415243686507, 0.6735932740887868]","[0.20033155121842627, 0.8577591891930944]","[0.5817130966429829, 0.45602203891971915]","[0.004339006692197952, 0.023232761863900567]","[0.0044391028658655185, 0.02329639309570658]","[0.3991178884122356, -0.43514247033813525]",0.14542145572713522
3,609,"[0.3821454744234807, 0.673546808565059]","[0.20033155121842627, 0.8577591891930944]","[0.5816959037597698, 0.4559699446894365]","[0.004337776945055577, 0.023150470531622655]","[0.004437073604788455, 0.023213593720049774]","[0.39910085867257816, -0.43515372775124495]",0.14543456283588518
3,610,"[0.38213679886959057, 0.6735005076239957]","[0.20033155121842627, 0.8577591891930944]","[0.5816787811666795, 0.45591805980064026]","[0.004336423635511142, 0.023068423742307723]","[0.0044349271675685475, 0.02313104294384255]","[0.39908396459417783, -0.4351648956467109]",0.14544762167695308
3,611,"[0.38212812602231955, 0.673454370776511]","[0.20033155121842627, 0.8577591891930944]","[0.5816617285704213, 0.45586638340826247]","[0.004334948281575181, 0.02298662119094205]","[0.004432665021203375, 0.02304874042968086]","[0.3990672050962035, -0.43517597473649716]",0.14546063241550733
3,612,"[0.3821194561257564, 0.6734083975341292]","[0.20033155121842627, 0.8577591891930944]","[0.5816447456789746, 0.4558149146706771]","[0.0043333523870277705, 0.022905062568376194]","[0.004430288618867351, 0.022966685836283418]","[0.3990505791064365, -0.4351869657269042]",0.14547359521623235
3,613,"[0.3821107894209823, 0.6733625874089925]","[0.20033155121842627, 0.8577591891930944]","[0.5816278322015827, 0.45576365274968555]","[0.0043316374415403825, 0.022823747561384024]","[0.0044277994000314624, 0.02288487881854867]","[0.3990340855612007, -0.4351978693186138]",0.14548651024332937
3,614,"[0.38210212614609923, 0.6733169399138696]","[0.20033155121842627, 0.8577591891930944]","[0.5816109878487472, 0.45571259681050236]","[0.004329804920796789, 0.022742675852721085]","[0.004425198790579565, 0.022803319027611735]","[0.39901772340529595, -0.4352086862067346]",0.14549937766051735
3,615,"[0.38209346653625764, 0.6732714545621642]","[0.20033155121842627, 0.8577591891930944]","[0.5815942123322229, 0.4556617460217417]","[0.004327856286613258, 0.02266184712118364]","[0.004422488202925345, 0.022722006110900195]","[0.39900149159193044, -0.435219417080845]",0.14551219763103357
3,616,"[0.3820848108236844, 0.6732261308679218]","[0.20033155121842627, 0.8577591891930944]","[0.5815775053650107, 0.45561109955540235]","[0.004325792987057223, 0.022581261041664916]","[0.004419669036128837, 0.02264093971219]","[0.3989853890826527, -0.43523006262503894]",0.14552497031763487
3,617,"[0.38207615923771027, 0.6731809683458385]","[0.20033155121842627, 0.8577591891930944]","[0.5815608666613532, 0.4555606565868546]","[0.004323616456565436, 0.02250091728521276]","[0.004416742676010665, 0.022560119471659423]","[0.3989694148472859, -0.4352406235179679]",0.14553769588259796
3,618,"[0.38206751200479716, 0.6731359665112681]","[0.20033155121842627, 0.8577591891930944]","[0.5815442959367279, 0.45551041629482547]","[0.004321328116061002, 0.022420815519085497]","[0.00441371049526651, 0.02247954502594407]","[0.3989535678638614, -0.4352511004328852]",0.14555037448772054
3,619,"[0.38205886934856503, 0.6730911248802299]","[0.20033155121842627, 0.8577591891930944]","[0.5815277929078421, 0.4554603778613856]","[0.004318929373069111, 0.022340955406808322]","[0.0044105738535788475, 0.022399216008190947]","[0.39893784711855407, -0.43526149403768866]",0.14556300629432212
3,620,"[0.38205023148981887, 0.6730464429694163]","[0.20033155121842627, 0.8577591891930944]","[0.5815113572926273, 0.45541054047193474]","[0.004316421621832378, 0.022261336608227628]","[0.004407334097730087, 0.0223191320481107]","[0.3989222516056168, -0.4352718049949631]",0.14557559146324484
3,621,"[0.3820415986465752, 0.6730019202961999]","[0.20033155121842627, 0.8577591891930944]","[0.5814949888102334, 0.4553609033151884]","[0.004313806243424978, 0.02218195877956665]","[0.004403992561713088, 0.022239292772031682]","[0.3989067803273164, -0.4352820339620229]",0.14558813015485433
3,622,"[0.3820329710340884, 0.6729575563786407]","[0.20033155121842627, 0.8577591891930944]","[0.5814786871810229, 0.45531146558316393]","[0.004311084605865675, 0.02210282157347894]","[0.004400550566842132, 0.022159697802951073]","[0.39889143229386903, -0.4352921815909536]",0.1456006225290405
3,623,"[0.3820243488648767, 0.6729133507354937]","[0.20033155121842627, 0.8577591891930944]","[0.581462452126566, 0.455262226471167]","[0.00430825806423013, 0.022023924639102292]","[0.004397009421860054, 0.022080346760586955]","[0.39887620652337863, -0.4353022485286535]",0.14561306874521845
3,624,"[0.38201573234874825, 0.6728693028862155]","[0.20033155121842627, 0.8577591891930944]","[0.5814462833696343, 0.45521318517777776]","[0.00430532796076225, 0.021945267622111842]","[0.004393370423048992, 0.022001239261430217]","[0.39886110204177216, -0.43531223541687547]",0.14562546896232942
3,625,"[0.38200712169282675, 0.6728254123509713]","[0.20033155121842627, 0.8577591891930944]","[0.5814301806341956, 0.4551643409048377]","[0.004302295624984385, 0.021866850164772716]","[0.004389634854336966, 0.02192237491879423]","[0.3988461178827377, -0.4353221428922671]",0.14563782333884143
3,626,"[0.3819985171015768, 0.6727816786506418]","[0.20033155121842627, 0.8577591891930944]","[0.5814141436454086, 0.45511569285743586]","[0.004299162373807226, 0.02178867190599181]","[0.004385803987403847, 0.021843753342865424]","[0.39883125308766354, -0.4353319715864118]",0.14565013203275035
3,627,"[0.3819899187768292, 0.6727381013068298]","[0.20033155121842627, 0.8577591891930944]","[0.5813981721296171, 0.4550672402438952]","[0.004295929511637914, 0.021710732481369257]","[0.00438187908178761, 0.021765374140753024]","[0.3988165067055758, -0.4353417221258691]",0.14566239520158075
3,628,"[0.3819813269178059, 0.672694679841867]","[0.20033155121842627, 0.8577591891930944]","[0.581382265814345, 0.45501898227575976]","[0.004292598330488089, 0.021633031523249906]","[0.004377861384988746, 0.021687236916538455]","[0.3988018777930783, -0.43535139513221455]",0.14567461300238688
3,629,"[0.3819727417211449, 0.6726514137788205]","[0.20033155121842627, 0.8577591891930944]","[0.5813664244282906, 0.4549709181677808]","[0.004289170110080512, 0.021555568660773666]","[0.004373752132575126, 0.021609341271323912]","[0.3987873654142913, -0.4353609912220795]",0.14568678559175335
3,630,"[0.38196416338092476, 0.672608302641499]","[0.20033155121842627, 0.8577591891930944]","[0.5813506477013208, 0.4549230471379041]","[0.004285646117954937, 0.02147834351992537]","[0.004369552548284028, 0.021531686803279937]","[0.39877296864079215, -0.4353705110071897]",0.145698913125796
3,631,"[0.38195559208868884, 0.6725653459544592]","[0.20033155121842627, 0.8577591891930944]","[0.581334935364467, 0.4548753684072565]","[0.004282027609573228, 0.021401355723584675]","[0.004365263844124445, 0.021454273107694377]","[0.39875868655155633, -0.4353799550944053]",0.14571099576016294
3,632,"[0.3819470280334697, 0.672522543243012]","[0.20033155121842627, 0.8577591891930944]","[0.5813192871499184, 0.45482788120013234]","[0.004278315828423481, 0.021324604891574273]","[0.004360887220479115, 0.02137709977701857]","[0.39874451823289747, -0.43538932408575926]",0.1457230336500357
3,633,"[0.38193847140181286, 0.6724798940332288]","[0.20033155121842627, 0.8577591891930944]","[0.5813037027910177, 0.4547805847439811]","[0.004274512006123422, 0.021248090640709535]","[0.004356423866204384, 0.02130016640091492]","[0.39873046277840973, -0.4353986185784955]",0.14573502695012958
3,634,"[0.3819299223778006, 0.6724373978519474]","[0.20033155121842627, 0.8577591891930944]","[0.5812881820222554, 0.4547334782693939]","[0.004270617362522715, 0.02117181258484595]","[0.004351874958730018, 0.02122347256630258]","[0.3987165192889096, -0.43540783916510706]",0.14574697581469498
3,635,"[0.38192138114307556, 0.6723950542267778]","[0.20033155121842627, 0.8577591891930944]","[0.5812727245792644, 0.45468656101009064]","[0.00426663310580443, 0.02109577033492657]","[0.004347241664158674, 0.02114701785740386]","[0.39870268687237764, -0.43541698643337434]",0.1457588803975181
3,636,"[0.38191284787686397, 0.6723528626861079]","[0.20033155121842627, 0.8577591891930944]","[0.5812573301988151, 0.45463983220290693]","[0.0042625604325863195, 0.021019963499029466]","[0.004342525137363384, 0.021070801855789023]","[0.39868896464390224, -0.435426060966402]",0.1457707408519221
3,637,"[0.3819043227559988, 0.6723108227591099]","[0.20033155121842627, 0.8577591891930944]","[0.5812419986188102, 0.45459329108778174]","[0.004258400528019979, 0.020944391682414517]","[0.0043377265220844174, 0.020994824140421864]","[0.39867535172562285, -0.43543506334265636]",0.14578255733076761
3,638,"[0.38189580595494277, 0.672268933975745]","[0.20033155121842627, 0.8577591891930944]","[0.5812267295782794, 0.45454693690774384]","[0.004254154565890865, 0.020869054487569004]","[0.004332846951027092, 0.020919084287703615]","[0.3986618472466732, -0.43544399413600243]",0.14579432998645409
3,639,"[0.381887297645811, 0.6722271958667699]","[0.20033155121842627, 0.8577591891930944]","[0.5812115228173742, 0.4545007689088998]","[0.004249823708715682, 0.020793951514253922]","[0.004327887545955589, 0.020843581871517414]","[0.39864845034312646, -0.4354528539157403]",0.1458060589709204
3,640,"[0.3818787979983935, 0.6721856079637414]","[0.20033155121842627, 0.8577591891930944]","[0.5811963780773631, 0.45445478634042036]","[0.004245409107840349, 0.020719082359548703]","[0.00432284941778921, 0.02076831646327193]","[0.3986351601579392, -0.43546164324664205]",0.1458177444356462
3,641,"[0.38187030718017784, 0.6721441697990223]","[0.20033155121842627, 0.8577591891930944]","[0.5811812951006263, 0.4544089884545288]","[0.004240911903536676, 0.020644446617896575]","[0.0043177336666958555, 0.020693287631944002]","[0.398621975840897, -0.43547036268898687]",0.14582938653165234
3,642,"[0.38186182535637075, 0.6721028809057864]","[0.20033155121842627, 0.8577591891930944]","[0.5811662736306504, 0.4543633745064877]","[0.004236333225097769, 0.02057004388114832]","[0.0043125413821855085, 0.020618494944121712]","[0.39860889654855935, -0.43547901279859735]",0.14584098540950197
3,643,"[0.38185335268992054, 0.6720617408180241]","[0.20033155121842627, 0.8577591891930944]","[0.581151313412024, 0.45431794375458656]","[0.004231674190933786, 0.020495873738606788]","[0.004307273643202381, 0.02054393796404691]","[0.39859592144420686, -0.435487594126875]",0.14585254121930177
3,644,"[0.38184488934153865, 0.6720207490705469]","[0.20033155121842627, 0.8577591891930944]","[0.5811364141904318, 0.45427269546012927]","[0.004226935908665339, 0.020421935777069983]","[0.004301931518217006, 0.02046961625365673]","[0.39858304969778635, -0.4354961072208352]",0.14586405411070258
3,645,"[0.38183643546972135, 0.6719799051989928]","[0.20033155121842627, 0.8577591891930944]","[0.5811215757126509, 0.4542276288874217]","[0.004222119475218084, 0.020348229580873893]","[0.0042965160653169465, 0.020395529372624732]","[0.3985702804858591, -0.43550455262314214]",0.14587552423290046
3,646,"[0.38182799123077094, 0.671939208739831]","[0.20033155121842627, 0.8577591891930944]","[0.5811067977265442, 0.4541827433037593]","[0.00421722597691426, 0.020274754731935542]","[0.004291028332297497, 0.020321676878402528]","[0.39855761299154646, -0.4355129308721435]",0.14588695173463762
3,647,"[0.3818195567788171, 0.6718986592303672]","[0.20033155121842627, 0.8577591891930944]","[0.5810920799810568, 0.4541380379794149]","[0.00421225648956542, 0.02020151080979488]","[0.004285469356750227, 0.02024805832625981]","[0.3985450464044794, -0.4355212425019046]",0.14589833676420333
3,648,"[0.381811132265838, 0.6718582562087476]","[0.20033155121842627, 0.8577591891930944]","[0.5810774222262106, 0.4540935121876263]","[0.004207212078563289, 0.02012849739165655]","[0.004279840166152793, 0.020174673269324928]","[0.3985325799207452, -0.4355294880422427]",0.14590967946943484
3,649,"[0.3818027178416809, 0.6718179992139643]","[0.20033155121842627, 0.8577591891930944]","[0.5810628242130994, 0.454049165204584]","[0.004202093798970362, 0.020055714052431346]","[0.004274141777955931, 0.020101521258624633]","[0.398520212742837, -0.4355376680187607]",0.1459209799977186
3,650,"[0.38179431365408295, 0.6717778877858595]","[0.20033155121842627, 0.8577591891930944]","[0.5810482856938839, 0.4540049963094191]","[0.004196902695609421, 0.01998316036477661]","[0.004268375199671659, 0.02002860184312283]","[0.3985079440796019, -0.4355457829528807]",0.14593223849599085
3,651,"[0.38178591984869176, 0.6717379214651299]","[0.20033155121842627, 0.8577591891930944]","[0.5810338064217873, 0.45396100478419116]","[0.004191639803152674, 0.019910835899137537]","[0.0042625414289590435, 0.019955914569760813]","[0.398495773146191, -0.4355538333618775]",0.1459434551107388
3,652,"[0.3817775365690855, 0.6716980997933316]","[0.20033155121842627, 0.8577591891930944]","[0.5810193861510901, 0.4539171899138762]","[0.004186306146209784, 0.019838740223786535]","[0.0042566414537101305, 0.019883458983494307]","[0.39848369916400916, -0.43556181975891084]",0.14595462998800157
3,653,"[0.38176916395679306, 0.6716584223128841]","[0.20033155121842627, 0.8577591891930944]","[0.5810050246371252, 0.4538735509863547]","[0.004180902739415226, 0.019766872904863134]","[0.0042506762521356545, 0.01981123462733242]","[0.39847172136066433, -0.4355697426530588]",0.14596576327337107
3,654,"[0.38176080215131425, 0.6716188885670744]","[0.20033155121842627, 0.8577591891930944]","[0.580990721636274, 0.45383008729239915]","[0.004175430587515285, 0.019695233506413033]","[0.004244646792848472, 0.01973924104237562]","[0.39845983896991943, -0.4355776025493505]",0.1459768551119931
3,655,"[0.38175245129013924, 0.6715794981000616]","[0.20033155121842627, 0.8577591891930944]","[0.5809764769059601, 0.4537867981256628]","[0.004169890685453781, 0.019623821590427106]","[0.004238554034948383, 0.019667477767852215]","[0.39844805123164173, -0.4355853999487975]",0.14598790564856812
3,656,"[0.38174411150876836, 0.6715402504568807]","[0.20033155121842627, 0.8577591891930944]","[0.5809622902046463, 0.4537436827826676]","[0.0041642840184577794, 0.019552636716880192]","[0.004232398928103898, 0.019595944341156357]","[0.39843635739175587, -0.43559313534842625]",0.14599891502735246
3,657,"[0.38173578294073146, 0.671501145183447]","[0.20033155121842627, 0.8577591891930944]","[0.5809481612918286, 0.45370074056279197]","[0.004158611562121727, 0.019481678443768437]","[0.00422618241263556, 0.019524640297884144]","[0.39842475670219424, -0.43560080924130995]",0.1460098833921591
3,658,"[0.38172746571760724, 0.6714621818265594]","[0.20033155121842627, 0.8577591891930944]","[0.5809340899280321, 0.45365797076825964]","[0.004152874282491678, 0.019410946327147488]","[0.004219905419597214, 0.019453565171869525]","[0.3984132484208497, -0.43560842211659945]",0.14602081088635857
3,659,"[0.38171915996904227, 0.6714233599339051]","[0.20033155121842627, 0.8577591891930944]","[0.5809200758748065, 0.45361537270412766]","[0.00414707313614829, 0.01934043992116976]","[0.004213568870856277, 0.01938271849522094]","[0.39840183181152855, -0.4356159744595549]",0.14603169765288032
3,660,"[0.38171086582277, 0.6713846790540627]","[0.20033155121842627, 0.8577591891930944]","[0.5809061188947209, 0.45357294567827433]","[0.004141209070289351, 0.019270158778120564]","[0.00420717367917578, 0.01931209979835591]","[0.3983905061439018, -0.4356234667515768]",0.14604254383421322
3,661,"[0.38170258340462937, 0.6713461387365065]","[0.20033155121842627, 0.8577591891930944]","[0.5808922187513599, 0.4535306890013884]","[0.004135283022811797, 0.019200102448455887]","[0.004200720748291253, 0.019241708610036934]","[0.398379270693461, -0.43563089947023625]",0.14605334957240682
3,662,"[0.38169431283858374, 0.6713077385316096]","[0.20033155121842627, 0.8577591891930944]","[0.5808783752093183, 0.4534886019869568]","[0.0041292959223925415, 0.019130270480837576]","[0.004194210972992718, 0.01917154445740571]","[0.3983681247414691, -0.4356382730893057]",0.14606411500907224
3,663,"[0.38168605424673896, 0.671269477990648]","[0.20033155121842627, 0.8577591891930944]","[0.5808645880341972, 0.4534466839512533]","[0.004123248688569172, 0.01906066242216906]","[0.004187645239200621, 0.019101606866017584]","[0.3983570675749164, -0.4356455880787893]",0.1460748402853833
3,664,"[0.38167780774936183, 0.6712313566658036]","[0.20033155121842627, 0.8577591891930944]","[0.5808508569925988, 0.4534049342133274]","[0.004117142231819534, 0.018991277817631446]","[0.004181024424044666, 0.019031895359875595]","[0.39834609848647384, -0.4356528449049524]",0.14608552554207707
3,665,"[0.3816695734648982, 0.6711933741101683]","[0.20033155121842627, 0.8577591891930944]","[0.5808371818521226, 0.45336335209499246]","[0.004110977453641108, 0.018922116210718258]","[0.004174349395939914, 0.018962409461464547]","[0.39833521677444883, -0.43566004403035175]",0.14609617091945543
3,666,"[0.3816613515099909, 0.6711555298777468]","[0.20033155121842627, 0.8577591891930944]","[0.5808235623813602, 0.45332193692081435]","[0.004104755246629121, 0.018853177143269364]","[0.004167621014664502, 0.01889314869178349]","[0.39832442174273863, -0.435667185913865]",0.14610677655738552
3,667,"[0.3816531419994977, 0.6711178235234603]","[0.20033155121842627, 0.8577591891930944]","[0.5808099983498916, 0.4532806880181005]","[0.004098476494554912, 0.01878446015550651]","[0.004160840131433807, 0.01882411257037947]","[0.39831371270078775, -0.43567427101071954]",0.14611734259530107
3,668,"[0.3816449450465086, 0.6710802546031492]","[0.20033155121842627, 0.8577591891930944]","[0.5807964895282798, 0.4532396047168882]","[0.004092142072442567, 0.018715964786066255]","[0.004154007588976494, 0.018755300615379722]","[0.3983030889635424, -0.4356812997725221]",0.14612786917220338
3,669,"[0.3816367607623637, 0.6710428226735771]","[0.20033155121842627, 0.8577591891930944]","[0.5807830356880672, 0.4531986863499335]","[0.0040857528466455096, 0.01864769057203401]","[0.004147124221608456, 0.01868671234352387]","[0.39829254985140705, -0.43568827264728716]",0.14613835642666206
3,670,"[0.3816285892566704, 0.671005527292433]","[0.20033155121842627, 0.8577591891930944]","[0.5807696366017712, 0.45315793225270024]","[0.004079309674922983, 0.018579637048977388]","[0.00414019085530698, 0.018618347270196345]","[0.3982820946902015, -0.43569519007946556]",0.1461488044968162
3,671,"[0.3816204306373206, 0.670968368018335]","[0.20033155121842627, 0.8577591891930944]","[0.5807562920428786, 0.4531173417633485]","[0.004072813406514184, 0.018511803750978443]","[0.004133208307784242, 0.018550204909457135]","[0.398271722811116, -0.43570205250997307]",0.1461592135203753
3,672,"[0.3816122850105076, 0.6709313444108331]","[0.20033155121842627, 0.8577591891930944]","[0.580743001785843, 0.45307691422272395]","[0.004066264882214179, 0.018444190210667236]","[0.004126177388558805, 0.018482284774074098]","[0.3982614335506709, -0.43570886037621837]",0.14616958363462032
3,673,"[0.38160415248074314, 0.6708944560304118]","[0.20033155121842627, 0.8577591891930944]","[0.5807297656060793, 0.4530366489743463]","[0.0040596649344469115, 0.018376795959252665]","[0.004119098899028728, 0.0184145863755526]","[0.3982512262506722, -0.4357156141121309]",0.14617991497640448
3,674,"[0.38159603315087426, 0.6708577024384933]","[0.20033155121842627, 0.8577591891930944]","[0.5807165832799592, 0.45299654536439904]","[0.004053014387339212, 0.018309620526556]","[0.004111973632543009, 0.018347109224167546]","[0.39824110025816994, -0.4357223141481885]",0.1461902076821544
3,675,"[0.3815879271220996, 0.6708210831974402]","[0.20033155121842627, 0.8577591891930944]","[0.5807034545848083, 0.45295660274171756]","[0.0040463140567933145, 0.01824266344104075]","[0.004104802374470973, 0.018279852828992305]","[0.39823105492541744, -0.4357289609114452]",0.14620046188787134
3,676,"[0.381579834493986, 0.6707845978705581]","[0.20033155121842627, 0.8577591891930944]","[0.5806903792989002, 0.4529168204577791]","[0.004039564750558723, 0.018175924229845104]","[0.004097585902273937, 0.018212816697929735]","[0.3982210896098284, -0.43573555482555804]",0.14621067772913154
3,677,"[0.3815717553644849, 0.6707482460220984]","[0.20033155121842627, 0.8577591891930944]","[0.5806773572014532, 0.4528771978666911]","[0.004032767268304536, 0.018109402418811957]","[0.004090324985574323, 0.01814600033774111]","[0.3982112036739366, -0.4357420963108145]",0.14622085534108792
3,678,"[0.3815636898299483, 0.6707120272172608]","[0.20033155121842627, 0.8577591891930944]","[0.5806643880726258, 0.45283773432518143]","[0.004025922401689844, 0.018043097532520227]","[0.004083020386224656, 0.018079403254075588]","[0.3982013964853549, -0.43574858578415865]",0.1462309948584704
3,679,"[0.3815556379851449, 0.6706759410221957]","[0.20033155121842627, 0.8577591891930944]","[0.5806514716935123, 0.4527984291925864]","[0.004019030934434083, 0.017977009094314277]","[0.0040756728583760116, 0.018013024951499645]","[0.39819166741673473, -0.4357550236592187]",0.1462410964155875
3,680,"[0.381547599923276, 0.6706399870040071]","[0.20033155121842627, 0.8577591891930944]","[0.5806386078461391, 0.4527592818308408]","[0.004012093642387275, 0.01791113662633401]","[0.004068283148546015, 0.01794686493352471]","[0.3981820158457261, -0.43576141034633253]",0.14625116014632694
3,681,"[0.38153957573599123, 0.6706041647307543]","[0.20033155121842627, 0.8577591891930944]","[0.5806257963134598, 0.4527202916044672]","[0.004005111293598819, 0.017845479649545002]","[0.00406085199568651, 0.01788092270263686]","[0.3981724411549371, -0.4357677462525743]",0.14626118618415673
3,682,"[0.38153156551340406, 0.6705684737714552]","[0.20033155121842627, 0.8577591891930944]","[0.5806130368793518, 0.452681457880565]","[0.003998084648386495, 0.017780037683767177]","[0.004053380131249562, 0.017815197760324142]","[0.39816294273189556, -0.4357740317817804]",0.1462711746621262
3,683,"[0.3815235693441073, 0.6705329136960877]","[0.20033155121842627, 0.8577591891930944]","[0.5806003293286119, 0.4526427800288002]","[0.003991014459404093, 0.017714810247703924]","[0.004045868279253684, 0.017749689607104158]","[0.3981535199690093, -0.435780267334575]",0.146281125712867
3,684,"[0.3815155873151885, 0.6704974840755923]","[0.20033155121842627, 0.8577591891930944]","[0.5805876734469516, 0.45260425742139443]","[0.003983901471709055, 0.017649796858970623]","[0.004038317156350724, 0.017684397742552038]","[0.3981441722635263, -0.4357864533083957]",0.1462910394685939
3,685,"[0.38150761951224504, 0.6704621844818743]","[0.20033155121842627, 0.8577591891930944]","[0.580575069020994, 0.4525658894331148]","[0.003976746422829801, 0.01758499703412303]","[0.004030727471889428, 0.017619321665327092]","[0.3981348990174979, -0.43579259009751903]",0.14630091606110618
3,686,"[0.3814996660193994, 0.6704270144878061]","[0.20033155121842627, 0.8577591891930944]","[0.5805625158382689, 0.4525276754412634]","[0.003969550042831603, 0.017520410288685458]","[0.004023099927981111, 0.017554460873200284]","[0.39812569963773903, -0.43579867809308537]",0.1463107556217882
3,687,"[0.3814917269193137, 0.6703919736672287]","[0.20033155121842627, 0.8577591891930944]","[0.5805500136872094, 0.45248961482566663]","[0.003962313054382379, 0.01745603613717831]","[0.0040154352195626575, 0.017489814863080377]","[0.39811657353579133, -0.4358047176831241]",0.1463205582816106
3,688,"[0.38148380229320494, 0.6703570615949543]","[0.20033155121842627, 0.8577591891930944]","[0.5805375623571472, 0.4524517069686652]","[0.003955036172818555, 0.01739187409314573]","[0.004007734034461363, 0.017425383131040417]","[0.3981075201278844, -0.43581070925257825]",0.1463303241711313
3,689,"[0.3814758922208593, 0.670322277846768]","[0.20033155121842627, 0.8577591891930944]","[0.5805251616383091, 0.45241395125510353]","[0.003947720106209206, 0.017327923669182198]","[0.003999997053456383, 0.017361165172343374]","[0.39809853883489965, -0.43581665318332896]",0.14634005342049639
3,690,"[0.3814679967806469, 0.6702876219994296]","[0.20033155121842627, 0.8577591891930944]","[0.5805128113218131, 0.4523763470723197]","[0.003940365555420378, 0.01726418437696013]","[0.003992224950342127, 0.017297160481468288]","[0.39808962908233236, -0.43582254985421975]",0.1463497461594412
3,691,"[0.38146011604953606, 0.6702530936306756]","[0.20033155121842627, 0.8577591891930944]","[0.5805005111996635, 0.452338893810135]","[0.003932973214178707, 0.017200655727255775]","[0.003984418391990152, 0.017233368552135808]","[0.3980807903002549, -0.43582839964108133]",0.14635940251729132
3,692,"[0.3814522501031077, 0.6702186923192212]","[0.20033155121842627, 0.8577591891930944]","[0.5804882610647482, 0.45230159086084376]","[0.003925543769134833, 0.01713733722997591]","[0.00397657803840995, 0.017169788877332948]","[0.39807202192328095, -0.4358342029167548]",0.14636902262296342
3,693,"[0.3814443990155694, 0.6701844176447612]","[0.20033155121842627, 0.8577591891930944]","[0.5804760607108339, 0.4522644376192033]","[0.003918077899925691, 0.017074228394183308]","[0.003968704542810231, 0.017106420949337953]","[0.39806332339052897, -0.4358399600511158]",0.1463786066049665
3,694,"[0.38143656285976957, 0.6701502691879728]","[0.20033155121842627, 0.8577591891930944]","[0.5804639099325624, 0.4522274334824238]","[0.003910576279236341, 0.0170113287281229]","[0.003960798551659539, 0.017043264259745228]","[0.3980546941455856, -0.4358456714110981]",0.14638815459140264
3,695,"[0.3814287417072111, 0.6701162465305166]","[0.20033155121842627, 0.8577591891930944]","[0.5804518085254469, 0.4521905778501582]","[0.003903039572862201, 0.016948637739247232]","[0.003952860704745209, 0.01698031829948965]","[0.39804613363647157, -0.4358513373607168]",0.14639766670996823
3,696,"[0.38142093562806534, 0.6700823492550381]","[0.20033155121842627, 0.8577591891930944]","[0.5804397562858676, 0.45215387012449215]","[0.0038954684397693655, 0.016886154934240834]","[0.0039448916352339825, 0.016917582558870103]","[0.3980376413156046, -0.43585695826109183]",0.14640714308795455
3,697,"[0.3814131446911858, 0.6700485769451696]","[0.20033155121842627, 0.8577591891930944]","[0.5804277530110687, 0.45211730970993425]","[0.003887863532155735, 0.016823879819046168]","[0.003936891969729794, 0.016855056527574186]","[0.39802921663976587, -0.43586253447047074]",0.14641658385224932
3,698,"[0.3814053689641215, 0.6700149291855315]","[0.20033155121842627, 0.8577591891930944]","[0.5804157984991536, 0.4520808960134056]","[0.003880225495510359, 0.016761811898887313]","[0.003928862328332783, 0.016792739694700964]","[0.3980208590700641, -0.4358680663442518]",0.14642598912933713
3,699,"[0.3813976085131305, 0.6699814055617337]","[0.20033155121842627, 0.8577591891930944]","[0.5804038925490815, 0.45204462844423055]","[0.0038725549686735, 0.016699950678294592]","[0.00392080332469652, 0.016730631548784347]","[0.3980125680719021, -0.4358735542350063]",0.1464353590453009
3,700,"[0.38138986340319314, 0.6699480056603772]","[0.20033155121842627, 0.8577591891930944]","[0.5803920349606642, 0.4520085064141265]","[0.0038648525838955714, 0.016638295661129125]","[0.003912715566085911, 0.016668731577816842]","[0.39800434311494204, -0.43587899849250133]",0.14644469372582253
3,701,"[0.38138213369802537, 0.6699147290690549]","[0.20033155121842627, 0.8577591891930944]","[0.5803802255345609, 0.4519725293371938]","[0.0038571189668952038, 0.01657684635060531]","[0.0039045996534342042, 0.01660703926927115]","[0.3979961836730711, -0.43588439946372226]",0.14645399329618414
3,702,"[0.3813744194600916, 0.6698815753763537]","[0.20033155121842627, 0.8577591891930944]","[0.5803684640722758, 0.45193669662990654]","[0.003849354736917764, 0.016515602249315763]","[0.0038964561813989995, 0.016545554110123706]","[0.39798808922436846, -0.4358897574928944]",0.14646325788126888
3,703,"[0.3813667207506178, 0.6698485441718551]","[0.20033155121842627, 0.8577591891930944]","[0.5803567503761535, 0.4519010077111026]","[0.0038415605067927726, 0.016454562859253664]","[0.003888285738418651, 0.01648427558687615]","[0.3979800592510715, -0.4358950729215051]",0.14647248760556192
3,704,"[0.3813590376296042, 0.6698156350461366]","[0.20033155121842627, 0.8577591891930944]","[0.5803450842493758, 0.45186546200197375]","[0.0038337368829908305, 0.016393727681836032]","[0.0038800889067669986, 0.016423203185577717]","[0.3979720932395432, -0.43590034608832573]",0.14648168259315147
3,705,"[0.38135137015583825, 0.6697828475907729]","[0.20033155121842627, 0.8577591891930944]","[0.5803334654959575, 0.45183005892605627]","[0.0038258844656800955, 0.016333096217926585]","[0.0038718662626092137, 0.016362336391847032]","[0.3979641906802386, -0.43590557732943325]",0.1464908429677299
3,706,"[0.3813437183869069, 0.6697501813983371]","[0.20033155121842627, 0.8577591891930944]","[0.5803218939207431, 0.4517947979092214]","[0.0038180038487828187, 0.016272667967858194]","[0.0038636183760560883, 0.01630167469089372]","[0.39795635106767235, -0.4359107669782314]",0.14649996885259453
3,707,"[0.38133608237920935, 0.6697176360624014]","[0.20033155121842627, 0.8577591891930944]","[0.5803103693294027, 0.45175967837966524]","[0.003810095620030655, 0.016212442431454845]","[0.0038553458112181027, 0.016241217567539268]","[0.39794857390038674, -0.43591591536547236]",0.1465090603706487
3,708,"[0.3813284621879693, 0.6696852111775385]","[0.20033155121842627, 0.8577591891930944]","[0.5802988915284291, 0.45172469976789986]","[0.0038021603610196883, 0.016152419108053814]","[0.0038470491262584394, 0.016180964506238016]","[0.39794085868091955, -0.43592102281927736]",0.14651811764440276
3,709,"[0.38132085786724723, 0.6696529063393224]","[0.20033155121842627, 0.8577591891930944]","[0.5802874603251331, 0.45168986150674345]","[0.003794198647265441, 0.016092597496527302]","[0.003838728873447328, 0.01612091499109819]","[0.3979332049157718, -0.4359260896651579]",0.14652714079597512
3,710,"[0.3813132694699527, 0.6696207211443294]","[0.20033155121842627, 0.8577591891930944]","[0.5802760755276406, 0.4516551630313111]","[0.0037862110482570445, 0.016032977095304407]","[0.003830385599214614, 0.016061068505902887]","[0.3979256121153758, -0.43593111622603653]",0.14653612994709286
3,711,"[0.38130569704785616, 0.6695886551901388]","[0.20033155121842627, 0.8577591891930944]","[0.5802647369448888, 0.45162060377900504]","[0.003778198127510911, 0.015973557402391623]","[0.0038220198442010522, 0.01600142453412956]","[0.39791807979406524, -0.43593610282226747]",0.14654508521909332
3,712,"[0.3812981406516011, 0.669556708075334]","[0.20033155121842627, 0.8577591891930944]","[0.5802534443866226, 0.45158618318950555]","[0.0037701604426241906, 0.01591433791539431]","[0.00381363214331093, 0.01594198255897039]","[0.39791060747004303, -0.4359410497716568]",0.14655400673292462
3,713,"[0.3812906003307159, 0.6695248793995032]","[0.20033155121842627, 0.8577591891930944]","[0.5802421976633911, 0.4515519007047617]","[0.003762098545327726, 0.015855318131537524]","[0.0038052230257637487, 0.015882742063352495]","[0.3979031946653505, -0.43594595738948305]",0.1465628946091468
3,714,"[0.3812830761336252, 0.6694931687632402]","[0.20033155121842627, 0.8577591891930944]","[0.580230996586544, 0.4515177557689816]","[0.0037540129815381105, 0.015796497547686215]","[0.0037967930151441287, 0.015823702529957018]","[0.3978958409058375, -0.4359508259885171]",0.14657174896793274
3,715,"[0.38127556810766217, 0.6694615757681448]","[0.20033155121842627, 0.8577591891930944]","[0.5802198409682279, 0.45148374782862377]","[0.0037459042914100536, 0.015737875660365833]","[0.0037883426294534894, 0.015764863441238786]","[0.3978885457211314, -0.43595565587904206]",0.14658056992906943
3,716,"[0.38126807629907933, 0.669430100016824]","[0.20033155121842627, 0.8577591891930944]","[0.5802087306213827, 0.4514498763323874]","[0.0037377730093877725, 0.015679451965782066]","[0.0037798723811600654, 0.01570622427944518]","[0.3978813086446067, -0.4359604473688732]",0.14658935761195827
3,717,"[0.38126060075306056, 0.6693987411128924]","[0.20033155121842627, 0.8577591891930944]","[0.5801976653597387, 0.45141614073120356]","[0.0037296196642564996, 0.015621225959841473]","[0.0037713827772479225, 0.015647784526636177]","[0.3978741292133563, -0.43596520076337775]",0.1465981121356168
3,718,"[0.3812531415137321, 0.6693674986609728]","[0.20033155121842627, 0.8577591891930944]","[0.5801866449978124, 0.4513825404782258]","[0.003721444779192469, 0.015563197138170014]","[0.0037628743192670844, 0.015589543664701444]","[0.3978670069681606, -0.435969916365494]",0.14660683361867927
3,719,"[0.3812456986241737, 0.6693363722666964]","[0.20033155121842627, 0.8577591891930944]","[0.5801756693509035, 0.451349075028821]","[0.0037132488718138266, 0.015505364996133055]","[0.0037543475033811613, 0.015531501175379825]","[0.3978599414534596, -0.4359745944757508]",0.14661552217939766
3,720,"[0.3812382721264301, 0.6693053615367042]","[0.20033155121842627, 0.8577591891930944]","[0.580164738235091, 0.4513157438405607]","[0.0037050324542302875, 0.01544772902885484]","[0.0037458028204180316, 0.015473656540277825]","[0.39785293221732176, -0.4359792353922869]",0.1466241779356427
3,721,"[0.3812308620615216, 0.6692744660786465]","[0.20033155121842627, 0.8577591891930944]","[0.5801538514672303, 0.45128254637321175]","[0.003696796033092368, 0.015390288731236549]","[0.0037372407559150833, 0.015416009240886819]","[0.39784597881141737, -0.4359838394108695]",0.1466328010049049
3,722,"[0.38122346846945543, 0.6692436855011841]","[0.20033155121842627, 0.8577591891930944]","[0.5801430088649493, 0.45124948208872717]","[0.0036885401096406136, 0.015333043597975757]","[0.003728661790169341, 0.01535855875860187]","[0.39783908079098773, -0.4359884068249138]",0.14664139150429537
3,723,"[0.3812160913892361, 0.6692130194139881]","[0.20033155121842627, 0.8577591891930944]","[0.5801322102466451, 0.4512165504512377]","[0.0036802651797542846, 0.015275993123584615]","[0.0037200663982835946, 0.015301304574738384]","[0.3978322377148179, -0.43599293792550087]",0.1466499495505469
3,724,"[0.38120873085887663, 0.669182467427741]","[0.20033155121842627, 0.8577591891930944]","[0.5801214554314809, 0.4511837509270425]","[0.003671971733999404, 0.015219136802408337]","[0.003711455050213086, 0.015244246170550646]","[0.39782544914520845, -0.43599743300139704]",0.146658475260015
3,725,"[0.3812013869154086, 0.6691520291541362]","[0.20033155121842627, 0.8577591891930944]","[0.5801107442393822, 0.4511510829846004]","[0.0036636602576764392, 0.015162474128643171]","[0.003702828210812137, 0.015187383027248147]","[0.39781871464794727, -0.4360018923390716]",0.14666696874867874
3,726,"[0.3811940595948933, 0.6691217042058789]","[0.20033155121842627, 0.8577591891930944]","[0.5801000764910339, 0.451118546094521]","[0.003655331230867937, 0.015106004596354252]","[0.0036941863398808894, 0.015130714626013342]","[0.39781203379228125, -0.4360063162227158]",0.14667543013214168
3,727,"[0.38118674893243154, 0.6690914921966862]","[0.20033155121842627, 0.8577591891930944]","[0.5800894520078764, 0.451086139729556]","[0.003646985128485231, 0.015049727699493394]","[0.0036855298922097157, 0.015074240448017917]","[0.3978054061508898, -0.4360107049342603]",0.14668385952563306
3,728,"[0.3811794549621746, 0.6690613927412872]","[0.20033155121842627, 0.8577591891930944]","[0.5800788706121027, 0.4510538633645904]","[0.0036386224203153713, 0.014993642931916512]","[0.003676859317625958, 0.015017959974439832]","[0.39779883129985627, -0.4360150587533935]",0.1466922570440085
3,729,"[0.38117217771733397, 0.6690314054554234]","[0.20033155121842627, 0.8577591891930944]","[0.5800683321266548, 0.4510217164766337]","[0.0036302435710669234, 0.014937749787400785]","[0.003668175061037948, 0.014961872686479527]","[0.3977923088186416, -0.4360193779575794]",0.146700622801751
3,730,"[0.38116491723019186, 0.6690015299558486]","[0.20033155121842627, 0.8577591891930944]","[0.5800578363752207, 0.450989698544811]","[0.003621849040416243, 0.014882047759661619]","[0.003659477562479252, 0.01490597806537619]","[0.39778583829005765, -0.43602366282207516]",0.14670895691297248
3,731,"[0.38115767353211105, 0.6689717658603292]","[0.20033155121842627, 0.8577591891930944]","[0.5800473831822309, 0.4509578090503549]","[0.003613439283052455, 0.014826536342369563]","[0.0036507672571537975, 0.01485027559242369]","[0.39777941930023974, -0.43602791361994875]",0.14671725949141365
3,732,"[0.38115044665354497, 0.6689421127876445]","[0.20033155121842627, 0.8577591891930944]","[0.5800369723728551, 0.4509260474765965]","[0.0036050147487226227, 0.014771215029167386]","[0.0036420445754791198, 0.014794764748986666]","[0.3977730514386203, -0.436032130622096]",0.14672553065044597
3,733,"[0.38114323662404753, 0.6689125703575861]","[0.20033155121842627, 0.8577591891930944]","[0.5800266037729993, 0.4508944133089568]","[0.0035965758822766617, 0.01471608331368585]","[0.003633309943129326, 0.014739445016516306]","[0.39776673429790355, -0.4360363140972586]",0.14673377050307213
3,734,"[0.38113604347228297, 0.6688831381909588]","[0.20033155121842627, 0.8577591891930944]","[0.5800162772093019, 0.4508629060349384]","[0.003588123123711275, 0.014661140689560514]","[0.0036245637810792264, 0.014684315876565601]","[0.3977604674740379, -0.4360404643120408]",0.14674197916192694
3,735,"[0.38112886722603556, 0.6688538159095797]","[0.20033155121842627, 0.8577591891930944]","[0.5800059925091314, 0.4508315251441166]","[0.0035796569082142426, 0.014606386650447336]","[0.0036158065056460242, 0.014629376810804284]","[0.39775425056619174, -0.4360445815309262]",0.14675015673927888
3,736,"[0.3811217079122191, 0.6688246031362788]","[0.20033155121842627, 0.8577591891930944]","[0.5799957495005822, 0.4508002701281313]","[0.003571177666207185, 0.014551820690038625]","[0.003607038528532114, 0.01457462730103437]","[0.39774808317672616, -0.436048666016295]",0.14675830334703024
3,737,"[0.3811145655568867, 0.6687954994948987]","[0.20033155121842627, 0.8577591891930944]","[0.579985548012472, 0.45076914048067834]","[0.0035626858233899668, 0.014497442302079227]","[0.003598260256867325, 0.014520066829205314]","[0.39774196491117064, -0.4360527180284407]",0.14676641909671861
3,738,"[0.38110744018523995, 0.6687665046102945]","[0.20033155121842627, 0.8577591891930944]","[0.5799753878743388, 0.4507381356975013]","[0.0035541818007822135, 0.0144432509803815]","[0.003589472093249446, 0.014465694877428104]","[0.39773589537819765, -0.4360567378255864]",0.14677450409951787
3,739,"[0.3811003318216384, 0.6687376181083338]","[0.20033155121842627, 0.8577591891930944]","[0.579965268916437, 0.450707255276383]","[0.0035456660147666326, 0.01438924621884073]","[0.003580674435786746, 0.014411510927990201]","[0.39772987418959715, -0.4360607256639015]",0.1467825584662387
3,740,"[0.38109324048960885, 0.6687088396158961]","[0.20033155121842627, 0.8577591891930944]","[0.5799551909697347, 0.450676498717137]","[0.0035371388771306854, 0.014335427511450248]","[0.0035718676781386627, 0.014357514463369914]","[0.3977239009602517, -0.4360646817975182]",0.1467905823073299
3,741,"[0.3810861662118546, 0.6686801687608732]","[0.20033155121842627, 0.8577591891930944]","[0.5799451538659111, 0.4506458655215996]","[0.0035286007951085717, 0.014281794352316406]","[0.0035630522095549955, 0.014303704966250275]","[0.3977179753081129, -0.4360686064785473]",0.1467985757328793
3,742,"[0.38107910901026437, 0.6686516051721686]","[0.20033155121842627, 0.8577591891930944]","[0.5799351574373522, 0.45061535519362134]","[0.0035200521714223126, 0.014228346235673404]","[0.003554228414918037, 0.014250081919533586]","[0.39771209685417575, -0.4360724999570945]",0.14680653885261485
3,743,"[0.38107206890592155, 0.6686231484796973]","[0.20033155121842627, 0.8577591891930944]","[0.579925201517149, 0.450584967239059]","[0.0035114934043230105, 0.014175082655897621]","[0.003545396674781154, 0.014196644806354797]","[0.3977062652224549, -0.43607636248127657]",0.14681447177590506
3,744,"[0.3810650459191129, 0.6685947983143855]","[0.20033155121842627, 0.8577591891930944]","[0.579915285939093, 0.4505547011657672]","[0.003502924887631321, 0.014122003107522284]","[0.0035365573654089766, 0.014143393110095326]","[0.3977004800399603, -0.43608019429723666]",0.1468223746117604
3,745,"[0.38105804006933763, 0.6685665543081705]","[0.20033155121842627, 0.8577591891930944]","[0.5799054105376746, 0.45052455648359035]","[0.0034943470107781293, 0.014069107085251517]","[0.003527710858816091, 0.01409032631439644]","[0.397694740936674, -0.4360839956491602]",0.14683024746883433
3,746,"[0.3810510513753161, 0.668538416094]","[0.20033155121842627, 0.8577591891930944]","[0.5798955751480788, 0.45049453270435447]","[0.003485760158844045, 0.014016394083974476]","[0.003518857522806784, 0.014037443903173241]","[0.39768904754552536, -0.43608776677929106]",0.14683809045542373
3,747,"[0.3810440798549984, 0.668510383305832]","[0.20033155121842627, 0.8577591891930944]","[0.5798857796061827, 0.45046462934185905]","[0.0034771647125995037, 0.013963863598778986]","[0.003509997721012459, 0.01398474536062666]","[0.39768339950236864, -0.43609150792794593]",0.14684590367947042
3,748,"[0.3810371255255732, 0.6684824555786345]","[0.20033155121842627, 0.8577591891930944]","[0.5798760237485528, 0.4504348459118693]","[0.0034685610485437725, 0.013911515124965872]","[0.0035011318129303803, 0.01393223017125772]","[0.39767779644595935, -0.43609521933353046]",0.14685368724856163
3,749,"[0.3810301884034761, 0.6684546325483846]","[0.20033155121842627, 0.8577591891930944]","[0.5798663074124415, 0.45040518193210743]","[0.0034599495389442555, 0.013859348158061417]","[0.003492260153961868, 0.01387989781987925]","[0.39767223801793083, -0.43609890123255424]",0.14686144126993134
3,750,"[0.3810232685043982, 0.6684269138520684]","[0.20033155121842627, 0.8577591891930944]","[0.5798566304357841, 0.4503756369222456]","[0.0034513305518748746, 0.013807362193831798]","[0.003483383095449377, 0.013827747791629263]","[0.3976667238627717, -0.4361025538596457]",0.14686916585046106
3,751,"[0.38101636584329446, 0.6683992991276808]","[0.20033155121842627, 0.8577591891930944]","[0.5798469926571959, 0.4503462104038971]","[0.003442704451254244, 0.01375555672829589]","[0.0034745009847138575, 0.013775779571983615]","[0.3976612536278028, -0.4361061774475674]",0.14687686109668058
3,752,"[0.3810094804343919, 0.6683717880142243]","[0.20033155121842627, 0.8577591891930944]","[0.5798373939159696, 0.4503169019006089]","[0.0034340715968842377, 0.013703931257737759]","[0.0034656141650915573, 0.013723992646767436]","[0.39765582696315527, -0.4361097722272307]",0.14688452711476932
3,753,"[0.38100261229119814, 0.6683443801517088]","[0.20033155121842627, 0.8577591891930944]","[0.5798278340520715, 0.4502877109378538]","[0.003425432344487046, 0.013652485278720433]","[0.00345672297597166, 0.01367238650216801]","[0.3976504435217467, -0.43611333842771005]",0.14689216401055677
3,754,"[0.38099576142650915, 0.6683170751811514]","[0.20033155121842627, 0.8577591891930944]","[0.5798183129061395, 0.450258637043022]","[0.003416787045743107, 0.013601218288097712]","[0.0034478277528310897, 0.01362096062474688]","[0.3976451029592607, -0.4361168762762587]",0.14689977188952397
3,755,"[0.38098892785241767, 0.6682898727445752]","[0.20033155121842627, 0.8577591891930944]","[0.5798088303194795, 0.45022967974541417]","[0.0034081360483276145, 0.013550129783027737]","[0.0034389288272714813, 0.013569714501451502]","[0.39763980493412365, -0.43612038599832204]",0.1469073508568039
3,756,"[0.380982111580321, 0.6682627724850091]","[0.20033155121842627, 0.8577591891930944]","[0.5797993861340628, 0.4502008385762327]","[0.0033994796959475786, 0.013499219260984248]","[0.0034300265270543195, 0.013518647619626956]","[0.3976345491074835, -0.43612386781755275]",0.14691490101718302
3,757,"[0.38097531262092915, 0.6682357740464872]","[0.20033155121842627, 0.8577591891930944]","[0.579789980192523, 0.45017211306857496]","[0.0033908183283781162, 0.013448486219769889]","[0.0034211211761367433, 0.013467759467027551]","[0.39762933514318777, -0.4361273219558244]",0.14692242247510148
3,758,"[0.3809685309842724, 0.6682088770740476]","[0.20033155121842627, 0.8577591891930944]","[0.5797806123381535, 0.45014350275742443]","[0.0033821522814985777, 0.013397930157527225]","[0.003412213094706351, 0.013417049531828373]","[0.39762416270776213, -0.4361307486332464]",0.14692991533465483
3,759,"[0.38096176667970943, 0.6681820812137326]","[0.20033155121842627, 0.8577591891930944]","[0.5797712824149037, 0.4501150071796438]","[0.0033734818873282914, 0.013347550572751284]","[0.0034033025992166177, 0.013366517302636216]","[0.3976190314703886, -0.4361341480681775]",0.14693737969959425
3,760,"[0.38095501971593476, 0.6681553861125871]","[0.20033155121842627, 0.8577591891930944]","[0.5797619902673775, 0.4500866258739673]","[0.0033648074740621854, 0.01329734696430143]","[0.0033943900024200335, 0.01331616226850102]","[0.3976139411028855, -0.4361375204772395]",0.146944815673328
3,761,"[0.38094829010098663, 0.6681287914186584]","[0.20033155121842627, 0.8577591891930944]","[0.5797527357408292, 0.45005835838099256]","[0.0033561293661058746, 0.013247318831412435]","[0.0033854756134040764, 0.01326598391892675]","[0.39760889127968513, -0.43614086607533176]",0.146952223358922
3,762,"[0.3809415778422544, 0.6681022967809956]","[0.20033155121842627, 0.8577591891930944]","[0.5797435186811615, 0.45003020424317347]","[0.003347447884110734, 0.013197465673706648]","[0.003376559737623519, 0.013215981743882499]","[0.39760388167781413, -0.43614418507564434]",0.146959602859101
3,763,"[0.3809348829464862, 0.6680759018496483]","[0.20033155121842627, 0.8577591891930944]","[0.5797343389349221, 0.45000216300481233]","[0.0033387633450082713, 0.01314778699120444]","[0.003367642676935234, 0.013166155233812538]","[0.3975989119768718, -0.4361474776896719]",0.14696695427624937
3,764,"[0.38092820541979616, 0.6680496062756659]","[0.20033155121842627, 0.8577591891930944]","[0.5797251963493014, 0.4499742342120524]","[0.0033300760620442824, 0.013098282284336007]","[0.0033587247296302802, 0.013116503879647412]","[0.3975939818590105, -0.436150744127227]",0.14697427771241217
3,765,"[0.3809215452676721, 0.6680234097110972]","[0.20033155121842627, 0.8577591891930944]","[0.5797160907721293, 0.44994641741287045]","[0.0033213863448134174, 0.013048951053951933]","[0.0033498061904686516, 0.013067027172813828]","[0.3975890910089144, -0.4361539845964535]",0.14698157326929578
3,766,"[0.38091490249498244, 0.6679973118089892]","[0.20033155121842627, 0.8577591891930944]","[0.5797070220518725, 0.4499187121570692]","[0.003312694499292415, 0.01299979280133477]","[0.0033408873507101977, 0.013017724605245917]","[0.39758423911378016, -0.4361571993038401]",0.1469888410482692
3,767,"[0.38090827710598385, 0.6679713122233866]","[0.20033155121842627, 0.8577591891930944]","[0.579697990037632, 0.44989111799627]","[0.00330400082787359, 0.012950807028209157]","[0.0033319684981484854, 0.012968595669394234]","[0.3975794258632963, -0.4361603884542331]",0.14699608115036458
3,768,"[0.3809016691043281, 0.6679454106093301]","[0.20033155121842627, 0.8577591891930944]","[0.5796889945791398, 0.4498636344839053]","[0.0032953056293980524, 0.012901993236752366]","[0.003323049917142551, 0.012919639858236132]","[0.3975746509496234, -0.4361635522508496]",0.1470032936762785
3,769,"[0.3808950784930693, 0.6679196066228567]","[0.20033155121842627, 0.8577591891930944]","[0.5796800355267566, 0.4498362611752113]","[0.003286609199188889, 0.012853350929605293]","[0.0033141318886488746, 0.012870856665286257]","[0.39756991406737463, -0.4361666908952907]",0.1470104787263726
3,770,"[0.38088850527467094, 0.6678938999209975]","[0.20033155121842627, 0.8577591891930944]","[0.5796711127314693, 0.4498089976272204]","[0.0032779118290832674, 0.012804879609881888]","[0.003305214690252245, 0.012822245584604985]","[0.39756521491359675, -0.43616980458755417]",0.14701763640067478
3,771,"[0.3808819494510128, 0.6678682901617777]","[0.20033155121842627, 0.8577591891930944]","[0.5796622260448874, 0.44978184339875427]","[0.0032692138074647695, 0.012756578781180293]","[0.0032962985961987323, 0.012773806110809027]","[0.3975605531877492, -0.43617289352604693]",0.14702476679887977
3,772,"[0.38087541102339784, 0.6678427770042153]","[0.20033155121842627, 0.8577591891930944]","[0.5796533753192412, 0.4497547980504162]","[0.0032605154192958744, 0.012708447947592016]","[0.003287383877425054, 0.012725537739080528]","[0.39755592859168676, -0.43617595790759833]",0.1470318700203505
3,773,"[0.38086888999255925, 0.6678173601083202]","[0.20033155121842627, 0.8577591891930944]","[0.5796445604073783, 0.44972786114458413]","[0.003251816946149131, 0.012660486613712564]","[0.003278470801591604, 0.012677439965176451]","[0.39755134082963817, -0.43617899792747206]",0.1470389461641184
3,774,"[0.3808623863586669, 0.6677920391350928]","[0.20033155121842627, 0.8577591891930944]","[0.5796357811627619, 0.4497010322454032]","[0.0032431186662391976, 0.012612694284650838]","[0.003269559633110264, 0.012629512285438071]","[0.39754678960819, -0.43618201377937915]",0.14704599532888496
3,775,"[0.38085590012133447, 0.6677668137465235]","[0.20033155121842627, 0.8577591891930944]","[0.5796270374394672, 0.4496743109187785]","[0.0032344208544538033, 0.012565070466038535]","[0.0032606506331774865, 0.012581754196799133]","[0.39754227463626546, -0.4361850056554899]",0.1470530176130222
3,776,"[0.38084943127962556, 0.6677416836055914]","[0.20033155121842627, 0.8577591891930944]","[0.579618329092179, 0.44964769673236826]","[0.003225723782384363, 0.012517614664040113]","[0.0032517440598023306, 0.012534165196795677]","[0.39753779562510694, -0.43618797374644624]",0.1470600131145737
3,777,"[0.3808429798320608, 0.6677166483762633]","[0.20033155121842627, 0.8577591891930944]","[0.5796096559761896, 0.4496211892555763]","[0.00321702771835728, 0.012470326385361954]","[0.0032428401678370466, 0.012486744783574588]","[0.3975333522882577, -0.436190918241374]",0.14706698193125556
3,778,"[0.38083654577662407, 0.6676917077234926]","[0.20033155121842627, 0.8577591891930944]","[0.5796010179473954, 0.4495947880595451]","[0.003208332927464096, 0.012423205137261336]","[0.0032339392090072194, 0.01243949245590209]","[0.3975289443415426, -0.436193839327895]",0.14707392416045734
3,779,"[0.38083012911076913, 0.6676668613132181]","[0.20033155121842627, 0.8577591891930944]","[0.5795924148622944, 0.4495684927171486]","[0.0031996396715914194, 0.012376250427555803]","[0.0032250414319402454, 0.01239240771317246]","[0.39752457150305054, -0.4361967371921389]",0.14708083989924275
3,780,"[0.38082372983142593, 0.667642108812363]","[0.20033155121842627, 0.8577591891930944]","[0.5795838465779841, 0.44954230280298546]","[0.003190948209451229, 0.01232946176463258]","[0.0032161470821945315, 0.012345490055416741]","[0.3975202334931164, -0.436199612018755]",0.14708772924435062
3,781,"[0.38081734793500704, 0.6676174498888336]","[0.20033155121842627, 0.8577591891930944]","[0.5795753129521588, 0.4495162178933715]","[0.003182258796610659, 0.01228283865745641]","[0.003207256402288361, 0.01229873898331052]","[0.3975159300343035, -0.4362024639909243]",0.14709459229219632
3,782,"[0.3808109834174138, 0.6675928842115187]","[0.20033155121842627, 0.8577591891930944]","[0.5795668138431063, 0.44949023756633333]","[0.003173571685520323, 0.01223638061557936]","[0.003198369631728648, 0.012252153998182524]","[0.3975116608513849, -0.43620529329037083]",0.1471014291388717
3,783,"[0.38080463627404276, 0.6675684114502876]","[0.20033155121842627, 0.8577591891930944]","[0.579558349109706, 0.4494643614016009]","[0.0031648871255449346, 0.012190087149148592]","[0.003189487007039027, 0.0122057346020224]","[0.3975074256713266, -0.4362081000973733]",0.1471082398801467
3,784,"[0.3807983064997917, 0.6675440312759893]","[0.20033155121842627, 0.8577591891930944]","[0.5795499186114268, 0.4494385889806008]","[0.003156205362991353, 0.012143957768915336]","[0.0031806087617876067, 0.01215948029748909]","[0.3975032242232702, -0.43621088459077695]",0.14711502461147025
3,785,"[0.3807919940890657, 0.6675197433604514]","[0.20033155121842627, 0.8577591891930944]","[0.5795415222083229, 0.4494129198864491]","[0.003147526641137016, 0.012097991986242928]","[0.0031717351266160043, 0.012113390587918216]","[0.39749905623851434, -0.4362136469480046]",0.14712178342797072
3,786,"[0.38078569903578346, 0.6674955473764789]","[0.20033155121842627, 0.8577591891930944]","[0.5795331597610329, 0.4493873537039449]","[0.00313885120025901, 0.012052189313115488]","[0.0031628663292653236, 0.012067464977330189]","[0.3974949214504989, -0.43621638734506796]",0.1471285164244571
3,787,"[0.38077942133338294, 0.6674714429978527]","[0.20033155121842627, 0.8577591891930944]","[0.5795248311307766, 0.44936189001956317]","[0.00313017927766189, 0.012006549262145843]","[0.003154002594604799, 0.012021702970437698]","[0.39749081959478727, -0.436219105956579]",0.14713522369541984
3,788,"[0.3807731609748276, 0.6674474298993284]","[0.20033155121842627, 0.8577591891930944]","[0.5795165361793523, 0.44933652842144783]","[0.003121511107705437, 0.01196107134658321]","[0.0031451441446582185, 0.011976104072653038]","[0.39748675040904935, -0.4362218029557611]",0.1471419053350319
3,789,"[0.3807669179526122, 0.6674235077566352]","[0.20033155121842627, 0.8577591891930944]","[0.5795082747691347, 0.44931126849940517]","[0.003112846921832962, 0.011915755080321406]","[0.003136291198631347, 0.011930667790095661]","[0.397482713633045, -0.43622447851446]",0.14714856143714938
3,790,"[0.3807606922587685, 0.6673996762464746]","[0.20033155121842627, 0.8577591891930944]","[0.5795000467630723, 0.44928610984489714]","[0.0031041869485978722, 0.011870599977907043]","[0.003127443972937627, 0.011885393629599783]","[0.3974787090086076, -0.43622713280315484]",0.14715519209531241
3,791,"[0.3807544838848713, 0.6673759350465187]","[0.20033155121842627, 0.8577591891930944]","[0.5794918520246849, 0.4492610520510342]","[0.0030955314136916104, 0.01182560555454619]","[0.0031186026812256573, 0.011840281098720817]","[0.39747473627962715, -0.43622976599096897]",0.14716179740274646
3,792,"[0.3807482928220439, 0.6673522838354096]","[0.20033155121842627, 0.8577591891930944]","[0.5794836904180609, 0.4492360947125692]","[0.0030868805399700675, 0.011780771326112868]","[0.0031097675344046727, 0.011795329705743096]","[0.397470795192034, -0.43623237824568073]",0.14716837745236272
3,793,"[0.380742119060964, 0.6673287222927573]","[0.20033155121842627, 0.8577591891930944]","[0.5794755618078552, 0.4492112374258903]","[0.0030782345474809746, 0.011736096809156252]","[0.0031009387406712996, 0.01175053895968653]","[0.3974668854937824, -0.436234969733734]",0.1471749323367591
3,794,"[0.38073596259186904, 0.667305250099139]","[0.20033155121842627, 0.8577591891930944]","[0.5794674660592865, 0.4491864797890143]","[0.0030695936534895804, 0.011691581520907567]","[0.003092116505534148, 0.011705908370313711]","[0.39746300693483483, -0.43623754062024933]",0.14718146214822136
3,795,"[0.3807298234045621, 0.6672818669360971]","[0.20033155121842627, 0.8577591891930944]","[0.5794594030381349, 0.4491618214015802]","[0.003060958072505806, 0.011647224979287659]","[0.0030833010318404575, 0.011661437448136136]","[0.3974591592671457, -0.43624009106903394]",0.1471879669787238
3,796,"[0.38072370148841705, 0.6672585724861386]","[0.20033155121842627, 0.8577591891930944]","[0.5794513726107398, 0.44913726186484254]","[0.003052328016309484, 0.011603026702914602]","[0.0030744925198006867, 0.011617125704421527]","[0.3974553422446454, -0.43624262124259217]",0.14719444691992997
3,797,"[0.38071759683238443, 0.6672353664327328]","[0.20033155121842627, 0.8577591891930944]","[0.5794433746439969, 0.4491128007816647]","[0.0030437036939769922, 0.01155898621110944]","[0.0030656911670139397, 0.011572972651199664]","[0.3974515556232249, -0.43624513130213627]",0.14720090206319403
3,798,"[0.3807115094249965, 0.6672122484603106]","[0.20033155121842627, 0.8577591891930944]","[0.5794354090053564, 0.4490884377565124]","[0.003035085311906158, 0.011515103023904098]","[0.003056897168492556, 0.011528977801269158]","[0.3974477991607198, -0.4362476214075963]",0.14720733249956125
3,799,"[0.38070543925437267, 0.6671892182542628]","[0.20033155121842627, 0.8577591891930944]","[0.57942747556282, 0.4490641723954476]","[0.0030264730738420982, 0.011471376662048447]","[0.0030481107166875354, 0.011485140668204274]","[0.39744407261689474, -0.4362500917176304]",0.1472137383197687
3,800,"[0.380699386308225, 0.6671662755009387]","[0.20033155121842627, 0.8577591891930944]","[0.5794195741849393, 0.44904000430612107]","[0.0030178671809021236, 0.01142780664701568]","[0.00303933200151163, 0.011441460766360267]","[0.3974403757534286, -0.4362525423896352]",0.1472201196142469
3,801,"[0.38069335057386317, 0.6671434198876446]","[0.20033155121842627, 0.8577591891930944]","[0.5794117047408123, 0.4490159330977669]","[0.0030092678316009937, 0.011384392501010364]","[0.003030561210365379, 0.011397937610880315]","[0.3974367083338982, -0.4362549735797554]",0.1472264764731197
3,802,"[0.3806873320382, 0.6671206511026425]","[0.20033155121842627, 0.8577591891930944]","[0.5794038671000824, 0.44899195838119554]","[0.0030006752218754455, 0.0113411337469741]","[0.003021798528159092, 0.011354570717700907]","[0.39743307012376483, -0.43625738544289394]",0.1472328089862059
3,803,"[0.3806813306877562, 0.6670979688351486]","[0.20033155121842627, 0.8577591891930944]","[0.579396061132935, 0.44896807976878766]","[0.002992089545108576, 0.011298029908592147]","[0.003013044137338161, 0.011311359603558224]","[0.39742946089035747, -0.4362597781327219]",0.1472391172430198
3,804,"[0.380675346508666, 0.6670753727753315]","[0.20033155121842627, 0.8577591891930944]","[0.5793882867100957, 0.4489442968744872]","[0.0029835109921546514, 0.011255080510299316]","[0.0030042982179060984, 0.01126830378599386]","[0.3974258804028593, -0.4362621518016885]",0.14724540133277214
3,805,"[0.3806693794866817, 0.6670528626143108]","[0.20033155121842627, 0.8577591891930944]","[0.5793805437028278, 0.44892060931379574]","[0.0029749397513625813, 0.011212285077286782]","[0.002995560947448017, 0.011225402783360205]","[0.3974223284322921, -0.4362645066010302]",0.14725166134437107
3,806,"[0.380663429607179, 0.6670304380441563]","[0.20033155121842627, 0.8577591891930944]","[0.5793728319829297, 0.44889701670376575]","[0.0029663760086003042, 0.011169643135507994]","[0.002986832501154335, 0.011182656114826883]","[0.39741880475150126, -0.4362668426807811]",0.14725789736642253
3,807,"[0.3806574968551618, 0.6670080987578852]","[0.20033155121842627, 0.8577591891930944]","[0.5793651514227333, 0.4488735186629943]","[0.0029578199472783144, 0.01112715421168428]","[0.002978113051842479, 0.011140063300385528]","[0.3974153091351429, -0.4362691601897819]",0.14726410948723193
3,808,"[0.38065158121526727, 0.6669858444494619]","[0.20033155121842627, 0.8577591891930944]","[0.5793575018951009, 0.448850114811617]","[0.002949271748373037, 0.011084817833311418]","[0.0029694027699813663, 0.011097623860855721]","[0.39741184135966734, -0.43627145927568967]",0.14727029779480424
3,809,"[0.3806456826717705, 0.6669636748137953]","[0.20033155121842627, 0.8577591891930944]","[0.5793498832734237, 0.4488268047713016]","[0.002940731590450359, 0.011042633528664927]","[0.0029607018237126637, 0.011055337317890435]","[0.39740840120330645, -0.4362737400849873]",0.14727646237684527
3,810,"[0.3806398012085896, 0.6669415895467379]","[0.20033155121842627, 0.8577591891930944]","[0.579342295431619, 0.44880358816524146]","[0.0029321996496885095, 0.011000600826805564]","[0.002952010378873715, 0.011013203193980636]","[0.39740498844605876, -0.43627600276299283]",0.14728260332076246
3,811,"[0.3806339368092902, 0.6669195883450842]","[0.20033155121842627, 0.8577591891930944]","[0.5793347382441278, 0.44878046461814997]","[0.002923676099901167, 0.010958719257585861]","[0.0029433285990200786, 0.010971221012461507]","[0.3974016028696753, -0.43627824745386856]",0.14728872071366578
3,812,"[0.38062808945709037, 0.666897670906569]","[0.20033155121842627, 0.8577591891930944]","[0.5793272115859132, 0.4487574337562538]","[0.0029151611125596503, 0.010916988351654828]","[0.0029346566454471756, 0.010929390297516772]","[0.3973982442576456, -0.43628047430063044]",0.14729481464236827
3,813,"[0.38062225913486525, 0.6668758369298657]","[0.20033155121842627, 0.8577591891930944]","[0.5793197153324575, 0.4487344952072873]","[0.0029066548568160914, 0.01087540764046387]","[0.0029259946772118295, 0.010887710574183973]","[0.39739491239518454, -0.43628268344515686]",0.1473008851933873
3,814,"[0.38061644582515164, 0.6668540861145849]","[0.20033155121842627, 0.8577591891930944]","[0.5793122493597606, 0.4487116486004858]","[0.002898157499525356, 0.010833976656271588]","[0.0029173428511546917, 0.010846181368359353]","[0.39739160706921783, -0.4362848750281981]",0.1473069324529453
3,815,"[0.3806106495101526, 0.6668324181612723]","[0.20033155121842627, 0.8577591891930944]","[0.579304813544337, 0.4486888935665796]","[0.002889669205266915, 0.01079269493214929]","[0.0029087013219206703, 0.010804802206802633]","[0.3973883280683689, -0.4362870491893853]",0.14731295650697054
3,816,"[0.38060487017174205, 0.666810832771408]","[0.20033155121842627, 0.8577591891930944]","[0.5792974077632143, 0.4486662297377885]","[0.002881190136367086, 0.010751562001986771]","[0.0029000702419815783, 0.010763572617142225]","[0.3973850751829444, -0.43628920606723887]",0.1473189574410979
3,817,"[0.3805991077914693, 0.666789329647404]","[0.20033155121842627, 0.8577591891930944]","[0.5792900318939304, 0.44864365674781514]","[0.0028727204529209426, 0.010710577400496527]","[0.0028914497616562285, 0.01072249212787929]","[0.39738184820492206, -0.4362913457991777]",0.1473249353406699
3,818,"[0.38059336235056346, 0.666767908492603]","[0.20033155121842627, 0.8577591891930944]","[0.5792826858145319, 0.448621174231839]","[0.0028642603128134036, 0.010669740663218972]","[0.0028828400291311396, 0.01068156026839262]","[0.3973786469279369, -0.43629346852152806]",0.14733089029073745
3,819,"[0.3805876338299378, 0.6667465690112766]","[0.20033155121842627, 0.8577591891930944]","[0.5792753694035716, 0.4485987818265107]","[0.0028558098717408904, 0.010629051326527613]","[0.002874241190482296, 0.010640776568943133]","[0.39737547114726757, -0.4362955743695318]",0.14733682237606077
3,820,"[0.3805819222101943, 0.6667253109086235]","[0.20033155121842627, 0.8577591891930944]","[0.5792680825401064, 0.44857647916994575]","[0.0028473692832322517, 0.010588508927633685]","[0.0028656533896943004, 0.010600140560678373]","[0.3973723206598242, -0.43629766347735555]",0.14734273168111017
3,821,"[0.38057622747162784, 0.6667041338907682]","[0.20033155121842627, 0.8577591891930944]","[0.5792608251036949, 0.44855426590171876]","[0.002838938698669869, 0.010548113004590695]","[0.002857076768682354, 0.010559651775636725]","[0.39736919526413417, -0.4362997359780989]",0.1473486182900668
3,822,"[0.3805705495942305, 0.666683037664759]","[0.20033155121842627, 0.8577591891930944]","[0.5792535969743956, 0.4485321416628575]","[0.0028305182673105593, 0.010507863096299773]","[0.0028485114673111878, 0.010519309746752026]","[0.39736609476033025, -0.43630179200380304]",0.1473544822868238
3,823,"[0.3805648885576959, 0.6666620219385664]","[0.20033155121842627, 0.8577591891930944]","[0.5792463980327647, 0.44851010609583697]","[0.00282210813630607, 0.010467758742513355]","[0.002839957623415379, 0.010479114007857004]","[0.3973630189501376, -0.43630383168545883]",0.14736032375498664
3,824,"[0.38055924434142324, 0.6666410864210813]","[0.20033155121842627, 0.8577591891930944]","[0.5792392281598535, 0.44848815884457344]","[0.0028137084507232567, 0.010427799483840202]","[0.0028314153728194458, 0.010439064093688166]","[0.39735996763686054, -0.4363058551530158]",0.14736614277787446
3,825,"[0.3805536169245218, 0.6666202308221136]","[0.20033155121842627, 0.8577591891930944]","[0.5792320872372071, 0.4484662995544187]","[0.0028053193535648984, 0.010387984861749713]","[0.002822884849357443, 0.010399159539889458]","[0.39735694062537064, -0.4363078625353899]",0.14737193943852062
3,826,"[0.38054800628581464, 0.6665994548523901]","[0.20033155121842627, 0.8577591891930944]","[0.5792249751468614, 0.44844452787215416]","[0.0027969409857894387, 0.010348314418576188]","[0.002814366184892503, 0.010359399883016318]","[0.3973539377220936, -0.43630985396047195]",0.14737771381967352
3,827,"[0.38054241240384307, 0.666578758223553]","[0.20033155121842627, 0.8577591891930944]","[0.579217891771342, 0.4484228434459851]","[0.002788573486330979, 0.010308787697523112]","[0.00280585950933554, 0.010319784660539344]","[0.3973509587349978, -0.4363118295551357]",0.1473834660037978
3,828,"[0.38053683525687043, 0.6665581406481579]","[0.20033155121842627, 0.8577591891930944]","[0.579210836993661, 0.4484012459255349]","[0.002780216992118864, 0.010269404242667387]","[0.002797364950665182, 0.010280313410848507]","[0.39734800347358123, -0.436313789445246]",0.1473891960730746
3,829,"[0.3805312748228862, 0.6665376018396726]","[0.20033155121842627, 0.8577591891930944]","[0.5792038106973156, 0.4483797349618392]","[0.0027718716380972577, 0.010230163598963466]","[0.0027888826349467544, 0.010240985673256597]","[0.3973450717488589, -0.4363157337556668]",0.1473949041094027
3,830,"[0.38052573107960996, 0.6665171415124747]","[0.20033155121842627, 0.8577591891930944]","[0.5791968127662861, 0.4483583102073401]","[0.002763537557245001, 0.010191065312246969]","[0.00278041268635032, 0.010201800988002774]","[0.39734216337335226, -0.43631766261026905]",0.1474005901943995
3,831,"[0.3805202040044955, 0.6664967593818502]","[0.20033155121842627, 0.8577591891930944]","[0.5791898430850333, 0.44833697131588085]","[0.002755214880594272, 0.010152108929239272]","[0.0027719552271703862, 0.010162758896256396]","[0.3973392781610756, -0.4363195761319386]",0.14740625440940153
3,832,"[0.3805146935747343, 0.6664764551639917]","[0.20033155121842627, 0.8577591891930944]","[0.5791829015384968, 0.4483157179426996]","[0.0027469037372497224, 0.010113293997550725]","[0.0027635103778433923, 0.010123858940120412]","[0.3973364159275251, -0.4363214744425842]",0.14741189683546543
3,833,"[0.3805091997672598, 0.6664562285759966]","[0.20033155121842627, 0.8577591891930944]","[0.5791759880120931, 0.4482945497444241]","[0.002738604254407807, 0.010074620065685214]","[0.0027550782569669696, 0.010085100662635071]","[0.3973335764896667, -0.436323357663145]",0.14741751755336868
3,834,"[0.380503722558751, 0.6664360793358652]","[0.20033155121842627, 0.8577591891930944]","[0.5791691023917134, 0.44827346637906595]","[0.0027303165573750714, 0.010036086683042782]","[0.002746658981317096, 0.010046483607780488]","[0.3973307596659248, -0.43632522591359857]",0.14742311664361074
3,835,"[0.38049826192563624, 0.6664160071624992]","[0.20033155121842627, 0.8577591891930944]","[0.5791622445637212, 0.44825246750601505]","[0.0027220407695866373, 0.009997693399924517]","[0.0027382526658669137, 0.010008007320481016]","[0.39732796527617, -0.4363270793129682]",0.14742869418641344
3,836,"[0.38049281784409705, 0.6663960117756993]","[0.20033155121842627, 0.8577591891930944]","[0.5791554144149509, 0.4482315527860338]","[0.002713777012625087, 0.009959439767535144]","[0.002729859423804659, 0.009969671346607756]","[0.39732519314170767, -0.43632891797933093]",0.14743425026172197
3,837,"[0.3804873902900718, 0.6663760928961642]","[0.20033155121842627, 0.8577591891930944]","[0.5791486118327054, 0.4482107218812519]","[0.0027055254062382707, 0.009921325337986956]","[0.002721479366550539, 0.009931475232981768]","[0.3973224430852672, -0.4363307420298246]",0.14743978494920584
3,838,"[0.3804819792392593, 0.6663562502454882]","[0.20033155121842627, 0.8577591891930944]","[0.5791418367047543, 0.4481899744551604]","[0.0026972860683576907, 0.00988334966430344]","[0.002713112603775103, 0.009893418527377629]","[0.39731971493098994, -0.43633255158065554]",0.1474452983282593
3,839,"[0.3804765846671226, 0.6663364835461596]","[0.20033155121842627, 0.8577591891930944]","[0.5791350889193316, 0.44816931017260647]","[0.0026890591151161464, 0.009845512300422308]","[0.0027047592434163437, 0.00985550077852615]","[0.3973170085044181, -0.43633434674710625]",0.1474507904780028
3,840,"[0.3804712065488923, 0.6663167925215587]","[0.20033155121842627, 0.8577591891930944]","[0.5791283683651343, 0.4481487286997876]","[0.0026808446608656638, 0.009807812801198463]","[0.002696419391696625, 0.009817721536116764]","[0.39731432363248387, -0.43633612764354224]",0.14745626147728313
3,841,"[0.3804658448595706, 0.6662971768959564]","[0.20033155121842627, 0.8577591891930944]","[0.5791216749313196, 0.44812822970424654]","[0.0026726428181951378, 0.00977025072240829]","[0.0026880931531403363, 0.00978008035080169]","[0.39731166014349806, -0.43633789438341963]",0.14746171140467462
3,842,"[0.3804604995739342, 0.6662776363945115]","[0.20033155121842627, 0.8577591891930944]","[0.5791150085075039, 0.44810781285486534]","[0.0026644536979477072, 0.009732825620751565]","[0.002679780630590378, 0.009742576774197542]","[0.39730901786713935, -0.4363396470792924]",0.14746714033847996
3,843,"[0.3804551706665383, 0.66625817074327]","[0.20033155121842627, 0.8577591891930944]","[0.5791083689837597, 0.44808747782186026]","[0.0026562774092380613, 0.009695537053855422]","[0.002671481925225372, 0.009705210358888772]","[0.3973063966344429, -0.43634138584281945]",0.14747254835673068
3,844,"[0.38044985811171983, 0.6662387796691622]","[0.20033155121842627, 0.8577591891930944]","[0.5791017562506149, 0.4480672242767765]","[0.002648114059469704, 0.009658384580277223]","[0.002663197136575979, 0.009667980658430109]","[0.3973037962777901, -0.4363431107847715]",0.14747793553718824
3,845,"[0.3804445618836009, 0.6662194629000017]","[0.20033155121842627, 0.8577591891930944]","[0.5790951701990498, 0.44804705189248223]","[0.002639963754351557, 0.00962136775950716]","[0.0026549263625411657, 0.009630887227349616]","[0.3973012166308978, -0.4363448220150389]",0.14748330195734488
3,846,"[0.38043928195609217, 0.6662002201644827]","[0.20033155121842627, 0.8577591891930944]","[0.5790886107204958, 0.4480269603431638]","[0.002631826597915631, 0.009584486151971532]","[0.002646669699405302, 0.009593929621150576]","[0.3972986575288072, -0.4363465196426377]",0.1474886476944241
3,847,"[0.38043401830289636, 0.6661810511921787]","[0.20033155121842627, 0.8577591891930944]","[0.5790820777068333, 0.44800694930432017]","[0.002623702692532829, 0.00954773931903519]","[0.0026384272418537025, 0.009557107396314213]","[0.39729611880787385, -0.43634820377571715]",0.14749397282538185
3,848,"[0.3804287708975113, 0.6661619557135406]","[0.20033155121842627, 0.8577591891930944]","[0.5790755710503899, 0.44798701845275735]","[0.002615592138930166, 0.009511126823004569]","[0.0026301990829886712, 0.009520420110302519]","[0.3972936003057571, -0.4363498745215666]",0.1474992774269072
3,849,"[0.38042353971323345, 0.6661429334598946]","[0.20033155121842627, 0.8577591891930944]","[0.5790690906439381, 0.4479671674665835]","[0.0026074950362065885, 0.009474648227130494]","[0.002621985314345987, 0.009483867321560535]","[0.39729110186140926, -0.43635153198662224]",0.14750456157542288
3,850,"[0.38041832472316106, 0.6661239841634403]","[0.20033155121842627, 0.8577591891930944]","[0.5790626363806939, 0.4479473960252034]","[0.0025994114818500293, 0.00943830309561059]","[0.002613786025910503, 0.009447448589518403]","[0.39728862331506565, -0.43635317627647385]",0.1475098253470864
3,851,"[0.3804131259001974, 0.666105107557249]","[0.20033155121842627, 0.8577591891930944]","[0.5790562081543144, 0.44792770380931335]","[0.0025913415717525442, 0.009402090993591933]","[0.002605601306131633, 0.009411163474593698]","[0.39728616450823395, -0.4363548074958714]",0.14751506881779058
3,852,"[0.3804079432170539, 0.6660863033752619]","[0.20033155121842627, 0.8577591891930944]","[0.5790498058588964, 0.44790809050089586]","[0.0025832854002273754, 0.009366011487173627]","[0.0025974312419386747, 0.009375011538193867]","[0.39728372528368505, -0.436356425748732]",0.14752029206316478
3,853,"[0.38040277664625344, 0.6660675713522876]","[0.20033155121842627, 0.8577591891930944]","[0.5790434293889744, 0.4478885557832143]","[0.002575243060023847, 0.009330064143409115]","[0.002589275918756684, 0.009338992342718289]","[0.3972813054854418, -0.43635803113814653]",0.14752549515857502
3,854,"[0.3803976261601334, 0.6660489112240008]","[0.20033155121842627, 0.8577591891930944]","[0.5790370786395187, 0.4478690993408079]","[0.00256721464234385, 0.00929424853030872]","[0.002581135420520686, 0.0093031054515601]","[0.3972789049587706, -0.4363596237663858]",0.14753067817912546
3,855,"[0.3803924917308487, 0.6660303227269402]","[0.20033155121842627, 0.8577591891930944]","[0.5790307535059334, 0.4478497208594864]","[0.0025592002368566603, 0.00925856421684183]","[0.0025730098296924964, 0.009267350429108534]","[0.3972765235501693, -0.4363612037349076]",0.1475358411996588
3,856,"[0.380387373330375, 0.6660118055985065]","[0.20033155121842627, 0.8577591891930944]","[0.5790244538840545, 0.44783042002632506]","[0.002551199931715015, 0.00922301077293919]","[0.0025648992272741533, 0.009231726840750798]","[0.39727416110735914, -0.43636277114436284]",0.14754098429475704
3,857,"[0.3803822709305115, 0.6659933595769606]","[0.20033155121842627, 0.8577591891930944]","[0.5790181796701486, 0.44781119652965956]","[0.002543213813570132, 0.009187587769495593]","[0.0025568036928237947, 0.009196234252874358]","[0.3972718174792741, -0.4363643260946021]",0.14754610753874237
3,858,"[0.3803771845028844, 0.6659749844014216]","[0.20033155121842627, 0.8577591891930944]","[0.5790119307609105, 0.4477920500590806]","[0.002535241967586926, 0.009152294778371277]","[0.002548723304469147, 0.0091608722328681]","[0.39726949251605226, -0.43636586868468186]",0.14755121100567808
3,859,"[0.3803721140189492, 0.6659566798118648]","[0.20033155121842627, 0.8577591891930944]","[0.5790057070534618, 0.44777298030542934]","[0.002527284477458877, 0.009117131372394659]","[0.0025406581389232907, 0.00912564034912472]","[0.3972671860690251, -0.4363673990128709]",0.14755629476936905
3,860,"[0.38036705944999427, 0.66593844554912]","[0.20033155121842627, 0.8577591891930944]","[0.5789995084453485, 0.4477539869607915]","[0.00251934142542293, 0.00908209712536393]","[0.0025326082714983156, 0.009090538171042495]","[0.3972648979907085, -0.43636891717665693]",0.14756135890336294
3,861,"[0.3803620207671434, 0.6659202813548692]","[0.20033155121842627, 0.8577591891930944]","[0.5789933348345399, 0.4477350697184933]","[0.0025114128922746515, 0.009047191612049529]","[0.002524573776120753, 0.009055565269026511]","[0.39726262813479285, -0.4363704232727519]",0.14756640348095038
3,862,"[0.38035699794135885, 0.6659021869716452]","[0.20033155121842627, 0.8577591891930944]","[0.5789871861194262, 0.44771622827309565]","[0.0025034989573823473, 0.009012414408195599]","[0.0025165547253438447, 0.009020721214490768]","[0.39726037635613476, -0.436371917397099]",0.14757142857516625
3,863,"[0.3803519909434441, 0.6658841621428288]","[0.20033155121842627, 0.8577591891930944]","[0.5789810621988174, 0.4476974623203895]","[0.002495599698702032, 0.008977765090522036]","[0.0025085511903635838, 0.008986005579859513]","[0.39725814251074665, -0.43637339964487853]",0.14757643425879036
3,864,"[0.3803469997440467, 0.6658662066126477]","[0.20033155121842627, 0.8577591891930944]","[0.5789749629719405, 0.4476787715573908]","[0.0024877151927913876, 0.008943243236726637]","[0.0025005632410318723, 0.008951417938569295]","[0.39725592645578767, -0.4363748701105139]",0.14758142060434803
3,865,"[0.3803420243136611, 0.6658483201261742]","[0.20033155121842627, 0.8577591891930944]","[0.5789688883384388, 0.4476601556823355]","[0.002479845514824324, 0.008908848425486338]","[0.002492590945869677, 0.008916957865069464]","[0.3972537280495555, -0.4363763288876774]",0.14758638768411103
3,866,"[0.38033706462263145, 0.6658305024293233]","[0.20033155121842627, 0.8577591891930944]","[0.5789628381983696, 0.44764161439467487]","[0.002471990738604779, 0.008874580236459583]","[0.0024846343720816844, 0.008882624934825056]","[0.39725154715147626, -0.43637777606929684]",0.1475913355700983
3,867,"[0.38033212064115424, 0.6658127532688504]","[0.20033155121842627, 0.8577591891930944]","[0.5789568124522022, 0.4476231473950699]","[0.00246415093658123, 0.008840438250287222]","[0.002476693585569567, 0.008848418724316853]","[0.39724938362209594, -0.4363792117475609]",0.14759626433407674
3,868,"[0.3803271923392811, 0.6657950723923498]","[0.20033155121842627, 0.8577591891930944]","[0.5789508110008169, 0.44760475438538727]","[0.002456326179860033, 0.008806422048594921]","[0.002468768650945141, 0.008814338811043487]","[0.39724723732307166, -0.43638063601392507]",0.14760117404756185
3,869,"[0.38032227968692134, 0.6657774595482526]","[0.20033155121842627, 0.8577591891930944]","[0.5789448337455025, 0.44758643506869367]","[0.0024485165382193163, 0.00877253121399409]","[0.0024608596315439657, 0.008780384773522665]","[0.3972451081171624, -0.4363820489591179]",0.1476060647818188
3,870,"[0.3803173826538449, 0.6657599144858246]","[0.20033155121842627, 0.8577591891930944]","[0.5789388805879552, 0.44756818914925145]","[0.002440722080122965, 0.00873876533008387]","[0.0024529665894387764, 0.00874655619129222]","[0.39724299586822054, -0.4363834506731463]",0.1476109366078629
3,871,"[0.3803125012096847, 0.6657424369551644]","[0.20033155121842627, 0.8577591891930944]","[0.5789329514302759, 0.4475500163325137]","[0.0024329428727336046, 0.008705123981452479]","[0.002445089585452642, 0.008712852644911562]","[0.39724090044118243, -0.4363848412453015]",0.14761578959646032
3,872,"[0.38030763532393924, 0.6657250267072016]","[0.20033155121842627, 0.8577591891930944]","[0.5789270461749698, 0.44753191632511924]","[0.002425178981926334, 0.008671606753678559]","[0.0024372286791708997, 0.008679273715962665]","[0.39723882170206115, -0.43638622076416467]",0.14762062381812918
3,873,"[0.3803027849659754, 0.6657076834936942]","[0.20033155121842627, 0.8577591891930944]","[0.5789211647249439, 0.44751388883488796]","[0.002417430472301935, 0.008638213233332399]","[0.0024293839289549757, 0.008645818987051135]","[0.397236759517937, -0.43638758931761257]",0.1476254393431401
3,874,"[0.3802979501050308, 0.6656904070672276]","[0.20033155121842627, 0.8577591891930944]","[0.5789153069835052, 0.447495933570816]","[0.0024096974071997498, 0.008604943007977584]","[0.002421555391955099, 0.008612488041807365]","[0.39723471375694885, -0.43638894699282316]",0.1476302362415169
3,875,"[0.3802931307102164, 0.6656731971812117]","[0.20033155121842627, 0.8577591891930944]","[0.5789094728543593, 0.44747805024307097]","[0.0024019798487113003, 0.008571795666172112]","[0.0024137431241230134, 0.008579280464887817]","[0.39723268428828584, -0.43639029387628137]",0.14763501458303743
3,876,"[0.380288326750519, 0.6656560535898793]","[0.20033155121842627, 0.8577591891930944]","[0.5789036622416088, 0.4474602385629872]","[0.0023942778576926996, 0.008538770797469862]","[0.0024059471802236887, 0.008546195841975801]","[0.3972306709821797, -0.43639163005378423]",0.14763977443723436
3,877,"[0.3802835381948036, 0.6656389760482844]","[0.20033155121842627, 0.8577591891930944]","[0.5788978750497513, 0.44744249824306104]","[0.002386591493777586, 0.00850586799242111]","[0.0023981676138487007, 0.008513233759782024]","[0.39722867370989545, -0.43639295561044666]",0.14764451587339583
3,878,"[0.38027876501181607, 0.6656219643122995]","[0.20033155121842627, 0.8577591891930944]","[0.578892111183678, 0.44742482899694613]","[0.0023789208153899566, 0.008473086842574638]","[0.0023904044774281097, 0.00848039380604626]","[0.3972266923437239, -0.4363942706307067]",0.1476492389605665
3,879,"[0.3802740071701853, 0.6656050181386143]","[0.20033155121842627, 0.8577591891930944]","[0.5788863705486716, 0.44740723053944886]","[0.0023712658797563242, 0.008440426940478174]","[0.002382657822242562, 0.008447675569537627]","[0.39722472675697273, -0.43639557519833083]",0.1476539437675477
3,880,"[0.38026926463842575, 0.6655881372847333]","[0.20033155121842627, 0.8577591891930944]","[0.5788806530504055, 0.44738970258652344]","[0.0023636267429188768, 0.008407887879679542]","[0.0023749276984354473, 0.008415078640055695]","[0.39722277682395946, -0.43639686939641975]",0.14765863036289878
3,881,"[0.3802645373849399, 0.6655713215089739]","[0.20033155121842627, 0.8577591891930944]","[0.5788749585949413, 0.44737224485526733]","[0.0023560034597473146, 0.008375469254727735]","[0.002367214155024777, 0.008382602608430989]","[0.3972208424200028, -0.43639815330741316]",0.14766329881493767
3,882,"[0.38025982537802044, 0.6655545705704644]","[0.20033155121842627, 0.8577591891930944]","[0.5788692870887273, 0.4473548570639168]","[0.0023483960839511173, 0.00834317066117387]","[0.0023595172399159536, 0.008350247066525818]","[0.39721892342141374, -0.4363994270130952]",0.14766794919174125
3,883,"[0.38025512858585253, 0.6655378842291421]","[0.20033155121842627, 0.8577591891930944]","[0.5788636384385974, 0.44733753893184214]","[0.002340804668091949, 0.008310991695572272]","[0.0023518369999116495, 0.008318011607235276]","[0.39721701970548984, -0.43640069059459985]",0.14767258156114688
3,884,"[0.38025044697651633, 0.6655212622457509]","[0.20033155121842627, 0.8577591891930944]","[0.5788580125517688, 0.447320290179543]","[0.0023332292635953045, 0.008278931955481059]","[0.002344173480725631, 0.00828589582448741]","[0.397215131150505, -0.43640194413241584]",0.14767719599075224
3,885,"[0.38024578051798913, 0.66550470438184]","[0.20033155121842627, 0.8577591891930944]","[0.5788524093358409, 0.447303110528644]","[0.0023256699207629228, 0.008246991039463003]","[0.0023365267269924717, 0.008253899313243884]","[0.3972132576357036, -0.43640318770639186]",0.14768179254791686
3,886,"[0.3802411291781476, 0.665488210399761]","[0.20033155121842627, 0.8577591891930944]","[0.5788468286987934, 0.4472859997018901]","[0.002318126688784271, 0.008215168547086671]","[0.00232889678228021, 0.008222021669501034]","[0.39721139904129166, -0.43640442139574187]",0.1476863712997623
3,887,"[0.3802364929247701, 0.6654717800626668]","[0.20033155121842627, 0.8577591891930944]","[0.5788412705489847, 0.4472689574231421]","[0.0023105996157481044, 0.008183464078926854]","[0.002321283689101228, 0.00819026249028948]","[0.39720955524842927, -0.43640564527904946]",0.1476909323131731
3,888,"[0.3802318717255386, 0.665455413134509]","[0.20033155121842627, 0.8577591891930944]","[0.5788357347951503, 0.44725198341737205]","[0.0023030887486543902, 0.008151877236565306]","[0.0023136874889235215, 0.008158621373675679]","[0.3972077261392234, -0.4364068594342738]",0.1476954756547974
3,889,"[0.38022726554804126, 0.6654391093800358]","[0.20033155121842627, 0.8577591891930944]","[0.5788302213464014, 0.4472350774106587]","[0.0022955941334257975, 0.008120407622591454]","[0.0023061082221817464, 0.008127097918761705]","[0.39720591159672025, -0.4364080639387542]",0.14770000139104816
3,890,"[0.3802226743597744, 0.6654228685647906]","[0.20033155121842627, 0.8577591891930944]","[0.5788247301122231, 0.44721823913018327]","[0.0022881158149188783, 0.008089054840603212]","[0.002298545928288598, 0.008095691725685694]","[0.39720411150489743, -0.43640925886921467]",0.1477045095881031
3,891,"[0.38021809812814455, 0.6654066904551094]","[0.20033155121842627, 0.8577591891930944]","[0.5788192610024732, 0.4472014683042247]","[0.0022806538369354854, 0.008057818495207324]","[0.0022910006456450804, 0.00806440239562245]","[0.3972023257486572, -0.43641044430176934]",0.1477090003119061
3,892,"[0.3802135368204707, 0.6653905748181189]","[0.20033155121842627, 0.8577591891930944]","[0.5788138139273797, 0.4471847646621554]","[0.00227320824223394, 0.008026698192019918]","[0.0022834724116526095, 0.008033229530783503]","[0.39720055421381806, -0.43641162031192704]",0.1477134736281674
3,893,"[0.38020899040398626, 0.6653745214217349]","[0.20033155121842627, 0.8577591891930944]","[0.5788083887975404, 0.4471681279344367]","[0.002265779072540184, 0.007995693537667293]","[0.002275961262722559, 0.00800217273441789]","[0.39719879678710823, -0.4364127869745964]",0.1477179296023649
3,894,"[0.3802044588458412, 0.6653585300346596]","[0.20033155121842627, 0.8577591891930944]","[0.5788029855239206, 0.4471515578526146]","[0.002258366368558668, 0.007964804139786058]","[0.002268467234286864, 0.007971231610811536]","[0.39719705335615885, -0.43641394436409]",0.14772236829974436
3,895,"[0.3801999421131041, 0.66534260042638]","[0.20033155121842627, 0.8577591891930944]","[0.5787976040178517, 0.4471350541493151]","[0.0022509701699832767, 0.007934029607023555]","[0.0022609903608098447, 0.007940405765288316]","[0.3971953238094953, -0.4364150925541299]",0.1477267897853204
3,896,"[0.38019544017276413, 0.665326732367166]","[0.20033155121842627, 0.8577591891930944]","[0.57879224419103, 0.44711861655824015]","[0.002243590515508298, 0.007903369549038771]","[0.0022535306757970885, 0.007909694804209833]","[0.3971936080365318, -0.4364162316178517]",0.14773119412387714
3,897,"[0.3801909529917331, 0.6653109256280679]","[0.20033155121842627, 0.8577591891930944]","[0.5787869059555144, 0.44710224481416305]","[0.002236227442838711, 0.007872823576502099]","[0.002246088211807329, 0.007879098334975965]","[0.3971919059275626, -0.43641736162780975]",0.147735581379969
3,898,"[0.38018648053684745, 0.6652951799809149]","[0.20033155121842627, 0.8577591891930944]","[0.5787815892237258, 0.44708593865292434]","[0.0022288809887014973, 0.007842391301095961]","[0.0022386630004613273, 0.007848615966024208]","[0.3971902173737567, -0.43641848265598115]",0.14773995161792142
3,899,"[0.38018202277487007, 0.6652794951983128]","[0.20033155121842627, 0.8577591891930944]","[0.5787762939084449, 0.4470696978114273]","[0.0022215511888552353, 0.007812072335515124]","[0.00223125507245292, 0.007818247306830617]","[0.3971885422671496, -0.4364195947737709]",0.14774430490183127
3,900,"[0.3801775796724923, 0.6652638710536417]","[0.20033155121842627, 0.8577591891930944]","[0.5787710199228107, 0.4470535220276336]","[0.002214238078101095, 0.0077818662934667476]","[0.0022238644575591215, 0.007787991967909302]","[0.39718688050063666, -0.4364206980520162]",0.14774864129556795
3,901,"[0.3801731511963361, 0.6652483073210548]","[0.20033155121842627, 0.8577591891930944]","[0.5787657671803196, 0.4470374110405594]","[0.0022069416902933026, 0.007751772789670971]","[0.002216491184649394, 0.007757849560812546]","[0.39718523196796696, -0.4364217925609908]",0.14775296086277406
3,902,"[0.38016873731295553, 0.6652328037754754]","[0.20033155121842627, 0.8577591891930944]","[0.5787605355948232, 0.44702136459027053]","[0.002199662058348967, 0.007721791439860575]","[0.0022091352816966947, 0.007727819698131022]","[0.39718359656373536, -0.43642287837040983]",0.14775726366686587
3,903,"[0.3801643379888388, 0.6652173601925957]","[0.20033155121842627, 0.8577591891930944]","[0.5787553250805271, 0.4470053824178786]","[0.0021923992142581453, 0.007691921860781501]","[0.002201796775786191, 0.007697901993493406]","[0.39718197418337653, -0.43642395554943414]",0.14776154977103417
3,904,"[0.3801599531904103, 0.6652019763488741]","[0.20033155121842627, 0.8577591891930944]","[0.5787501355519895, 0.4469894642655368]","[0.0021851531890945295, 0.007662163670193041]","[0.0021944756931254195, 0.007668096061566709]","[0.39718036472315843, -0.4364250241666746]",0.14776581923824514
3,905,"[0.3801555828840321, 0.6651866520215337]","[0.20033155121842627, 0.8577591891930944]","[0.5787449669241198, 0.4469736098764354]","[0.002177924013024731, 0.007632516486867538]","[0.0021871720590538324, 0.007638401518055671]","[0.3971787680801754, -0.4364260842901966]",0.14777007213124083
3,906,"[0.38015122703600607, 0.6651713869885599]","[0.20033155121842627, 0.8577591891930944]","[0.5787398191121764, 0.4469578189947979]","[0.0021707117153181915, 0.007602979930590782]","[0.002179885898052958, 0.007608817979702809]","[0.3971771841523407, -0.43642713598752403]",0.14777430851253978
3,907,"[0.3801468856125754, 0.6651561810286988]","[0.20033155121842627, 0.8577591891930944]","[0.5787346920317662, 0.4469420913658767]","[0.002163516324357383, 0.007573553622162061]","[0.002172617233754892, 0.0075793450642885896]","[0.39717561283838154, -0.43642817932564415]",0.14777852844443806
3,908,"[0.38014255857992674, 0.6651410339214544]","[0.20033155121842627, 0.8577591891930944]","[0.5787295855988426, 0.4469264267359486]","[0.0021563378676473836, 0.0075442371833935595]","[0.002165366088952403, 0.0075499823906305386]","[0.3971740540378317, -0.43642921437101156]",0.14778273198900974
3,909,"[0.38013824590419143, 0.6651259454470876]","[0.20033155121842627, 0.8577591891930944]","[0.5787244997297039, 0.44691082485231143]","[0.0021491763718249376, 0.007515030237111142]","[0.002158132485607922, 0.007520729578583574]","[0.39717250765102485, -0.4364302411895523]",0.1477869192081076
3,910,"[0.3801339475514478, 0.6651109153866134]","[0.20033155121842627, 0.8577591891930944]","[0.5787194343409923, 0.4468952854632792]","[0.0021420318626687953, 0.00748593240715372]","[0.002150916444863038, 0.007491586249039561]","[0.3971709735790889, -0.4364312598466683]",0.1477910901633639
3,911,"[0.3801296634877225, 0.665095943521799]","[0.20033155121842627, 0.8577591891930944]","[0.5787143893496923, 0.44687980831817825]","[0.0021349043651084404, 0.007456943318373027]","[0.002143717987046656, 0.007462552023926705]","[0.3971694517239397, -0.43643227040724153]",0.1477952449161911
3,912,"[0.3801253936789923, 0.6650810296351622]","[0.20033155121842627, 0.8577591891930944]","[0.5787093646731292, 0.4468643931673433]","[0.0021277939032338855, 0.007428062596634346]","[0.0021365371316856008, 0.0074336265262099355]","[0.39716794198827376, -0.43643327293563794]",0.14779938352778238
3,913,"[0.3801211380911858, 0.665066173509969]","[0.20033155121842627, 0.8577591891930944]","[0.5787043602289673, 0.44684903976211315]","[0.0021207005003046424, 0.00739928986881529]","[0.002129373897512332, 0.0074048093798897985]","[0.397166444275563, -0.4364342674957117]",0.14780350605911252
3,914,"[0.3801168966901852, 0.6650513749302314]","[0.20033155121842627, 0.8577591891930944]","[0.5786993759352095, 0.44683374785482666]","[0.002113624178759063, 0.007370624762806039]","[0.002122228302474216, 0.007376100210002512]","[0.3971649584900485, -0.4364352541508094]",0.14780761257093863
3,915,"[0.3801126694418277, 0.6650366336807058]","[0.20033155121842627, 0.8577591891930944]","[0.5786944117101944, 0.44681851719881893]","[0.0021065649602232147, 0.007342066907509241]","[0.002115100363742739, 0.0073474986426191324]","[0.39716348453673345, -0.43643623296377365]",0.1478117031238005
3,916,"[0.38010845631190726, 0.6650219495468908]","[0.20033155121842627, 0.8577591891930944]","[0.5786894674725964, 0.44680334754841694]","[0.002099522865520265, 0.007313615932839474]","[0.0021079900977215016, 0.0073190043048456666]","[0.3971620223213783, -0.43643720399694763]",0.14781577777802166
3,917,"[0.3801042572661762, 0.6650073223150251]","[0.20033155121842627, 0.8577591891930944]","[0.5786845431414234, 0.4467882386589357]","[0.002092497914678988, 0.007285271469723328]","[0.002100897520054934, 0.007290616824822571]","[0.39716057175049435, -0.4364381673121789]",0.14781983659371004
3,918,"[0.3801000722703468, 0.6649927517720857]","[0.20033155121842627, 0.8577591891930944]","[0.5786796386360153, 0.4467731902866743]","[0.0020854901269428162, 0.007257033150098619]","[0.0020938226456376774, 0.0072623358317233655]","[0.3971591327313371, -0.4364391229708229]",0.14782387963075844
3,919,"[0.3800959012900929, 0.6649782377057856]","[0.20033155121842627, 0.8577591891930944]","[0.5786747538760435, 0.4467582021889118]","[0.00207849952077877, 0.0072289006069143]","[0.0020867654886221887, 0.007234160955755187]","[0.3971577051719012, -0.4364400710337475]",0.14782790694884534
3,920,"[0.38009174429105136, 0.6649637799045718]","[0.20033155121842627, 0.8577591891930944]","[0.5786698887815083, 0.4467432741239036]","[0.002071526113885681, 0.007200873474130184]","[0.0020797260624277336, 0.007206091828157624]","[0.3971562889809138, -0.4364410115613364]",0.14783191860743544
3,921,"[0.38008760123882357, 0.6649493781576236]","[0.20033155121842627, 0.8577591891930944]","[0.5786650432727383, 0.44672840585087686]","[0.002064569923203066, 0.007172951386716371]","[0.0020727043797481026, 0.007178128081202495]","[0.3971548840678294, -0.4364419446134934]",0.14783591466578075
3,922,"[0.38008347209897714, 0.6649350322548502]","[0.20033155121842627, 0.8577591891930944]","[0.5786602172703892, 0.44671359713002723]","[0.0020576309649199018, 0.007145133980652751]","[0.0020657004525600486, 0.007150269348192961]","[0.3971534903428241, -0.4364428702496459]",0.14783989518292073
3,923,"[0.3800793568370473, 0.6649207419868889]","[0.20033155121842627, 0.8577591891930944]","[0.5786554106954416, 0.4466988477225146]","[0.002050709254482443, 0.007117420892928764]","[0.0020587142921323354, 0.0071225152634627475]","[0.39715210771678855, -0.43644378852874854]",0.14784386021768334
3,924,"[0.3800752554185383, 0.664906507145103]","[0.20033155121842627, 0.8577591891930944]","[0.5786506234692004, 0.4466841573904592]","[0.0020438048066032696, 0.007089811761542715]","[0.002051745909032343, 0.007094865462376254]","[0.3971507361013241, -0.43644469950928766]",0.14784780982868562
3,925,"[0.38007116780892514, 0.6648923275215799]","[0.20033155121842627, 0.8577591891930944]","[0.578645855513293, 0.4466695258969378]","[0.002036917635269223, 0.007062306225501405]","[0.002044795313135672, 0.007067319581326836]","[0.3971493754087356, -0.43644560324928416]",0.14785174407433424
3,926,"[0.3800670939736546, 0.6648782029091289]","[0.20033155121842627, 0.8577591891930944]","[0.5786411067496682, 0.44665495300598]","[0.0020300477537494557, 0.007034903924819791]","[0.0020378625136323048, 0.007039877257737137]","[0.3971480255520271, -0.4364464998062978]",0.1478556630128263
3,927,"[0.3800630338781471, 0.6648641331012792]","[0.20033155121842627, 0.8577591891930944]","[0.5786363771005947, 0.44664043848256396]","[0.00202319517460383, 0.0070076045005196515]","[0.0020309475190360415, 0.007012538130057255]","[0.39714668644489515, -0.43644738923743054]",0.14785956670215006
3,928,"[0.3800589874877979, 0.6648501178922782]","[0.20033155121842627, 0.8577591891930944]","[0.5786316664886598, 0.44662598209261295]","[0.0020163599096910544, 0.006980407594630021]","[0.002024050337191663, 0.00698530183776519]","[0.3971453580017239, -0.43644827159933053]",0.14786345520008548
3,929,"[0.3800549547679785, 0.664836157077089]","[0.20033155121842627, 0.8577591891930944]","[0.5786269748367683, 0.4466115836029913]","[0.0020095419701766618, 0.006953312850185862]","[0.002017170975282867, 0.006958168021365119]","[0.39714404013757953, -0.43644914694819537]",0.14786732856420498
3,930,"[0.38005093568403814, 0.6648222504513887]","[0.20033155121842627, 0.8577591891930944]","[0.5786223020681405, 0.4465972427815007]","[0.002002741366540549, 0.006926319911227427]","[0.0020103094398395416, 0.006931136322386899]","[0.39714273276820466, -0.4364500153397759]",0.14787118685187395
3,931,"[0.38004693020130503, 0.6648083978115662]","[0.20033155121842627, 0.8577591891930944]","[0.5786176481063117, 0.4465829593968765]","[0.001995958108585178, 0.006899428422800135]","[0.002003465736745591, 0.006904206383385181]","[0.39714143581001327, -0.43645087682937944]",0.1478750301202517
3,932,"[0.38004293828508784, 0.6647945989547206]","[0.20033155121842627, 0.8577591891930944]","[0.5786130128751303, 0.44656873321878365]","[0.001989192205443308, 0.006872638030953423]","[0.001996639871246597, 0.006877377847939015]","[0.397140149180085, -0.4364517314718739]",0.14787885842629173
3,933,"[0.38003895990067693, 0.6647808536786587]","[0.20033155121842627, 0.8577591891930944]","[0.5786083962987568, 0.4465545640178134]","[0.001982443665585771, 0.0068459483827401696]","[0.0019898318479574795, 0.00685065036065019]","[0.3971388727961598, -0.43645257932169057]",0.14788267182674275
3,934,"[0.38003499501334576, 0.6647671617818932]","[0.20033155121842627, 0.8577591891930944]","[0.5786037983016625, 0.44654045156547906]","[0.0019757124968289735, 0.006819359126216032]","[0.001983041670868768, 0.006824023567143234]","[0.39713760657663355, -0.4364534204328283]",0.14788647037814934
3,935,"[0.3800310435883521, 0.6647535230636408]","[0.20033155121842627, 0.8577591891930944]","[0.5785992188086277, 0.4465263956342126]","[0.001968998706342212, 0.006792869910438479]","[0.0019762693433554857, 0.006797497114063578]","[0.3971363504405513, -0.43645425485885636]",0.14789025413685214
3,936,"[0.38002710559093944, 0.6647399373238199]","[0.20033155121842627, 0.8577591891930944]","[0.5785946577447412, 0.44651239599736076]","[0.0019623023006556392, 0.006766480385466267]","[0.0019695148681831975, 0.006771070649077449]","[0.39713510430760346, -0.4364550826529182]",0.14789402315898903
3,937,"[0.38002318098633814, 0.664726404363049]","[0.20033155121842627, 0.8577591891930944]","[0.5785901150353981, 0.44649845242918157]","[0.001955623285667453, 0.006740190202358639]","[0.0019627782475157285, 0.006744743820870591]","[0.39713386809812, -0.4364559038677348]",0.1478977775004956
3,938,"[0.3800192697397668, 0.6647129239826443]","[0.20033155121842627, 0.8577591891930944]","[0.5785855906062995, 0.4464845647048404]","[0.0019489616666512218, 0.0067139990131740625]","[0.001956059482922101, 0.006718516279146769]","[0.3971326417330655, -0.43645671855560775]",0.1479015172171057
3,939,"[0.38001537181643347, 0.6646994959846179]","[0.20033155121842627, 0.8577591891930944]","[0.5785810843834507, 0.44647073260040643]","[0.0019423174482632885, 0.006687906470969885]","[0.0019493585753833642, 0.006692387674627598]","[0.39713142513403443, -0.43645752676842287]",0.14790524236435237
3,940,"[0.38001148718153693, 0.6646861201716759]","[0.20033155121842627, 0.8577591891930944]","[0.5785765962931596, 0.4464569558928493]","[0.0019356906345499897, 0.0066619122298014815]","[0.0019426755253004746, 0.006666357659051159]","[0.39713021822324535, -0.4364583285576533]",0.14790895299756812
3,941,"[0.3800076158002678, 0.6646727963472163]","[0.20033155121842627, 0.8577591891930944]","[0.578572126262036, 0.44644323436003464]","[0.0019290812289545693, 0.0066360159447207984]","[0.001936010332500293, 0.006640425885170997]","[0.3971290209235364, -0.43645912397436337]",0.1479126491718858
3,942,"[0.3800037576378099, 0.6646595243153269]","[0.20033155121842627, 0.8577591891930944]","[0.5785676742169903, 0.4464295677807215]","[0.0019224892343246843, 0.006610217271776128]","[0.0019293629962425785, 0.006614592006754905]","[0.39712783315836075, -0.43645991306921084]",0.14791633094223922
3,943,"[0.37999991265934124, 0.6646463038807834]","[0.20033155121842627, 0.8577591891930944]","[0.5785632400852316, 0.44641595593455785]","[0.001915914652918811, 0.006584515868010552]","[0.001922733515227204, 0.006588855678584027]","[0.3971266548517808, -0.43646069589245107]",0.14791999836336384
3,944,"[0.3799960808300354, 0.6646331348490474]","[0.20033155121842627, 0.8577591891930944]","[0.5785588237942676, 0.4464023986020776]","[0.0019093574864140522, 0.006558911391461591]","[0.001916121887600264, 0.006563216556451756]","[0.3971254859284644, -0.43646147249393963]",0.1479236514897974
3,945,"[0.37999226211506254, 0.6646200170262645]","[0.20033155121842627, 0.8577591891930944]","[0.5785544252719022, 0.4463888955646966]","[0.001902817735912119, 0.006533403501159713]","[0.0019095281109612339, 0.006537674297162566]","[0.3971243263136792, -0.43646224292313585]",0.14792729037588037
3,946,"[0.37998845647959073, 0.6646069502192622]","[0.20033155121842627, 0.8577591891930944]","[0.5785500444462346, 0.4463754466047093]","[0.0018962954019468626, 0.006507991857127644]","[0.0019029521823699658, 0.006512228558530897]","[0.3971231759332877, -0.4364630072291058]",0.14793091507575687
3,947,"[0.3799846638887868, 0.6645939342355479]","[0.20033155121842627, 0.8577591891930944]","[0.5785456812456586, 0.4463620515052853]","[0.001889790484490539, 0.0064826761203793494]","[0.0018963940983517946, 0.00648687899937983]","[0.39712203471374363, -0.43646376546052523]",0.14793452564337511
3,948,"[0.37998088430781785, 0.6645809688833072]","[0.20033155121842627, 0.8577591891930944]","[0.578541335598861, 0.44634871005046567]","[0.0018833029829609953, 0.006457455952919049]","[0.0018898538549054211, 0.006461625279540473]","[0.3971209025820863, -0.43646451766568306]",0.1479381221324882
3,949,"[0.37997711770185194, 0.6645680539714014]","[0.20033155121842627, 0.8577591891930944]","[0.57853700743482, 0.4463354220251593]","[0.0018768328962278458, 0.006432331017739654]","[0.001883331447508907, 0.006436467059849849]","[0.397119779465936, -0.4364652638924842]",0.1479417045966545
3,950,"[0.37997336403605947, 0.664555189309366]","[0.20033155121842627, 0.8577591891930944]","[0.5785326966828044, 0.4463221872151396]","[0.0018703802226192996, 0.006407300978822505]","[0.0018768268711255587, 0.006411404002150678]","[0.3971186652934898, -0.4364660041884527]",0.14794527308923866
3,951,"[0.37996962327561423, 0.6645423747074083]","[0.20033155121842627, 0.8577591891930944]","[0.5785284032723725, 0.4463090054070409]","[0.0018639449599286266, 0.006382365501135382]","[0.0018703401202109782, 0.0063864357692892115]","[0.3971175599935166, -0.4364667386007348]",0.14794882766341194
3,952,"[0.37996589538569436, 0.664529609976406]","[0.20033155121842627, 0.8577591891930944]","[0.5785241271333706, 0.4462958763883551]","[0.0018575271054205784, 0.006357524250632386]","[0.0018638711887188353, 0.006361562025114842]","[0.39711646349535257, -0.43646746717610174]",0.1479523683721528
3,953,"[0.37996218033148355, 0.6645168949279047]","[0.20033155121842627, 0.8577591891930944]","[0.5785198681959319, 0.44628279994742814]","[0.0018511266558380406, 0.006332776894252068]","[0.0018574200701074184, 0.006336782434478383]","[0.39711537572889677, -0.43646818996095305]",0.14795589526824793
3,954,"[0.37995847807817185, 0.6645042293741161]","[0.20033155121842627, 0.8577591891930944]","[0.5785156263904754, 0.4462697758734565]","[0.0018447436074079308, 0.006308123099916677]","[0.001850986757344797, 0.006312096663230904]","[0.39711429662460707, -0.43646890700131924]",0.1479594084042924
3,955,"[0.37995478859095705, 0.6644916131279163]","[0.20033155121842627, 0.8577591891930944]","[0.5785114016477044, 0.44625680395648387]","[0.0018383779558476553, 0.006283562536530695]","[0.0018445712429162597, 0.006287504378222175]","[0.39711322611349475, -0.4364696183428648]",0.1479629078326905
3,956,"[0.3799511118350454, 0.6644790460028432]","[0.20033155121842627, 0.8577591891930944]","[0.5785071938986057, 0.44624388398739756]","[0.0018320296963715366, 0.006259094873979971]","[0.001838173518829589, 0.006263005247300002]","[0.3971121641271207, -0.43647032403089137]",0.1479663936056565
3,957,"[0.37994744777565265, 0.6644665278130952]","[0.20033155121842627, 0.8577591891930944]","[0.5785030030744482, 0.4462310157579251]","[0.001825698823696638, 0.0062347197831300796]","[0.0018317935766206661, 0.006238598939307949]","[0.3971111105975912, -0.4364710241103402]",0.14796986577521512
3,958,"[0.37994379637800524, 0.664454058373529]","[0.20033155121842627, 0.8577591891930944]","[0.5784988291067819, 0.4462181990606313]","[0.0018193853320491544, 0.006210436935825894]","[0.001825431407360023, 0.006214285124085117]","[0.39711006545755323, -0.43647171862579537]",0.14797332439320196
3,959,"[0.3799401576073411, 0.6644416374996573]","[0.20033155121842627, 0.8577591891930944]","[0.5784946719274361, 0.4462054336889142]","[0.0018130892151701392, 0.006186246004889441]","[0.0018190870016587257, 0.006190063472463703]","[0.39710902864018993, -0.4364724076214863]",0.14797676951126454
3,960,"[0.37993653142891076, 0.6644292650076475]","[0.20033155121842627, 0.8577591891930944]","[0.5784905314685194, 0.4461927194370021]","[0.0018068104663220453, 0.006162146664119076]","[0.0018127603496734812, 0.006165933656268163]","[0.3971080000792172, -0.43647309114129085]",0.14798020118086272
3,961,"[0.3799329178079781, 0.6644169407143193]","[0.20033155121842627, 0.8577591891930944]","[0.5784864076624174, 0.4461800560999504]","[0.0018005490782939417, 0.006138138588288553]","[0.0018064514411128552, 0.006141895348314108]","[0.39710697970887865, -0.43647376922873793]",0.14798361945326904
3,962,"[0.3799293167098215, 0.6644046644371427]","[0.20033155121842627, 0.8577591891930944]","[0.5784823004417925, 0.4461674434736374]","[0.001794305043407912, 0.006114221453145061]","[0.0018001602652426563, 0.006117948222406411]","[0.397105967463942, -0.4364744419270107]",0.1479870243795701
3,963,"[0.3799257280997347, 0.6643924359942365]","[0.20033155121842627, 0.8577591891930944]","[0.5784782097395815, 0.4461548813547622]","[0.0017880783535245428, 0.006090394935408648]","[0.0017938868108924866, 0.006094091953337932]","[0.3971049632796937, -0.4364751092789485]",0.14799041601066604
3,964,"[0.37992215194302764, 0.6643802552043656]","[0.20033155121842627, 0.8577591891930944]","[0.578474135488996, 0.4461423695408404]","[0.0017818690000490065, 0.00606665871277005]","[0.0017876310664597383, 0.006070326216887911]","[0.3971039670919366, -0.4364757713270504]",0.14799379439727223
3,965,"[0.37991858820502755, 0.66436812188694]","[0.20033155121842627, 0.8577591891930944]","[0.5784700776235199, 0.4461299078302014]","[0.001775676973936553, 0.006043012463890454]","[0.0017813930199163663, 0.00604665068982102]","[0.39710297883698464, -0.4364764281134773]",0.1479971595899193
3,966,"[0.3799150368510797, 0.6643560358620123]","[0.20033155121842627, 0.8577591891930944]","[0.5784660360769089, 0.4461174960219847]","[0.0017695022656981814, 0.00601945586839929]","[0.0017751726588141614, 0.006023065049885645]","[0.3971019984516585, -0.4364770796800552]",0.14800051163895378
3,967,"[0.3799114978465483, 0.6643439969502755]","[0.20033155121842627, 0.8577591891930944]","[0.5784620107831897, 0.4461051339161367]","[0.0017633448654064833, 0.005995988606892904]","[0.00176896997028958, 0.0059995689758119974]","[0.3971010258732828, -0.4364777260682775]",0.14800385059453902
3,968,"[0.3799079711568175, 0.6643320049730617]","[0.20033155121842627, 0.8577591891930944]","[0.578458001676658, 0.44609282131340794]","[0.0017572047627006473, 0.005972610360933983]","[0.0017627849410696839, 0.005976162147311337]","[0.3971000610396809, -0.43647836731930745]",0.1480071765066554
3,969,"[0.3799044567472921, 0.6643200597523398]","[0.20033155121842627, 0.8577591891930944]","[0.5784540086918779, 0.4460805580153491]","[0.0017510819467926307, 0.005949320813049174]","[0.001756617557477247, 0.005952844245073974]","[0.3970991038891716, -0.4364790034739813]",0.14801048942510114
3,970,"[0.3799009545833985, 0.6643081611107137]","[0.20033155121842627, 0.8577591891930944]","[0.5784500317636811, 0.4460683438243085]","[0.0017449764064722355, 0.0059261196467285705]","[0.001750467805435696, 0.005929614950767992]","[0.3970981543605653, -0.43647963457281036]",0.14801378939949295
3,971,"[0.37989746463058555, 0.6642963088714202]","[0.20033155121842627, 0.8577591891930944]","[0.5784460708271653, 0.44605617854342816]","[0.001738888130112535, 0.0059030065464234]","[0.0017443356704750501, 0.005906473947037416]","[0.3970972123931594, -0.4364802606559841]",0.1480170764792666
3,972,"[0.3798939868543253, 0.6642845028583274]","[0.20033155121842627, 0.8577591891930944]","[0.5784421258176928, 0.4460440619766412]","[0.0017328171056750765, 0.005879981197545507]","[0.0017382211377364731, 0.00588342091750127]","[0.3970962779267351, -0.4364808817633724]",0.14802035071367736
3,973,"[0.37989052122011396, 0.6642727428959323]","[0.20033155121842627, 0.8577591891930944]","[0.5784381966708905, 0.4460319939286682]","[0.0017267633207156152, 0.005857043286465069]","[0.0017321241919776575, 0.005860455546751242]","[0.397095350901553, -0.4364814979345282]",0.1480236121518009
3,974,"[0.3798870676934725, 0.6642610288093593]","[0.20033155121842627, 0.8577591891930944]","[0.5784342833226472, 0.4460199742050145]","[0.001720726762388774, 0.005834192500509902]","[0.0017260448175779874, 0.00583757752035069]","[0.3970944312583494, -0.4364821092086897]",0.1480268608425334
3,975,"[0.37988362623994776, 0.6642493604243583]","[0.20033155121842627, 0.8577591891930944]","[0.5784303857091144, 0.44600800261196666]","[0.001714707417453966, 0.0058114285279636585]","[0.0017199829985429793, 0.005814786524833027]","[0.39709351893833333, -0.43648271562478336]",0.14803009683459276
3,976,"[0.37988019682511287, 0.6642377375673024]","[0.20033155121842627, 0.8577591891930944]","[0.5784265037667035, 0.4459960789565894]","[0.001708705272279575, 0.0057887510580640475]","[0.0017139387185101107, 0.005792082247699615]","[0.3970926138831812, -0.4364833172214261]",0.14803332017651866
3,977,"[0.3798767794145683, 0.6642261600651863]","[0.20033155121842627, 0.8577591891930944]","[0.5784226374320857, 0.4459842030467224]","[0.001702720312849113, 0.0057661597810019175]","[0.0017079119607528725, 0.005769464377418931]","[0.3970917160350347, -0.43648391403692777]",0.14803653091667351
3,978,"[0.3798733739739426, 0.6642146277456243]","[0.20033155121842627, 0.8577591891930944]","[0.5784187866421907, 0.44597237469097745]","[0.0016967525247653244, 0.005743654387919289]","[0.0017019027081860982, 0.005746932603424404]","[0.3970908253364962, -0.4364845061092938]",0.14803972910324284
3,979,"[0.3798699804688931, 0.6642031404368485]","[0.20033155121842627, 0.8577591891930944]","[0.5784149513342056, 0.4459605936987348]","[0.0016908018932558487, 0.0057212345709079975]","[0.0016959109433710706, 0.005724486616112856]","[0.39708994173062506, -0.4364850934762273]",0.1480429147842361
3,980,"[0.3798665988651066, 0.6641916979677066]","[0.20033155121842627, 0.8577591891930944]","[0.5784111314455738, 0.44594885988014077]","[0.001684868403177921, 0.005698900023008432]","[0.001689936648519741, 0.0057021261068430085]","[0.39708906516093434, -0.4364856761751317]",0.14804608800748686
3,981,"[0.37986322912830023, 0.6641803001676606]","[0.20033155121842627, 0.8577591891930944]","[0.5784073269139937, 0.4459371730461042]","[0.0016789520390231064, 0.005676650438207805]","[0.0016839798054997246, 0.0056798507679340915]","[0.39708819557138686, -0.4364862542431128]",0.14804924882065362
3,982,"[0.37985987122422216, 0.6641689468667842]","[0.20033155121842627, 0.8577591891930944]","[0.5784035376774181, 0.4459255330082933]","[0.0016730527849225176, 0.005654485511438116]","[0.0016780403958389645, 0.005657660292663291]","[0.397087332906392, -0.4364868277169818]",0.1480523972712208
3,983,"[0.3798565251186523, 0.6641576378957613]","[0.20033155121842627, 0.8577591891930944]","[0.5783997636740533, 0.44591393957913283]","[0.0016671706246514644, 0.005632404938575366]","[0.001672118400730227, 0.00563555437526525]","[0.397086477110802, -0.436487396633257]",0.1480555334064985
3,984,"[0.379853190777403, 0.6641463730858842]","[0.20033155121842627, 0.8577591891930944]","[0.578396004842357, 0.445902392571801]","[0.001661305541633994, 0.005610408416437561]","[0.0016662138010362093, 0.005613532710929514]","[0.397085628129908, -0.43648796102816645]",0.14805865727362372
3,985,"[0.3798498681663197, 0.6641351522690513]","[0.20033155121842627, 0.8577591891930944]","[0.5783922611210383, 0.4458908918002263]","[0.0016554575189479444, 0.005588495642783072]","[0.0016603265772934805, 0.005591594995798865]","[0.3970847859094371, -0.43648852093765]",0.1480617689195607
3,986,"[0.3798465572512818, 0.6641239752777657]","[0.20033155121842627, 0.8577591891930944]","[0.5783885324490562, 0.44587943707908473]","[0.0016496265393295254, 0.005566666316309447]","[0.0016544567097171448, 0.005569740926968381]","[0.3970839503955488, -0.4364890763973619]",0.1480648683911015
3,987,"[0.3798432579982031, 0.6641128419451331]","[0.20033155121842627, 0.8577591891930944]","[0.5783848187656189, 0.4458680282237966]","[0.0016438125851778143, 0.005544920136651523]","[0.0016486041782053373, 0.0055479702024831545]","[0.3970831215348315, -0.43648962744267295]",0.14806795573486664
3,988,"[0.37983997037303274, 0.6641017521048598]","[0.20033155121842627, 0.8577591891930944]","[0.578381120010182, 0.44585666505052335]","[0.0016380156385593064, 0.00552325680437932]","[0.0016427689623441655, 0.005526282521336412]","[0.3970822992742986, -0.43649017410867286]",0.14807103099730562
3,989,"[0.3798366943417556, 0.664090705591251]","[0.20033155121842627, 0.8577591891930944]","[0.5783774361224485, 0.44584534737616505]","[0.0016322356812128785, 0.005501676020997647]","[0.001636951041411372, 0.0055046775834682315]","[0.39708148356138584, -0.436490716430172]",0.1480740942246975
3,990,"[0.37983342987039315, 0.6640797022392091]","[0.20033155121842627, 0.8577591891930944]","[0.5783737670423671, 0.445834075018357]","[0.0016264726945537968, 0.005480177488943068]","[0.0016311503943806094, 0.00548315508976327]","[0.3970806743439479, -0.4364912544417042]",0.14807714546315148
3,991,"[0.37983017692500404, 0.6640687418842312]","[0.20033155121842627, 0.8577591891930944]","[0.5783701127101313, 0.44582284779546677]","[0.001620726659678426, 0.005458760911583096]","[0.001625366999926492, 0.005461714742049484]","[0.3970798715702545, -0.43649178817752876]",0.14808018475860754
3,992,"[0.37982693547168467, 0.664057824362408]","[0.20033155121842627, 0.8577591891930944]","[0.5783664730661782, 0.44581166552659174]","[0.0016149975573683537, 0.005437425993214806]","[0.0016196008364284809, 0.0054403562430966335]","[0.397079075188987, -0.43649231767163255]",0.14808321215683679
3,993,"[0.3798237054765699, 0.6640469495104215]","[0.20033155121842627, 0.8577591891930944]","[0.5783628480511882, 0.44580052803155545]","[0.0016092853680952886, 0.005416172439061888]","[0.0016138518819743264, 0.005419079296613338]","[0.3970782851492366, -0.43649284295773216]",0.14808622770344243
3,994,"[0.3798204869058337, 0.6640361171655434]","[0.20033155121842627, 0.8577591891930944]","[0.5783592376060831, 0.44578943513090524]","[0.0016035900720247737, 0.005394999955274559]","[0.0016081201143658963, 0.005397883607246967]","[0.3970775014004988, -0.4364933640692764]",0.14808923144385977
3,995,"[0.3798172797256896, 0.6640253271656329]","[0.20033155121842627, 0.8577591891930944]","[0.5783556416720257, 0.44577838664590896]","[0.0015979116490211112, 0.0053739082489266165]","[0.001602405511121785, 0.005376768880580196]","[0.3970767238926721, -0.43649388103944786]",0.14809222342335737
3,996,"[0.3798140839023916, 0.664014579349135]","[0.20033155121842627, 0.8577591891930944]","[0.5783520601904186, 0.44576738239855235]","[0.0015922500786509516, 0.005352897028014267]","[0.0015967080494819208, 0.005355734823130065]","[0.3970759525760541, -0.4364943939011653]",0.14809520368703716
3,997,"[0.3798108994022343, 0.664003873555079]","[0.20033155121842627, 0.8577591891930944]","[0.578348493102903, 0.4457564222115359]","[0.0015866053401877864, 0.005331966001454595]","[0.0015910277064122291, 0.005334781142346701]","[0.3970751874013375, -0.43649490268708613]",0.14809817227983518
3,998,"[0.3798077261915539, 0.6639932096230761]","[0.20033155121842627, 0.8577591891930944]","[0.5783449403513583, 0.4457455059082723]","[0.001580977412616375, 0.005311114879083721]","[0.0015853644586072968, 0.005313907546610264]","[0.3970744283196088, -0.4364954074296076]",0.14810112924652222
3,999,"[0.37980456423672865, 0.663982587393318]","[0.20033155121842627, 0.8577591891930944]","[0.5783414018779005, 0.4457346333128831]","[0.0015753662746364283, 0.005290343371654561]","[0.0015797182824953682, 0.005293113745229949]","[0.3970736752823437, -0.4364959081608697]",0.14810407463170422
3,1000,"[0.3798014135041794, 0.6639720067065746]","[0.20033155121842627, 0.8577591891930944]","[0.5783378776248813, 0.4457238042501961]","[0.0015697719046669299, 0.005269651190835645]","[0.001574089154242786, 0.005272399448441989]","[0.39707292824140383, -0.4364964049127571]",0.14810700847982297
3,1001,"[0.3797982739603701, 0.6639614674041929]","[0.20033155121842627, 0.8577591891930944]","[0.5783343675348875, 0.4457130185457427]","[0.0015641942808500308, 0.005249038049209398]","[0.0015684770497561562, 0.0052517643674075964]","[0.3970721871490349, -0.4364968977169005]",0.14810993083515636
3,1002,"[0.3797951455718084, 0.6639509693280945]","[0.20033155121842627, 0.8577591891930944]","[0.5783308715507398, 0.44570227602575474]","[0.0015586333810551681, 0.005228503660270299]","[0.0015628819446876219, 0.005231208214211858]","[0.39707145195786286, -0.4364973866046795]",0.1481128417418195
3,1003,"[0.37979202830504627, 0.663940512320774]","[0.20033155121842627, 0.8577591891930944]","[0.5783273896154917, 0.44569157651716196]","[0.0015530891828830489, 0.0052080477384231]","[0.001557303814438249, 0.0052107307018610105]","[0.3970707226208908, -0.4364978716072241]",0.14811574124376464
3,1004,"[0.37978892212668053, 0.6639300962252972]","[0.20033155121842627, 0.8577591891930944]","[0.5783239216724287, 0.4456809198475889]","[0.0015475616636694818, 0.005187669998980661]","[0.0015517426341616902, 0.005190331544280613]","[0.39706999909149643, -0.4364983527554166]",0.14811862938478215
3,1005,"[0.37978582700335317, 0.6639197208852993]","[0.20033155121842627, 0.8577591891930944]","[0.5783204676650673, 0.4456703058453522]","[0.0015420508004891779, 0.00516737015816286]","[0.0015461983787684042, 0.005170010456314544]","[0.3970692813234282, -0.4364988300798941]",0.14812150620850079
3,1006,"[0.3797827429017522, 0.663909386144983]","[0.20033155121842627, 0.8577591891930944]","[0.5783170275371542, 0.44565973433945794]","[0.0015365565701599042, 0.0051471479330943044]","[0.0015406710229281528, 0.0051497671537222844]","[0.39706856927080403, -0.43649930361105005]",0.14812437175838872
3,1007,"[0.3797796697886119, 0.6638990918491168]","[0.20033155121842627, 0.8577591891930944]","[0.5783136012326651, 0.4456492051595987]","[0.0015310789492461079, 0.0051270030418028995]","[0.0015351605410754976, 0.00512960135317736]","[0.39706786288810636, -0.4364997733790361]",0.14812722607775342
3,1008,"[0.3797766076307134, 0.6638888378430332]","[0.20033155121842627, 0.8577591891930944]","[0.5783101886958036, 0.44563871813615097]","[0.0015256179140623698, 0.00510693520321785]","[0.001529666907411853, 0.005109512772265734]","[0.39706716213018045, -0.4365002394137645]",0.14813006920974253
3,1009,"[0.3797735563948853, 0.6638786239726268]","[0.20033155121842627, 0.8577591891930944]","[0.5783067898710009, 0.4456282731001721]","[0.0015201734406776932, 0.005086944137167799]","[0.0015241900959099275, 0.005089501129483198]","[0.39706646695223125, -0.4365007017449093]",0.14813290119734462
3,1010,"[0.37977051604800394, 0.6638684500843525]","[0.20033155121842627, 0.8577591891930944]","[0.5783034047029142, 0.445617869883398]","[0.0015147455049188238, 0.005067029564379265]","[0.0015187300803168324, 0.005069566144234261]","[0.3970657773098205, -0.4365011604019089]",0.14813572208338927
3,1011,"[0.3797674865569941, 0.6638583160252237]","[0.20033155121842627, 0.8577591891930944]","[0.5783000331364261, 0.44560750831823986]","[0.0015093340823742198, 0.005047191206474443]","[0.0015132868341580785, 0.005049707536829651]","[0.39706509315886396, -0.4365016154139677]",0.148138531910548
3,1012,"[0.37976446788882934, 0.6638482216428108]","[0.20033155121842627, 0.8577591891930944]","[0.5782966751166435, 0.4455971882377819]","[0.0015039391483973536, 0.005027428785969866]","[0.001507860330740629, 0.005029925028484816]","[0.39706441445562835, -0.43650206681005776]",0.14814133072133467
3,1013,"[0.37976146001053257, 0.6638381667852388]","[0.20033155121842627, 0.8577591891930944]","[0.578293330588897, 0.44558690947577834]","[0.00149856067811041, 0.005007742026274103]","[0.0015024505431566193, 0.0050102183413176515]","[0.3970637411567288, -0.43650251461892087]",0.1481441185581059
3,1014,"[0.37975846288917636, 0.6638281513011862]","[0.20033155121842627, 0.8577591891930944]","[0.5782899994987394, 0.44557667186665106]","[0.0014931986464080326, 0.0049881306516863025]","[0.0014970574442867424, 0.004990587198347052]","[0.39706307321912604, -0.4365029588690703]",0.1481468954630617
3,1015,"[0.37975547649188357, 0.6638181750398828]","[0.20033155121842627, 0.8577591891930944]","[0.5782866817919453, 0.44556647524548654]","[0.0014878530279604477, 0.004968594387394021]","[0.0014916810068034692, 0.004971031323490305]","[0.3970624106001235, -0.4365033995887926]",0.1481496614782461
3,1016,"[0.3797525007858277, 0.6638082378511081]","[0.20033155121842627, 0.8577591891930944]","[0.5782833774145101, 0.4455563194480333]","[0.0014825237972172607, 0.004949132959471824]","[0.0014863212031744344, 0.0049515504415620915]","[0.3970617532573648, -0.43650383680614957]",0.14815241664554749
3,1017,"[0.3797495357382332, 0.6637983395851892]","[0.20033155121842627, 0.8577591891930944]","[0.5782800863126487, 0.4455462043106993]","[0.0014772109284108717, 0.004929746094878781]","[0.0014809780056659894, 0.004932144278271489]","[0.397061101148831, -0.4365042705489798]",0.14815516100669937
3,1018,"[0.3797465813163764, 0.6637884800929994]","[0.20033155121842627, 0.8577591891930944]","[0.5782768084327952, 0.44553612967054906]","[0.0014719143955599565, 0.004910433521456879]","[0.001475651386346477, 0.004912812560220692]","[0.39706045423283753, -0.4365047008449007]",0.14815789460328083
3,1019,"[0.3797436374875853, 0.6637786592259565]","[0.20033155121842627, 0.8577591891930944]","[0.5782735437216013, 0.4455260953653016]","[0.0014666341724723874, 0.0048911949679297856]","[0.0014703413170890633, 0.004893555014903073]","[0.3970598124680321, -0.4365051277213098]",0.14816061747671663
3,1020,"[0.37974070421924033, 0.6637688768360206]","[0.20033155121842627, 0.8577591891930944]","[0.5782702921259362, 0.44551610123332697]","[0.001461370232749328, 0.0048720301638998445]","[0.0014650477695756225, 0.004874371370701014]","[0.3970591758133917, -0.43650555120538725]",0.14816332966827855
3,1021,"[0.37973778147877485, 0.6637591327756928]","[0.20033155121842627, 0.8577591891930944]","[0.5782670535928849, 0.4455061471136444]","[0.0014561225497878017, 0.004852938839847141]","[0.001459770715299069, 0.004855261356883911]","[0.39705854422822007, -0.43650597132409674]",0.14816603121908517
3,1022,"[0.3797348692336753, 0.6637494268980131]","[0.20033155121842627, 0.8577591891930944]","[0.5782638280697479, 0.44549623284591916]","[0.0014508910967845406, 0.00483392072712717]","[0.0014545101255673543, 0.004836224703606562]","[0.39705791767214516, -0.43650638810418785]",0.1481687221701029
3,1023,"[0.3797319674514817, 0.6637397590565588]","[0.20033155121842627, 0.8577591891930944]","[0.5782606155040397, 0.44548635827046007]","[0.0014456758467387024, 0.0048149755579687675]","[0.0014492659715063527, 0.004817261141906615]","[0.3970572961051161, -0.43650680157219746]",0.148171402562146
3,1024,"[0.37972907609978823, 0.6637301291054428]","[0.20033155121842627, 0.8577591891930944]","[0.578257415843489, 0.4454765232282172]","[0.0014404767724558616, 0.004796103065472868]","[0.0014440382240625271, 0.004798370403703123]","[0.39705667948740153, -0.4365072117544513]",0.1481740724358778
3,1025,"[0.37972619514624334, 0.6637205368993119]","[0.20033155121842627, 0.8577591891930944]","[0.5782542290360366, 0.4454667275607789]","[0.0014352938465503038, 0.00477730298360999]","[0.0014388268540062032, 0.004779552221794436]","[0.3970560677795866, -0.436507618677066]",0.14817673183181057
3,1026,"[0.37972332455855023, 0.6637109822933447]","[0.20033155121842627, 0.8577591891930944]","[0.5782510550298351, 0.44545697111036936]","[0.0014301270414486837, 0.004758575047218663]","[0.0014336318319351782, 0.00476080632985626]","[0.3970554609425697, -0.43650802236595065]",0.14817938079030618
3,1027,"[0.3797204643044673, 0.6637014651432502]","[0.20033155121842627, 0.8577591891930944]","[0.578247893773248, 0.44544725371984617]","[0.0014249763293931233, 0.004739918992003139]","[0.0014284531282767743, 0.004742132462439097]","[0.39705485893756143, -0.43650842284680813]",0.14818201935157693
3,1028,"[0.3797176143518085, 0.6636919853052662]","[0.20033155121842627, 0.8577591891930944]","[0.5782447452148489, 0.44543757523269767]","[0.0014198416824442307, 0.004721334554531948]","[0.001423290713291725, 0.0047235303549670316]","[0.3970542617260808, -0.43650882014513703]",0.14818464755568578
3,1029,"[0.3797147746684436, 0.6636825426361571]","[0.20033155121842627, 0.8577591891930944]","[0.5782416093034204, 0.4454279354930405]","[0.001414723072483997, 0.004702821472235814]","[0.0014181445570764506, 0.00470499974373545]","[0.39705366926995356, -0.43650921428623324]",0.14818726544254682
3,1030,"[0.3797119452222986, 0.6636731369932126]","[0.20033155121842627, 0.8577591891930944]","[0.5782384859879535, 0.4454183343456168]","[0.001409620471219201, 0.004684379483405545]","[0.0014130146295659451, 0.004686540365909042]","[0.3970530815313097, -0.43650960529519167]",0.1481898730519261
3,1031,"[0.3797091259813562, 0.6636637682342458]","[0.20033155121842627, 0.8577591891930944]","[0.5782353752176463, 0.445408771635792]","[0.001404533850184108, 0.004666008327190321]","[0.0014079009005376064, 0.00466815195951964]","[0.3970524984725803, -0.43650999319690753]",0.14819247042344175
3,1032,"[0.3797063169136558, 0.6636544362175913]","[0.20033155121842627, 0.8577591891930944]","[0.5782322769419037, 0.44539924720955215]","[0.0013994631807432488, 0.0046477077435955775]","[0.0014028033396128459, 0.004649834263464547]","[0.3970519200564958, -0.4365103780160784]",0.1481950575965647
3,1033,"[0.3797035179872943, 0.6636451408021041]","[0.20033155121842627, 0.8577591891930944]","[0.5782291911103363, 0.4453897609135016]","[0.001394408434095055, 0.004629477473481436]","[0.0013977219162603638, 0.004631587017504157]","[0.39705134624608407, -0.4365107597772051]",0.14819763461061924
3,1034,"[0.3797007291704261, 0.6636358818471572]","[0.20033155121842627, 0.8577591891930944]","[0.5782261176727594, 0.4453803125948601]","[0.0013893695812739989, 0.004611317258560221]","[0.0013926565997995355, 0.00461340996226034]","[0.39705077700466673, -0.4365111385045941]",0.14820020150478336
3,1035,"[0.37969795043126353, 0.6636266592126401]","[0.20033155121842627, 0.8577591891930944]","[0.5782230565791925, 0.44537090210146085]","[0.0013843465931540084, 0.004593226841394929]","[0.0013876073594024096, 0.004595302839214055]","[0.3970502122958579, -0.43651151422235845]",0.14820275831808938
3,1036,"[0.3796951817380772, 0.6636174727589573]","[0.20033155121842627, 0.8577591891930944]","[0.578220007779858, 0.44536152928174755]","[0.0013793394404508531, 0.0045752059653970875]","[0.0013825741640963174, 0.004577265390703578]","[0.3970496520835617, -0.43651188695441956]",0.14820530508942445
3,1037,"[0.3796924230591963, 0.6636083223470265]","[0.20033155121842627, 0.8577591891930944]","[0.5782169712251809, 0.44535219398477227]","[0.0013743480937254736, 0.004557254374824643]","[0.0013775569827678136, 0.004559297359921888]","[0.39704909633196916, -0.43651225672450844]",0.14820784185753091
3,1038,"[0.3796896743630089, 0.6635992078382769]","[0.20033155121842627, 0.8577591891930944]","[0.5782139468657873, 0.44534289606019306]","[0.0013693725233862553, 0.004539371814780796]","[0.001372555784164009, 0.004541398490915893]","[0.39704854500555686, -0.4365126235561676]",0.14821036866100695
3,1039,"[0.37968693561796213, 0.6635901290946473]","[0.20033155121842627, 0.8577591891930944]","[0.5782109346525044, 0.44533363535827103]","[0.0013644126996923268, 0.00452155803121085]","[0.0013675705368956237, 0.004523568528583266]","[0.39704799806908453, -0.4365129874727526]",0.14821288553830703
3,1040,"[0.37968420679256276, 0.6635810859785849]","[0.20033155121842627, 0.8577591891930944]","[0.5782079345363589, 0.4453244117298684]","[0.0013594685927556633, 0.004503812770901194]","[0.0013626012094399287, 0.0045058072186707765]","[0.39704745548759224, -0.43651334849743295]",0.1482153925277424
3,1041,"[0.37968148785537725, 0.6635720783530431]","[0.20033155121842627, 0.8577591891930944]","[0.5782049464685765, 0.44531522502644594]","[0.0013545401725443735, 0.004486135781476841]","[0.0013576477701434109, 0.004488114307772406]","[0.3970469172263984, -0.43651370665319433]",0.14821788966748162
3,1042,"[0.37967877877503214, 0.6635631060814802]","[0.20033155121842627, 0.8577591891930944]","[0.5782019704005812, 0.4453060751000605]","[0.001349627408884984, 0.0044685268113997985]","[0.0013527101872234382, 0.004470489543327072]","[0.3970463832510981, -0.4365140619628394]",0.1482203769955509
3,1043,"[0.37967607952021437, 0.6635541690278574]","[0.20033155121842627, 0.8577591891930944]","[0.5781990062839945, 0.44529696180336253]","[0.0013447302714654549, 0.004450985609966659]","[0.0013477884287720343, 0.004452932673616683]","[0.39704585352756017, -0.43651441444898964]",0.14822285454983491
3,1044,"[0.37967339005967143, 0.6635452670566374]","[0.20033155121842627, 0.8577591891930944]","[0.578196054070634, 0.44528788498959404]","[0.0013398487298373737, 0.004433511927307101]","[0.0013428824627576552, 0.004435443447764198]","[0.39704532802192516, -0.43651476413408674]",0.14822532236807692
3,1045,"[0.3796707103622118, 0.6635364000327828]","[0.20033155121842627, 0.8577591891930944]","[0.5781931137125136, 0.4452788445125858]","[0.0013349827534189947, 0.004416105514381581]","[0.0013379922570277425, 0.0044180216157315155]","[0.3970448067006036, -0.436515111040394]",0.14822778048787946
3,1046,"[0.37966804039670493, 0.663527567821754]","[0.20033155121842627, 0.8577591891930944]","[0.5781901851618418, 0.44526984022675525]","[0.0013301323114973777, 0.004398766122979423]","[0.0013331177793108884, 0.004400666928317198]","[0.3970442895302738, -0.43651545518999757]",0.148230228946705
3,1047,"[0.37966538013208195, 0.6635187702895081]","[0.20033155121842627, 0.8577591891930944]","[0.5781872683710212, 0.445260871987104]","[0.0013252973732309817, 0.004381493505717008]","[0.0013282589972207215, 0.004383379137154919]","[0.3970437764778785, -0.4365157966048082]",0.14823266778187577
3,1048,"[0.3796627295373355, 0.6635100073024967]","[0.20033155121842627, 0.8577591891930944]","[0.5781843632926477, 0.44525193964921544]","[0.001320477907652705, 0.004364287416035379]","[0.0013234158782565175, 0.004366157994710795]","[0.39704326751062435, -0.4365161353065624]",0.14823509703057525
3,1049,"[0.37966008858152017, 0.6635012787276646]","[0.20033155121842627, 0.8577591891930944]","[0.57818146987951, 0.44524304306925266]","[0.0013156738836718315, 0.0043471476081988055]","[0.0013185883898060302, 0.004349003254282058]","[0.3970427625959797, -0.4365164713168239]",0.14823751672984775
3,1050,"[0.3796574572337528, 0.6634925844324482]","[0.20033155121842627, 0.8577591891930944]","[0.5781785880845883, 0.4452341821039557]","[0.0013108852700766652, 0.004330073837292112]","[0.0013137764991492107, 0.004331914669994108]","[0.397042261701671, -0.43651680465698495]",0.14823992691659943
3,1051,"[0.37965483546321266, 0.6634839242847737]","[0.20033155121842627, 0.8577591891930944]","[0.5781757178610538, 0.4452253566106398]","[0.0013061120355368269, 0.004313065859219685]","[0.0013089801734586515, 0.004314891996799575]","[0.3970417647956823, -0.43651713534826775]",0.1482423276275984
3,1052,"[0.3796522232391416, 0.6634752981530552]","[0.20033155121842627, 0.8577591891930944]","[0.5781728591622678, 0.4452165664471922]","[0.001301354148606154, 0.004296123430702107]","[0.0013041993798035278, 0.004297934990474983]","[0.3970412718462524, -0.4365174634117259]",0.14824471889947563
3,1053,"[0.3796496205308444, 0.6634667059061937]","[0.20033155121842627, 0.8577591891930944]","[0.5781700119417811, 0.445207811472071]","[0.0012966115777242847, 0.0042792463092754624]","[0.001299434085150153, 0.004281043407619645]","[0.3970407828218734, -0.43651778886824544]",0.1482471007687251
3,1054,"[0.37964702730768896, 0.6634581474135751]","[0.20033155121842627, 0.8577591891930944]","[0.5781671761533329, 0.44519909154430193]","[0.0012918842912199718, 0.0042624342532886035]","[0.001294684256366252, 0.00426421700565327]","[0.3970402976912879, -0.4365181117385464]",0.14824947327170424
3,1055,"[0.37964444353910654, 0.6634496225450686]","[0.20033155121842627, 0.8577591891930944]","[0.5781643517508506, 0.4451904065234764]","[0.001287172257312521, 0.004245687021901461]","[0.00128994986022124, 0.004247455542814305]","[0.39703981642348807, -0.4365184320431843]",0.14825183644463483
3,1056,"[0.3796418691945919, 0.6634411311710248]","[0.20033155121842627, 0.8577591891930944]","[0.5781615386884482, 0.4451817562697492]","[0.0012824754441147148, 0.004229004375082602]","[0.0012852308633899412, 0.004230758778156873]","[0.3970393389877126, -0.4365187498025511]",0.14825419032360299
3,1057,"[0.3796393042437037, 0.6634326731622746]","[0.20033155121842627, 0.8577591891930944]","[0.5781587369204262, 0.44517314064383623]","[0.0012777938196347801, 0.0042123860736076775]","[0.0012805272324543093, 0.004214126471549617]","[0.397038865353445, -0.43651906503687676]",0.14825653494455984
3,1058,"[0.3796367486560644, 0.6634242483901274]","[0.20033155121842627, 0.8577591891930944]","[0.5781559464012704, 0.4451645595070123]","[0.0012731273517788066, 0.004195831879057274]","[0.001275838933905371, 0.0041975583836731944]","[0.3970383954904121, -0.4365193777662302]",0.14825887034332202
3,1059,"[0.3796342024013608, 0.6634158567263693]","[0.20033155121842627, 0.8577591891930944]","[0.5781531670856519, 0.44515601272110883]","[0.0012684760083531562, 0.004179341553814977]","[0.0012711659341451131, 0.004181054276018614]","[0.3970379293685822, -0.4365196880105209]",0.14826119655557224
3,1060,"[0.3796316654493441, 0.6634074980432616]","[0.20033155121842627, 0.8577591891930944]","[0.5781503989284252, 0.4451475001485115]","[0.001263839757066325, 0.004162914861064986]","[0.001266508199489702, 0.004164613910884685]","[0.3970374669581622, -0.4365199957895002]",0.14826351361685947
3,1061,"[0.37962913776983, 0.6633991722135395]","[0.20033155121842627, 0.8577591891930944]","[0.5781476418846282, 0.44513902165215835]","[0.0012592185655311322, 0.004146551564790795]","[0.0012618656961706498, 0.004148237051376402]","[0.3970370082295964, -0.4365203011227623]",0.1482658215625995
3,1062,"[0.3796266193326989, 0.66339087911041]","[0.20033155121842627, 0.8577591891930944]","[0.5781448959094814, 0.44513057709553716]","[0.0012546124012672761, 0.004130251429772361]","[0.0012572383903368678, 0.0041319234614022315]","[0.3970365531535649, -0.4365206040297456]",0.14826812042807563
3,1063,"[0.3796241101078964, 0.6633826186075504]","[0.20033155121842627, 0.8577591891930944]","[0.5781421609583868, 0.4451221663426833]","[0.0012500212317031658, 0.004114014221584638]","[0.0012526262480574424, 0.004115672905672996]","[0.3970361017009808, -0.43652090452973424]",0.14827041024843907
3,1064,"[0.379621610065433, 0.6633743905791073]","[0.20033155121842627, 0.8577591891930944]","[0.5781394369869275, 0.44511378925817796]","[0.00124544502417831, 0.004097839706595547]","[0.0012480292353233002, 0.004099485149698712]","[0.397035653842989, -0.4365212026418587]",0.14827269105870894
3,1065,"[0.37961911917538466, 0.6633661948996941]","[0.20033155121842627, 0.8577591891930944]","[0.5781367239508669, 0.4451054457071454]","[0.0012408837459449863, 0.004081727651963466]","[0.0012434473180487071, 0.004083359959787036]","[0.3970352095509645, -0.43652149838509735]",0.14827496289377345
3,1066,"[0.37961663740789275, 0.6633580314443901]","[0.20033155121842627, 0.8577591891930944]","[0.5781340218061477, 0.44509713555525104]","[0.0012363373641706735, 0.004065677825635935]","[0.0012388804620740435, 0.004067297103041767]","[0.3970347687965099, -0.4365217917782781]",0.14827722578838975
3,1067,"[0.3796141647331644, 0.6633499000887388]","[0.20033155121842627, 0.8577591891930944]","[0.5781313305088918, 0.44508885866869935]","[0.0012318058459402019, 0.004049689996347268]","[0.00123432863316697, 0.004051296347360067]","[0.39703433155145473, -0.436522082840079]",0.14827947977718492
3,1068,"[0.3796117011214725, 0.6633418007087462]","[0.20033155121842627, 0.8577591891930944]","[0.5781286500153984, 0.4450806149142314]","[0.001227289158257379, 0.004033763933616276]","[0.0012297917970259808, 0.004035357461430189]","[0.3970338977878517, -0.4365223715890295]",0.14828172489465585
3,1069,"[0.37960924654315603, 0.663333733180879]","[0.20033155121842627, 0.8577591891930944]","[0.5781259802821445, 0.445072404159123]","[0.0012227872680474062, 0.004017899407744614]","[0.0012252699192803473, 0.00401948021472992]","[0.39703346747797685, -0.43652265804351187]",0.1482839611751702
3,1070,"[0.37960680096861993, 0.6633256973820635]","[0.20033155121842627, 0.8577591891930944]","[0.5781233212657834, 0.44506422627118236]","[0.0012183001421584923, 0.004002096189814529]","[0.0012207629654931162, 0.0040036643775243075]","[0.39703304059432687, -0.43652294222176224]",0.1482861886529666
3,1071,"[0.3796043643683356, 0.6633176931896838]","[0.20033155121842627, 0.8577591891930944]","[0.5781206729231444, 0.44505608111874795]","[0.0012138277473643807, 0.0039863540516870185]","[0.0012162709011628303, 0.003987909720863492]","[0.39703261710961757, -0.4365232241418717]",0.1482884073621552
3,1072,"[0.37960193671284087, 0.6633097204815804]","[0.20033155121842627, 0.8577591891930944]","[0.578118035211232, 0.4450479685706866]","[0.0012093700503657784, 0.003970672765999939]","[0.0012117936917252492, 0.003972216016581043]","[0.39703219699678216, -0.4365235038217876]",0.14829061733671797
3,1073,"[0.37959951797274016, 0.6633017791360485]","[0.20033155121842627, 0.8577591891930944]","[0.5781154080872248, 0.4450398884963912]","[0.001204927017792468, 0.003955052106165581]","[0.0012073313025553478, 0.003956583037291406]","[0.39703178022896934, -0.43652378127931457]",0.14829281861050936
3,1074,"[0.37959710811870456, 0.6632938690318362]","[0.20033155121842627, 0.8577591891930944]","[0.5781127915084752, 0.4450318407657783]","[0.001200498616205089, 0.003939491846368733]","[0.0012028836989694813, 0.003941010556387903]","[0.3970313667795412, -0.4365240565321158]",0.14829501121725655
3,1075,"[0.37959470712147214, 0.6632859900481435]","[0.20033155121842627, 0.8577591891930944]","[0.5781101854325086, 0.4450238252492865]","[0.0011960848120974076, 0.00392399176156484]","[0.0011984508462261068, 0.00392549834804079]","[0.3970309566220729, -0.4365243295977139]",0.14829719519056012
3,1076,"[0.3795923149518479, 0.6632781420646203]","[0.20033155121842627, 0.8577591891930944]","[0.5781075898170225, 0.4450158418178742]","[0.0011916855718978139, 0.003908551627477859]","[0.0011940327095290582, 0.003910046187195038]","[0.3970305497303491, -0.4365246004934923]",0.14829937056389428
3,1077,"[0.37958993158070414, 0.6632703249613654]","[0.20033155121842627, 0.8577591891930944]","[0.578105004619886, 0.44500789034301724]","[0.0011873008619713743, 0.0038931712205984466]","[0.0011896292540283793, 0.0038946538495687744]","[0.39703014607836373, -0.4365248692366963]",0.14830153737060736
3,1078,"[0.3795875569789802, 0.6632625386189241]","[0.20033155121842627, 0.8577591891930944]","[0.5781024297991393, 0.44499997069670716]","[0.0011829306486215035, 0.003877850318181437]","[0.0011852404448216003, 0.0038793211116501802]","[0.3970297456403181, -0.436525135844434]",0.14830369564392254
3,1079,"[0.37958519111768296, 0.6632547829182878]","[0.20033155121842627, 0.8577591891930944]","[0.5780998653129923, 0.444992082751449]","[0.0011785748980916993, 0.0038625886982445105]","[0.001180866246956569, 0.0038640477506965976]","[0.39702934839061865, -0.4365254003336775]",0.14830584541693764
3,1080,"[0.3795828339678868, 0.6632470577408913]","[0.20033155121842627, 0.8577591891930944]","[0.5780973111198244, 0.44498422638025936]","[0.0011742335765677601, 0.0038473861395655726]","[0.0011765066254332268, 0.003848833544731478]","[0.3970289543038753, -0.4365256627212639]",0.1483079867226263
3,1081,"[0.37958048550073364, 0.6632393629686122]","[0.20033155121842627, 0.8577591891930944]","[0.5780947671781842, 0.44497640145666373]","[0.0011699066501791964, 0.003832242421680747]","[0.0011721615452037204, 0.0038336782725429397]","[0.3970285633549011, -0.4365259230238969]",0.1483101195938381
3,1082,"[0.3795781456874333, 0.6632316984837688]","[0.20033155121842627, 0.8577591891930944]","[0.5780922334467877, 0.4449686078546954]","[0.0011655940850010327, 0.0038171573248828566]","[0.0011678309711761203, 0.003818581713681213]","[0.39702817551870884, -0.4365261812581469]",0.1483122440632988
3,1083,"[0.3795758144992633, 0.663224064169119]","[0.20033155121842627, 0.8577591891930944]","[0.5780897098845188, 0.4449608454488926]","[0.0011612958470554298, 0.003802130630218867]","[0.0011635148682141994, 0.003803543648457086]","[0.397027790770511, -0.43652643744045294]",0.14831436016361116
3,1084,"[0.37957349190756917, 0.6632164599078586]","[0.20033155121842627, 0.8577591891930944]","[0.5780871964504275, 0.44495311411429705]","[0.0011570119023135827, 0.003787162119488202]","[0.0011592132011408185, 0.0037885638579392977]","[0.39702740908571665, -0.4365266915871231]",0.1483164679272549
3,1085,"[0.37957117788376454, 0.6632088855836197]","[0.20033155121842627, 0.8577591891930944]","[0.5780846931037305, 0.44494541372645174]","[0.0011527422166975995, 0.003772251575240648]","[0.0011549259347378715, 0.003773642123952925]","[0.3970270304399318, -0.43652694371433587]",0.14831856738658777
3,1086,"[0.3795688723993311, 0.6632013410804692]","[0.20033155121842627, 0.8577591891930944]","[0.578082199803809, 0.4449377441613986]","[0.001148486756081757, 0.00375739878077403]","[0.0011506530337494492, 0.0037587782290769978]","[0.3970266548089558, -0.4365271938381413]",0.14832065857384533
3,1087,"[0.37956657542581895, 0.6631938262829077]","[0.20033155121842627, 0.8577591891930944]","[0.5780797165102095, 0.4449301052956768]","[0.0011442454862943185, 0.0037426035201323297]","[0.0011463944628823386, 0.003743971956642278]","[0.3970262821687811, -0.4365274419744618]",0.14832274152114192
3,1088,"[0.37956428693484634, 0.6631863410758674]","[0.20033155121842627, 0.8577591891930944]","[0.578077243182642, 0.44492249700632086]","[0.0011400183731192146, 0.0037278655781041664]","[0.0011421501868079664, 0.0037292230907298163]","[0.39702591249559127, -0.43652768813909304]",0.14832481626047062
3,1089,"[0.3795620068981001, 0.6631788853447111]","[0.20033155121842627, 0.8577591891930944]","[0.57807477978098, 0.44491491917085846]","[0.0011358053822977622, 0.0037131847402200233]","[0.001137920170163842, 0.003714531416168454]","[0.39702554576575977, -0.43652793234770537]",0.1483268828237042
3,1090,"[0.3795597352873355, 0.6631714589752307]","[0.20033155121842627, 0.8577591891930944]","[0.5780723262652596, 0.44490737166730854]","[0.0011316064795299982, 0.003698560792750671]","[0.0011337043775550004, 0.0036998967185324916]","[0.39702518195584824, -0.43652817461584426]",0.14832894124259488
3,1091,"[0.37955747207437646, 0.6631640618536452]","[0.20033155121842627, 0.8577591891930944]","[0.5780698825956787, 0.4448998543741791]","[0.0011274216304764282, 0.003683993522705046]","[0.001129502773556279, 0.003685318784140579]","[0.3970248210426045, -0.43652841495893213]",0.1483309915487755
3,1092,"[0.3795552172311155, 0.6631566938665998]","[0.20033155121842627, 0.8577591891930944]","[0.5780674487325965, 0.4448923671704657]","[0.0011232508007596182, 0.00366948271782825]","[0.00112531532271265, 0.003670797400052328]","[0.397024463002962, -0.4365286533922682]",0.14833303377375923
3,1093,"[0.379552970729514, 0.6631493549011641]","[0.20033155121842627, 0.8577591891930944]","[0.578065024636533, 0.4448849099356489]","[0.0011190939559656843, 0.0036550281665990504]","[0.0011211419895412744, 0.003656332354066927]","[0.39702410781403796, -0.43652888993103045]",0.1483350679489407
3,1094,"[0.37955073254160204, 0.663142044844831]","[0.20033155121842627, 0.8577591891930944]","[0.5780626102681679, 0.4448774825496929]","[0.0011149510616457962, 0.0036406296582290228]","[0.0011169827385330566, 0.0036419234347218055]","[0.3970237554531316, -0.43652912459027615]",0.14833709410559584
3,1095,"[0.37954850263947876, 0.6631347635855145]","[0.20033155121842627, 0.8577591891930944]","[0.5780602055883403, 0.444870084893043]","[0.0011108220833178624, 0.0036262869826589462]","[0.001112837534154254, 0.003627570431288918]","[0.397023405897723, -0.4365293573849429]",0.1483391122748826
3,1096,"[0.3795462809953121, 0.6631275110115492]","[0.20033155121842627, 0.8577591891930944]","[0.5780578105580478, 0.44486271684662454]","[0.0011067069864677613, 0.00361199993055847]","[0.0011087063408474207, 0.003613273133774131]","[0.3970230591254714, -0.43652958832984934]",0.14834112248784123
3,1097,"[0.3795440675813392, 0.6631202870116881]","[0.20033155121842627, 0.8577591891930944]","[0.5780554251384464, 0.4448553782918399]","[0.0011026057365509931, 0.003597768293322653]","[0.0011045891230327398, 0.0035990313329143375]","[0.3970227151142145, -0.43652981743969643]",0.14834312477539474
3,1098,"[0.3795418623698661, 0.6631130914751014]","[0.20033155121842627, 0.8577591891930944]","[0.5780530492908491, 0.4448480691105672]","[0.0010985182989941987, 0.0035835918630706056]","[0.0011004858451101884, 0.003584844820175903]","[0.39702237384196604, -0.43653004472906853]",0.14834511916834964
3,1099,"[0.3795396653332681, 0.6631059242913753]","[0.20033155121842627, 0.8577591891930944]","[0.5780506829767256, 0.44484078918515846]","[0.0010944446391963813, 0.003569470432643674]","[0.0010963964714602037, 0.0035707133877521113]","[0.39702203528691493, -0.4365302702124336]",0.1483471056973955
3,1100,"[0.3795374764439897, 0.66309878535051]","[0.20033155121842627, 0.8577591891930944]","[0.5780483261577017, 0.4448335383984375]","[0.0010903847225306928, 0.003555403795603223]","[0.0010923209664452371, 0.0035566368285619987]","[0.39702169942742405, -0.4365304939041451]",0.1483490843931065
3,1101,"[0.37953529567454464, 0.6630916745429188]","[0.20033155121842627, 0.8577591891930944]","[0.5780459787955587, 0.44482631663369787]","[0.0010863385143452882, 0.0035413917462281193]","[0.001088259294411309, 0.0035426149362467463]","[0.3970213662420282, -0.43653071581844194]",0.14835105528594084
3,1102,"[0.37953312299751596, 0.6630845917594264]","[0.20033155121842627, 0.8577591891930944]","[0.5780436408522327, 0.4448191237747013]","[0.0010823059799654714, 0.003527434079513334]","[0.0010842114196892294, 0.0035286475051691246]","[0.3970210357094335, -0.43653093596945014]",0.14835301840624188
3,1103,"[0.379530958385556, 0.6630775368912674]","[0.20033155121842627, 0.8577591891930944]","[0.5780413122898138, 0.4448119597056758]","[0.0010782870846942395, 0.003513530591168112]","[0.0010801773065953757, 0.0035147343304108847]","[0.3970207078085156, -0.43653115437118317]",0.14835497378423804
3,1104,"[0.3795288018113866, 0.663070509830085]","[0.20033155121842627, 0.8577591891930944]","[0.5780389930705456, 0.4448048243113132]","[0.0010742817938144483, 0.0034996810776129245]","[0.0010761569194343568, 0.003500875207770482]","[0.39702038251831806, -0.4365313710375436]",0.14835692145004345
3,1105,"[0.37952665324779894, 0.6630635104679298]","[0.20033155121842627, 0.8577591891930944]","[0.5780366831568247, 0.44479771747676833]","[0.0010702900725896188, 0.003485885335978891]","[0.0010721502224990132, 0.0034870699337614663]","[0.39702005981805144, -0.4365315859823229]",0.14835886143365834
3,1106,"[0.37952451266765375, 0.6630565386972578]","[0.20033155121842627, 0.8577591891930944]","[0.5780343825112, 0.44479063908765615]","[0.0010663118862656493, 0.0034721431641043417]","[0.0010681571800716938, 0.0034733183056098182]","[0.3970197396870925, -0.43653179921920326]",0.1483607937649695
3,1107,"[0.3795223800438812, 0.6630495944109296]","[0.20033155121842627, 0.8577591891930944]","[0.5780320910963719, 0.4447835890300506]","[0.0010623472000715955, 0.0034584543605340337]","[0.0010641777564266985, 0.003459620121252671]","[0.3970194221049813, -0.43653201076175796]",0.1483627184737506
3,1108,"[0.3795202553494811, 0.6630426775022085]","[0.20033155121842627, 0.8577591891930944]","[0.5780298088751918, 0.4447765671904822]","[0.0010583959792216159, 0.0034448187245159747]","[0.0010602119158302226, 0.0034459751793355364]","[0.3970191070514215, -0.43653222062345254]",0.1483646355896625
3,1109,"[0.37951813855752264, 0.6630357878647595]","[0.20033155121842627, 0.8577591891930944]","[0.5780275358106617, 0.4447695734559368]","[0.0010544581889158414, 0.0034312360560008483]","[0.0010562596225424659, 0.0034323832792110265]","[0.3970187945062781, -0.4365324288176453]",0.14836654514225384
3,1110,"[0.37951602964114484, 0.6630289253926475]","[0.20033155121842627, 0.8577591891930944]","[0.5780252718659331, 0.44476260771385323]","[0.001050533794341777, 0.003417706155638415]","[0.0010523208408182438, 0.003418844220935857]","[0.39701848444957655, -0.43653263535758846]",0.14836844716096137
3,1111,"[0.37951392857355615, 0.6630220899803362]","[0.20033155121842627, 0.8577591891930944]","[0.5780230170043069, 0.44475566985212167]","[0.0010466227606754338, 0.0034042288247766324]","[0.0010483955349083751, 0.003405357805269793]","[0.39701817686150154, -0.436532840256429]",0.14837034167511026
3,1112,"[0.3795118353280348, 0.6630152815226866]","[0.20033155121842627, 0.8577591891930944]","[0.5780207711892325, 0.444748759759082]","[0.0010427250530829775, 0.0033908038654593933]","[0.0010444836690612358, 0.003391923833672872]","[0.39701787172239533, -0.43653304352720923]",0.14837222871391476
3,1113,"[0.3795097498779286, 0.6630084999149557]","[0.20033155121842627, 0.8577591891930944]","[0.5780185343843071, 0.4447418773235217]","[0.0010388406367215124, 0.003377431080424247]","[0.0010405852075235367, 0.0033785421083038503]","[0.39701756901275687, -0.43653324518286796]",0.14837410830647835
3,1114,"[0.3795076721966552, 0.6630017450527949]","[0.20033155121842627, 0.8577591891930944]","[0.5780163065532753, 0.44473502243467444]","[0.0010349694767404882, 0.0033641102731008705]","[0.001036700114541711, 0.003365212432017761]","[0.39701726871324017, -0.4365334452362408]",0.14837598048179407
3,1115,"[0.37950560225770175, 0.6629950168322487]","[0.20033155121842627, 0.8577591891930944]","[0.5780140876600286, 0.4447281949822177]","[0.0010311115382827887, 0.0033508412476086036]","[0.0010328283543625805, 0.0033519346083645263]","[0.3970169708046537, -0.436533643700062]",0.14837784526874515
3,1116,"[0.37950354003462516, 0.6629883151497535]","[0.20033155121842627, 0.8577591891930944]","[0.5780118776686045, 0.44472139485627166]","[0.0010272667864862008, 0.0033376238087546974]","[0.0010289698912349654, 0.0033387084415857915]","[0.3970166752679587, -0.43653384058696376]",0.14837970269610548
3,1117,"[0.37950148550105217, 0.662981639902136]","[0.20033155121842627, 0.8577591891930944]","[0.5780096765431859, 0.44471462194739675]","[0.0010234351864841708, 0.003324457762032065]","[0.0010251246894110722, 0.003325533736613928]","[0.3970163820842675, -0.4365340359094785]",0.14838155279253945
3,1118,"[0.3794994386306792, 0.662974990986612]","[0.20033155121842627, 0.8577591891930944]","[0.578007484248101, 0.4447078761465927]","[0.0010196167034074337, 0.0033113429136180958]","[0.0010212927131466043, 0.003312410299069868]","[0.3970160912348436, -0.4365342296800385]",0.14838339558660307
3,1119,"[0.3794973993972724, 0.6629683683007848]","[0.20033155121842627, 0.8577591891930944]","[0.5780053007478221, 0.4447011573452958]","[0.0010158113023848163, 0.0032982790703716173]","[0.0010174739267028166, 0.0032993379352609375]","[0.3970158027010994, -0.4365344219109779]",0.1483852311067439
3,1120,"[0.37949536777466764, 0.662961771742644]","[0.20033155121842627, 0.8577591891930944]","[0.5780031260069651, 0.44469446543537794]","[0.0010120189485443227, 0.0032852660398314444]","[0.0010136682943472364, 0.0032863164521783617]","[0.397015516464595, -0.4365346126145322]",0.14838705938130148
3,1121,"[0.37949334373677057, 0.6629552012105644]","[0.20033155121842627, 0.8577591891930944]","[0.5780009599902897, 0.44468780030914445]","[0.001008239607014669, 0.0032723036302144412]","[0.001009875780354219, 0.003273345657495985]","[0.3970152325070382, -0.4365348018028399]",0.14838888043850795
3,1122,"[0.3794913272575565, 0.6629486566033039]","[0.20033155121842627, 0.8577591891930944]","[0.5779988026626973, 0.4446811618593324]","[0.0010044732429257827, 0.003259391650413255]","[0.0010060963490070574, 0.0032604253595679977]","[0.3970149508102816, -0.4365349894879431]",0.14839069430648816
3,1123,"[0.3794893183110707, 0.6629421378200031]","[0.20033155121842627, 0.8577591891930944]","[0.5779966539892321, 0.44467454997910916]","[0.0010007198214106775, 0.003246529909994868]","[0.0010023299645983696, 0.0032475553674266577]","[0.39701467135632273, -0.4365351756817879]",0.14839250101326001
3,1124,"[0.3794873168714279, 0.6629356447601831]","[0.20033155121842627, 0.8577591891930944]","[0.5779945139350792, 0.4446679645620703]","[0.0009969793076057478, 0.0032337182191978396]","[0.000998576591430933, 0.0032347354907804604]","[0.39701439412730255, -0.43653536039622554]",0.14839430058673542
3,1125,"[0.3794853229128127, 0.6629291773237447]","[0.20033155121842627, 0.8577591891930944]","[0.5779923824655647, 0.4446614055022381]","[0.0009932516666521308, 0.0032209563889311573]","[0.0009948361938190708, 0.003221965540012528]","[0.3970141191055041, -0.43653554364301317]",0.14839609305471987
3,1126,"[0.37948333640947934, 0.6629227354109668]","[0.20033155121842627, 0.8577591891930944]","[0.577990259546155, 0.44465487269405957]","[0.0009895368636971592, 0.0032082442307715393]","[0.0009911087360899296, 0.0032092453261779452]","[0.39701384627335135, -0.43653572543381447]",0.14839787844491342
3,1127,"[0.37948135733575195, 0.6629163189225052]","[0.20033155121842627, 0.8577591891930944]","[0.5779881451424564, 0.4446483660324051]","[0.0009858348638948087, 0.0031955815569619434]","[0.0009873941825832566, 0.0031965746610020385]","[0.397013575613409, -0.4365359057802003]",0.1483996567849109
3,1128,"[0.3794793856660242, 0.6629099277593913]","[0.20033155121842627, 0.8577591891930944]","[0.5779860392202141, 0.44464188541256644]","[0.0009821456324069153, 0.003182968180409436]","[0.0009836924976540096, 0.0031839533568785994]","[0.3970133071083798, -0.4365360846936497]",0.14840142810220217
3,1129,"[0.37947742137475937, 0.6629035618230305]","[0.20033155121842627, 0.8577591891930944]","[0.5779839417453114, 0.44463543073025535]","[0.0009784691344042445, 0.00317040391468325]","[0.000980003645672467, 0.003171381226867387]","[0.3970130407411041, -0.4365362621855502]",0.14840319242417244
3,1130,"[0.37947546443649055, 0.6628972210152011]","[0.20033155121842627, 0.8577591891930944]","[0.5779818526837706, 0.44462900188160154]","[0.0009748053350677806, 0.0031578885740128552]","[0.0009763275910245062, 0.0031588580846927394]","[0.39701277649456, -0.4365364382671991]",0.14840494977810323
3,1131,"[0.3794735148258204, 0.662890905238053]","[0.20033155121842627, 0.8577591891930944]","[0.5779797720017504, 0.44462259876315113]","[0.0009711541995891636, 0.003145421973285677]","[0.0009726642981142675, 0.003146383744740855]","[0.39701251435186, -0.43653661294980384]",0.1484067001911719
3,1132,"[0.37947157251742125, 0.6628846143941065]","[0.20033155121842627, 0.8577591891930944]","[0.577977699665547, 0.4446162212718652]","[0.0009675156931718683, 0.0031330039280458685]","[0.0009690137313635439, 0.003133958022058736]","[0.39701225429625153, -0.43653678624448267]",0.14840844369045253
3,1133,"[0.3794696374860349, 0.6628783483862504]","[0.20033155121842627, 0.8577591891930944]","[0.5779756356415928, 0.4446098693051177]","[0.0009638897810325292, 0.0031206342544913843]","[0.0009653758552130021, 0.0031215807323508593]","[0.39701199631111583, -0.43653695816226534]",0.14841018030291636
3,1134,"[0.37946770970647287, 0.6628721071177414]","[0.20033155121842627, 0.8577591891930944]","[0.5779735798964558, 0.4446035427606942]","[0.0009602764284013386, 0.0031083127694729587]","[0.000961750634123848, 0.0031092516919789537]","[0.3970117403799659, -0.43653712871409434]",0.14841191005543186
3,1135,"[0.37946578915361606, 0.6628658904922025]","[0.20033155121842627, 0.8577591891930944]","[0.5779715323968393, 0.44459724153679]","[0.000956675600523426, 0.00309603929049163]","[0.0009581380325777711, 0.003096970717958669]","[0.39701148648644646, -0.43653729791082496]",0.14841363297476523
3,1136,"[0.37946387580241503, 0.6628596984136215]","[0.20033155121842627, 0.8577591891930944]","[0.5779694931095811, 0.44459096553200844]","[0.000953087262659519, 0.0030838136356968067]","[0.0009545380150785543, 0.00308473762795769]","[0.3970112346143322, -0.43653746576322605]",0.14841534908758094
3,1137,"[0.3794619696278897, 0.6628535307863501]","[0.20033155121842627, 0.8577591891930944]","[0.5779674620016533, 0.4445847146453596]","[0.0009495113800868778, 0.003071635623884581]","[0.000950950546152407, 0.0030725522402945127]","[0.39701098474752716, -0.43653763228198106]",0.14841705842044178
3,1138,"[0.37946007060512954, 0.6628473875151023]","[0.20033155121842627, 0.8577591891930944]","[0.5779654390401613, 0.444578488776258]","[0.0009459479181005112, 0.003059505074495169]","[0.000947375590349353, 0.0030604143739356715]","[0.3970107368700635, -0.4365377974776886]",0.14841876099980947
3,1139,"[0.3794581787092933, 0.6628412685049533]","[0.20033155121842627, 0.8577591891930944]","[0.5779634241923437, 0.4445722878245219]","[0.0009423968420137058, 0.0030474218076120504]","[0.0009438131122433968, 0.00304832384849435]","[0.39701049096610075, -0.43653796136086276]",0.14842045685204486
3,1140,"[0.3794562939156093, 0.662835173661338]","[0.20033155121842627, 0.8577591891930944]","[0.5779614174255714, 0.4445661116903709]","[0.0009388581171591117, 0.003035385643959078]","[0.0009402630764343001, 0.0030362804842282154]","[0.39701024701992416, -0.43653812394193425]",0.14842214600340847
3,1141,"[0.379454416199375, 0.6628291028900501]","[0.20033155121842627, 0.8577591891930944]","[0.5779594187073473, 0.4445599602744248]","[0.0009353317088895227, 0.0030233964048989805]","[0.0009367254475471376, 0.0030242841020372557]","[0.39701000501594474, -0.4365382852312507]",0.14842382848006075
3,1142,"[0.3794525455359572, 0.6628230560972403]","[0.20033155121842627, 0.8577591891930944]","[0.5779574280053057, 0.4445538334777015]","[0.0009318175825786773, 0.0030114539124310893]","[0.0009332001902345177, 0.003012334523461946]","[0.397009764938697, -0.4365384452390777]",0.14842550430806234
3,1143,"[0.37945068190079206, 0.6628170331894155]","[0.20033155121842627, 0.8577591891930944]","[0.5779554452872115, 0.44454773120161595]","[0.0009283157036224988, 0.0029995579891899144]","[0.0009296872691765268, 0.0030004315706816387]","[0.39700952677283896, -0.4365386039755992]",0.14842717351337475
3,1144,"[0.37944882526938484, 0.6628110340734371]","[0.20033155121842627, 0.8577591891930944]","[0.5779534705209604, 0.444541653347978]","[0.0009248260374393062, 0.0029877084584425725]","[0.0009261866490811732, 0.0029885750665119004]","[0.39700929050315104, -0.4365387614509182]",0.14842883612186047
3,1145,"[0.37944697561730995, 0.6628050586565202]","[0.20033155121842627, 0.8577591891930944]","[0.577951503674577, 0.44453559981899154]","[0.0009213485494711332, 0.0029759051440876837]","[0.0009226982946865525, 0.0029767648344031783]","[0.3970090561145342, -0.43653891767505726]",0.14843049215928317
3,1146,"[0.379445132920211, 0.662799106846232]","[0.20033155121842627, 0.8577591891930944]","[0.5779495447162162, 0.4445295705172523]","[0.0009178832051845321, 0.00296414787065289]","[0.0009192221707600701, 0.002965000698438802]","[0.3970088235920104, -0.43653907265795944]",0.14843214165130847
3,1147,"[0.3794432971538006, 0.6627931785504907]","[0.20033155121842627, 0.8577591891930944]","[0.5779475936141607, 0.44452356534574633]","[0.0009144299700709779, 0.0029524364632928157]","[0.0009157582421004395, 0.002953282483332542]","[0.3970085929207202, -0.4365392264094887]",0.14843378462350404
3,1148,"[0.37944146829386044, 0.6627872736775641]","[0.20033155121842627, 0.8577591891930944]","[0.577945650336822, 0.4445175842078488]","[0.000910988809648231, 0.00294077074778744]","[0.0009123064735375164, 0.0029416100144268875]","[0.3970083640859231, -0.4365393789394305]",0.14843542110134
3,1149,"[0.37943964631624116, 0.6627813921360685]","[0.20033155121842627, 0.8577591891930944]","[0.5779437148527391, 0.44451162700732205]","[0.0009075596894607736, 0.002929150550540407]","[0.0009088668299334635, 0.00292998311769177]","[0.39700813707299587, -0.4365395302574928]",0.1484370511101894
3,1150,"[0.37943783119686225, 0.6627755338349673]","[0.20033155121842627, 0.8577591891930944]","[0.5779417871305779, 0.4445056936483143]","[0.0009041425750804318, 0.0029175756985764917]","[0.0009054392761838614, 0.0029184016197214557]","[0.39700791186743123, -0.43653968037330604]",0.14843867467532812
3,1151,"[0.3794360229117121, 0.6627696986835702]","[0.20033155121842627, 0.8577591891930944]","[0.577939867139131, 0.444499784035358]","[0.000900737432107469, 0.0029060460195402273]","[0.0009020237772174866, 0.002906865347733545]","[0.3970076884548379, -0.4365398292964243]",0.14844029182193594
3,1152,"[0.37943422143684785, 0.6627638865915311]","[0.20033155121842627, 0.8577591891930944]","[0.5779379548473174, 0.44449389807336814]","[0.0008973442261713126, 0.002894561341693764]","[0.0008986202979980318, 0.002895374129566697]","[0.397007466820939, -0.43653997703632585]",0.14844190257509626
3,1153,"[0.3794324267483955, 0.6627580974688477]","[0.20033155121842627, 0.8577591891930944]","[0.5779360502241815, 0.44448803566764106]","[0.0008939629229312973, 0.0028831214939152427]","[0.0008952288035236622, 0.0028839277936787977]","[0.39700724695157197, -0.43654012360241334]",0.1484435069597968
3,1154,"[0.3794306388225496, 0.6627523312258599]","[0.20033155121842627, 0.8577591891930944]","[0.5779341532388926, 0.4444821967238524]","[0.0008905934880770892, 0.002871726305696021]","[0.0008918492588292914, 0.002872526169144407]","[0.397007028832686, -0.4365402690040149]",0.14844510500092997
3,1155,"[0.3794288576355735, 0.6627465877732485]","[0.20033155121842627, 0.8577591891930944]","[0.5779322638607448, 0.44447638114805627]","[0.0008872358873298734, 0.0028603756071402223]","[0.0008884816289860265, 0.0028611690856542027]","[0.39700681245034264, -0.4365404132503844]",0.1484466967232927
3,1156,"[0.3794270831637988, 0.6627408670220342]","[0.20033155121842627, 0.8577591891930944]","[0.5779303820591561, 0.4444705888466831]","[0.0008838900864427133, 0.002849069228961542]","[0.0008851258791018335, 0.002849856373511539]","[0.3970065977907147, -0.4365405563507021]",0.14844828215158762
3,1157,"[0.3794253153836259, 0.6627351688835762]","[0.20033155121842627, 0.8577591891930944]","[0.5779285078036683, 0.4444648197265384]","[0.0008805560512014849, 0.002837807002481945]","[0.000881781974322815, 0.002838587863631725]","[0.3970063848400849, -0.4365406983140756]",0.1484498613104227
3,1158,"[0.37942355427152347, 0.6627294932695712]","[0.20033155121842627, 0.8577591891930944]","[0.5779266410639461, 0.4444590736948013]","[0.000877233747425524, 0.0028265887596300443]","[0.0008784498798336537, 0.0028273633875395277]","[0.39700617358484525, -0.4365408391495398]",0.14845143422431198
3,1159,"[0.3794217998040286, 0.662723840092052]","[0.20033155121842627, 0.8577591891930944]","[0.5779247818097767, 0.444453350659023]","[0.0008739231409682474, 0.0028154143329386185]","[0.0008751295608581677, 0.002816182777367393]","[0.3970059640114961, -0.4365409788660579]",0.14845300091767583
3,1160,"[0.3794200519577467, 0.6627182092633861]","[0.20033155121842627, 0.8577591891930944]","[0.5779229300110692, 0.4444476505271252]","[0.0008706241977177654, 0.002804283555542896]","[0.0008718209826603096, 0.0028050458658531174]","[0.397005756106645, -0.4365411174725218]",0.148454561414841
3,1161,"[0.3794183107093513, 0.662712600696275]","[0.20033155121842627, 0.8577591891930944]","[0.5779210856378545, 0.44444197320739864]","[0.0008673368835978497, 0.002793196261178953]","[0.0008685241105442221, 0.0027939524863388465]","[0.3970055498570064, -0.43654125497775276]",0.14845611574004147
3,1162,"[0.3794165760355841, 0.6627070143037527]","[0.20033155121842627, 0.8577591891930944]","[0.5779192486602847, 0.4444363186085017]","[0.0008640611645683401, 0.0027821522841815953]","[0.0008652389098546265, 0.0027829024727684115]","[0.3970053452494011, -0.43654139139050196]",0.1484576639174185
3,1163,"[0.37941484791325497, 0.6627014499991843]","[0.20033155121842627, 0.8577591891930944]","[0.577917419048632, 0.4444306866394588]","[0.000860797006625804, 0.00277115145948268]","[0.0008619653459786547, 0.0027718956596859967]","[0.3970051422707541, -0.4365415267194511]",0.14845920597102094
3,1164,"[0.37941312631924173, 0.6626959076962654]","[0.20033155121842627, 0.8577591891930944]","[0.5779155967732891, 0.44442507720965907]","[0.0008575443758042778, 0.002760193622609035]","[0.0008587033843456826, 0.0027609318822335305]","[0.3970049409080947, -0.4365416609732127]",0.14846074192480563
3,1165,"[0.3794114112304901, 0.6626903873090202]","[0.20033155121842627, 0.8577591891930944]","[0.5779137818047679, 0.4444194902288548]","[0.0008543032381757627, 0.002749278609680616]","[0.0008554529904275521, 0.0027500109761494085]","[0.39700474114855566, -0.4365417941603308]",0.14846227180263782
3,1166,"[0.37940970262401374, 0.6626848887518009]","[0.20033155121842627, 0.8577591891930944]","[0.5779119741136998, 0.44441392560716]","[0.0008510735598511437, 0.0027384062574090013]","[0.0008522141297400698, 0.002739132777766662]","[0.39700454297937204, -0.4365419262892818]",0.14846379562829135
3,1167,"[0.37940800047689405, 0.662679411939286]","[0.20033155121842627, 0.8577591891930944]","[0.5779101736708343, 0.44440838325504883]","[0.0008478553069806333, 0.0027275764030949526]","[0.0008489867678430629, 0.002728297124010348]","[0.3970043463878805, -0.4365420573684744]",0.148465313425449
3,1168,"[0.37940630476628007, 0.6626739567864799]","[0.20033155121842627, 0.8577591891930944]","[0.5779083804470395, 0.4444028630833545]","[0.0008446484457540947, 0.002716788884627115]","[0.0008457708703405453, 0.0027175038523967188]","[0.3970041513615189, -0.4365421874062507]",0.148466825217703
3,1169,"[0.3794046154693886, 0.6626685232087106]","[0.20033155121842627, 0.8577591891930944]","[0.577906594413301, 0.44439736500326743]","[0.0008414529424023776, 0.002706043540479825]","[0.0008425664028823832, 0.0027067528010302766]","[0.3970039578878247, -0.43654231641088637]",0.1484683310285552
3,1170,"[0.37940293256350377, 0.6626631111216297]","[0.20033155121842627, 0.8577591891930944]","[0.5779048155407214, 0.44439188892633397]","[0.0008382687631968422, 0.002695340209711411]","[0.0008393733311632956, 0.0026960438086029437]","[0.3970037659544352, -0.4365424443905914]",0.14846983088141746
3,1171,"[0.37940125602597735, 0.6626577204412103]","[0.20033155121842627, 0.8577591891930944]","[0.5779030438005199, 0.44438643476445505]","[0.0008350958744509773, 0.0026846787319623547]","[0.0008361916209255194, 0.002685376714391341]","[0.39700357554908516, -0.4365425713535105]",0.14847132479961178
3,1172,"[0.37939958583422845, 0.6626523510837463]","[0.20033155121842627, 0.8577591891930944]","[0.5779012791640326, 0.4443810024298846]","[0.0008319342425204807, 0.002674058947453063]","[0.0008330212379569213, 0.002674751358255012]","[0.3970033866596082, -0.43654269730772344]",0.14847281280637126
3,1173,"[0.3793979219657434, 0.6626470029658514]","[0.20033155121842627, 0.8577591891930944]","[0.5778995216027105, 0.44437559183522835]","[0.0008287838338039661, 0.002663480696983084]","[0.0008298621480934409, 0.0026641675806357568]","[0.39700319927393424, -0.4365428222612462]",0.14847429492483943
3,1174,"[0.3793962643980758, 0.6626416760044574]","[0.20033155121842627, 0.8577591891930944]","[0.5778977710881201, 0.44437020289344215]","[0.0008256446147430446, 0.0026529438219278327]","[0.000826714317219146, 0.002653625222553746]","[0.3970030133800887, -0.4365429462220306]",0.1484757711780714
3,1175,"[0.3793946131088463, 0.6626363701168136]","[0.20033155121842627, 0.8577591891930944]","[0.5778960275919431, 0.4443648355178309]","[0.0008225165518240179, 0.00264244816423808]","[0.0008235777112657883, 0.002643124125607521]","[0.39700282896619365, -0.4365430691979655]",0.148477241589034
3,1176,"[0.3793929680757427, 0.6626310852204852]","[0.20033155121842627, 0.8577591891930944]","[0.5778942910859751, 0.44435948962204663]","[0.0008193996115768674, 0.0026319935664371203]","[0.0008204522962144134, 0.0026326641319711075]","[0.39700264602046487, -0.4365431911968771]",0.14847870618060588
3,1177,"[0.37939132927651953, 0.6626258212333523]","[0.20033155121842627, 0.8577591891930944]","[0.5778925615421255, 0.44435416512008774]","[0.0008162937605771006, 0.002621579871619595]","[0.000817338038095694, 0.002622245084392294]","[0.397002464531212, -0.4365433122265292]",0.14848016497557787
3,1178,"[0.37938969668899836, 0.6626205780736091]","[0.20033155121842627, 0.8577591891930944]","[0.5778908389324177, 0.4443488619262971]","[0.0008131989654456796, 0.0026112069234492915]","[0.0008142349029894302, 0.0026118668261910782]","[0.3970022844868386, -0.436543432294624]",0.14848161799665366
3,1179,"[0.37938807029106747, 0.6626153556597622]","[0.20033155121842627, 0.8577591891930944]","[0.5778891232289872, 0.44434357995536083]","[0.0008101151928495911, 0.002600874566157762]","[0.0008111428570268253, 0.0026015292012580016]","[0.3970021058758395, -0.43654355140880263]",0.14848306526644975
3,1180,"[0.3793864500606818, 0.6626101539106298]","[0.20033155121842627, 0.8577591891930944]","[0.5778874144040826, 0.44433831912230726]","[0.0008070424095025014, 0.0025905826445421594]","[0.0008080618663894312, 0.0025912320540515954]","[0.39700192868680173, -0.43654366957664514]",0.14848450680749573
3,1181,"[0.37938483597586276, 0.6626049727453407]","[0.20033155121842627, 0.8577591891930944]","[0.5778857124300643, 0.4443330793425048]","[0.0008039805821650555, 0.002580331003963408]","[0.0008049918973102588, 0.002580975229597271]","[0.397001752908403, -0.43654378680567174]",0.14848594264223497
3,1182,"[0.3793832280146984, 0.6625998120833327]","[0.20033155121842627, 0.8577591891930944]","[0.5778840172794042, 0.44432786053166146]","[0.0008009296776456715, 0.002570119490344662]","[0.0008019329160738886, 0.002570758573485099]","[0.39700157852941154, -0.43654390310334257]",0.14848737279302449
3,1183,"[0.37938162615534315, 0.6625946718443521]","[0.20033155121842627, 0.8577591891930944]","[0.5778823289246854, 0.4443226626058228]","[0.0007978896628007767, 0.0025599479501693598]","[0.000798884889017748, 0.0025605819318680334]","[0.39700140553868446, -0.4365440184770585]",0.1484887972821357
3,1184,"[0.37938003037601753, 0.6625895519484517]","[0.20033155121842627, 0.8577591891930944]","[0.5778806473386016, 0.44431748548137084]","[0.000794860504535085, 0.0025498162304791994]","[0.0007958477825312227, 0.0025504451514602455]","[0.39700123392516806, -0.4365441329341617]",0.14849021613175442
3,1185,"[0.3793784406550085, 0.6625844523159907]","[0.20033155121842627, 0.8577591891930944]","[0.5778789724939567, 0.4443123290750227]","[0.0007918421698029265, 0.0025397241788728433]","[0.0007928215630575997, 0.002540348079535182]","[0.39700106367789645, -0.436544246481936]",0.14849162936398136
3,1186,"[0.37937685697066886, 0.662579372867633]","[0.20033155121842627, 0.8577591891930944]","[0.5778773043636645, 0.44430719330382945]","[0.0007888346256075379, 0.0025296716435038186]","[0.0007898061970930681, 0.002530290563923787]","[0.3970008947859912, -0.43654435912760714]",0.1484930370008323
3,1187,"[0.3793752793014176, 0.662574313524346]","[0.20033155121842627, 0.8577591891930944]","[0.5778756429207479, 0.4443020780851742]","[0.0007858378390025814, 0.0025196584730785934]","[0.0007868016511882181, 0.0025202724530127285]","[0.39700072723866053, -0.4365444708783437]",0.14849443906423854
3,1188,"[0.37937370762573963, 0.6625692742073999]","[0.20033155121842627, 0.8577591891930944]","[0.5778739881383388, 0.44429698333677137]","[0.0007828517770919026, 0.002509684516855002]","[0.0007838078919482072, 0.002510293595742341]","[0.3970005610251983, -0.436544581741257]",0.148495835576047
3,1189,"[0.37937214192218544, 0.6625642548383661]","[0.20033155121842627, 0.8577591891930944]","[0.5778723399896775, 0.4442919089766651]","[0.0007798764070302502, 0.002499749624640648]","[0.0007808248860326494, 0.002500353841605407]","[0.39700039613498406, -0.43654469172340205]",0.14849722655802092
3,1190,"[0.37937058216937136, 0.6625592553391169]","[0.20033155121842627, 0.8577591891930944]","[0.5778706984481121, 0.44428685492322795]","[0.0007769116960237112, 0.002489853646790846]","[0.0007778526001567809, 0.0024904530406450465]","[0.3970002325574815, -0.4365448008317778]",0.14849861203183964
3,1191,"[0.3793690283459793, 0.6625542756318232]","[0.20033155121842627, 0.8577591891930944]","[0.5778690634870987, 0.44428182109515946]","[0.0007739576113301898, 0.0024799964342068275]","[0.0007748910010911825, 0.0024805910434525513]","[0.3970000702822387, -0.43654490907332755]",0.1484999920190994
3,1192,"[0.37936748043075663, 0.6625493156389548]","[0.20033155121842627, 0.8577591891930944]","[0.5778674350801999, 0.44427680741148523]","[0.0007710141202596046, 0.0024701778383342914]","[0.0007719400556628342, 0.0024707677011661655]","[0.3969999092988865, -0.43654501645493915]",0.14850136654131335
3,1193,"[0.3793659384025161, 0.6625443752832781]","[0.20033155121842627, 0.8577591891930944]","[0.5778658132010854, 0.44427181379155517]","[0.0007680811901744978, 0.0024603977111611803]","[0.0007689997307547825, 0.002460982865468919]","[0.3969997495971387, -0.43654512298344594]",0.1485027356199119
3,1194,"[0.37936440224013573, 0.6625394544878558]","[0.20033155121842627, 0.8577591891930944]","[0.577864197823531, 0.44426684015504225]","[0.0007651587884905467, 0.002450655905216274]","[0.0007660699933073611, 0.0024512363885872412]","[0.3969995911667906, -0.43654522866562706]",0.14850409927624317
3,1195,"[0.37936287192255874, 0.6625345531760454]","[0.20033155121842627, 0.8577591891930944]","[0.5778625889214183, 0.4442618864219416]","[0.0007622468826766558, 0.0024409522735674392]","[0.0007631508103177476, 0.0024415281232888497]","[0.3969994339977191, -0.43654533350820757]",0.14850545753157302
3,1196,"[0.3793613474287934, 0.6625296712714982]","[0.20033155121842627, 0.8577591891930944]","[0.5778609864687342, 0.44425695251256864]","[0.000759345440255666, 0.002431286669819519]","[0.0007602421488408506, 0.00243185792288092]","[0.39699927807988156, -0.4365454375178591]",0.14850681040708577
3,1197,"[0.3793598287379129, 0.6625248086981586]","[0.20033155121842627, 0.8577591891930944]","[0.5778593904395707, 0.44425203834755833]","[0.0007564544288044902, 0.0024216589481131263]","[0.0007573439759892553, 0.0024222256412088083]","[0.39699912340331556, -0.43654554070120044]",0.14850815792388417
3,1198,"[0.3793583158290553, 0.6625199653802624]","[0.20033155121842627, 0.8577591891930944]","[0.5778578008081241, 0.4442471438478637]","[0.0007535738159547361, 0.0024120689631225234]","[0.0007544562589342774, 0.0024126311326536642]","[0.39699896995813755, -0.4365456430647974]",0.1485095001029896
3,1199,"[0.3793568086814234, 0.6625151412423361]","[0.20033155121842627, 0.8577591891930944]","[0.5778562175486949, 0.4442422689347541]","[0.0007507035693928513, 0.0024025165700537233]","[0.0007515789649056304, 0.00240307425213121]","[0.39699881773454293, -0.43654574461516404]",0.14851083696534276
3,1200,"[0.3793553072742846, 0.662510336209196]","[0.20033155121842627, 0.8577591891930944]","[0.5778546406356873, 0.4442374135298147]","[0.0007478436568607496, 0.002393001624643201]","[0.0007487120611919806, 0.002393554855089519]","[0.39699866672280526, -0.4365458453587625]",0.1485121685318038
3,1201,"[0.3793538115869709, 0.6625055502059467]","[0.20033155121842627, 0.8577591891930944]","[0.5778530700436089, 0.44423257755494505]","[0.000744994046156018, 0.002383523983156181]","[0.0007458555151408919, 0.002384072797507686]","[0.3969985169132759, -0.4365459453020033]",0.14851349482315246
3,1202,"[0.3793523215988786, 0.6625007831579804]","[0.20033155121842627, 0.8577591891930944]","[0.5778515057470697, 0.4442277609323573]","[0.0007421547051322404, 0.00237408350238437]","[0.0007430092941607125, 0.0023746279358938804]","[0.39699836829638213, -0.43654604445124634]",0.1485148158600884
3,1203,"[0.37935083728946833, 0.6624960349909756]","[0.20033155121842627, 0.8577591891930944]","[0.5778499477207825, 0.44422296358457525]","[0.0007393256016995102, 0.0023646800396444974]","[0.0007401733657186882, 0.0023652201272832962]","[0.39699822086262826, -0.4365461428128008]",0.14851613166323197
3,1204,"[0.3793493586382649, 0.6624913056308963]","[0.20033155121842627, 0.8577591891930944]","[0.5778483959395619, 0.4442181854344334]","[0.0007365067038245681, 0.0023553134527769253]","[0.0007373476973426274, 0.0023558492292371502]","[0.39699807460259406, -0.4365462403929258]",0.1485174422531237
3,1205,"[0.3793478856248573, 0.6624865950039908]","[0.20033155121842627, 0.8577591891930944]","[0.5778468503783241, 0.44421342640507544]","[0.0007336979795313157, 0.0023459836001435194]","[0.0007345322566217893, 0.002346515099840407]","[0.3969979295069336, -0.43654633719783065]",0.14851874765022519
3,1206,"[0.3793464182288982, 0.6624819030367904]","[0.20033155121842627, 0.8577591891930944]","[0.5778453110120865, 0.44420868641995276]","[0.0007308993969012079, 0.0023366903406259964]","[0.0007317270112049412, 0.002337217597700003]","[0.39699778556637655, -0.43654643323367537]",0.1485200478749193
3,1207,"[0.3793449564301044, 0.6624772296561092]","[0.20033155121842627, 0.8577591891930944]","[0.5778437778159672, 0.44420396540282375]","[0.0007281109240734388, 0.002327433533624643]","[0.0007289319288032448, 0.0023279565819436243]","[0.39699764277172556, -0.43654652850657094]",0.1485213429475103
3,1208,"[0.37934350020825625, 0.662472574789042]","[0.20033155121842627, 0.8577591891930944]","[0.5778422507651846, 0.444199263277752]","[0.0007253325292451454, 0.0023182130390556185]","[0.000726146977188924, 0.002318731912217209]","[0.3969975011138567, -0.43654662302257996]",0.1485226328882242
3,1209,"[0.3793420495431978, 0.6624679383629639]","[0.20033155121842627, 0.8577591891930944]","[0.5778407298350572, 0.44419457996910566]","[0.0007225641806721032, 0.0023090287173506267]","[0.0007233721241960422, 0.002309543448684004]","[0.3969973605837188, -0.4365467167877165]",0.1485239177172091
3,1210,"[0.3793406044148364, 0.6624633203055292]","[0.20033155121842627, 0.8577591891930944]","[0.5778392150010028, 0.4441899154015556]","[0.0007198058466687343, 0.0022998804294537796]","[0.0007206073377208355, 0.002300391052022288]","[0.3969972211723327, -0.43654680980794724]",0.1485251974545355
3,1211,"[0.37933916480314306, 0.6624587205446704]","[0.20033155121842627, 0.8577591891930944]","[0.5778377062385385, 0.4441852695000748]","[0.0007170574956085022, 0.002290768036821141]","[0.0007178525857218232, 0.002291274583424041]","[0.39699708287079083, -0.4365469020891911]",0.14852647212019646
3,1212,"[0.37933773068815185, 0.6624541390085967]","[0.20033155121842627, 0.8577591891930944]","[0.5778362035232802, 0.4441806421899366]","[0.0007143190959243492, 0.0022816914014181697]","[0.0007151078362200303, 0.002282193904593055]","[0.3969969456702568, -0.4365469936373203]",0.1485277417341082
3,1213,"[0.37933630204996, 0.6624495756257939]","[0.20033155121842627, 0.8577591891930944]","[0.577834706830942, 0.4441760333967139]","[0.000711590616108555, 0.0022726503857185827]","[0.0007123730572998754, 0.002273148877742992]","[0.3969968095619639, -0.43654708445815993]",0.14852900631610977
3,1214,"[0.3793348788687278, 0.6624450303250224]","[0.20033155121842627, 0.8577591891930944]","[0.5778332161373357, 0.44417144304627787]","[0.000708872024713733, 0.0022636448527024694]","[0.000709648217108727, 0.0022641393655964404]","[0.3969966745372159, -0.43654717455748915]",0.14853026588596402
3,1215,"[0.37933346112467836, 0.662440503035317]","[0.20033155121842627, 0.8577591891930944]","[0.577831731418371, 0.44416687106479646]","[0.0007061632903523581, 0.0022546746658543178]","[0.0007069332838574582, 0.0022551652313821946]","[0.3969965405873852, -0.43654726394104104]",0.14853152046335738
3,1216,"[0.3793320487980977, 0.6624359936859853]","[0.20033155121842627, 0.8577591891930944]","[0.5778302526500545, 0.44416231737873363]","[0.0007034643816978177, 0.0022457396891621007]","[0.0007042282258205024, 0.0022462263388348114]","[0.39699640770391365, -0.4365473526145033]",0.1485327700679006
3,1217,"[0.3793306418693343, 0.662431502206607]","[0.20033155121842627, 0.8577591891930944]","[0.5778287798084896, 0.44415778191484784]","[0.0007007752674838224, 0.002236839787114795]","[0.0007015330113365192, 0.0022373225521916673]","[0.39699627587831054, -0.43654744058351824]",0.14853401471912847
3,1218,"[0.37932924031879933, 0.6624270285270327]","[0.20033155121842627, 0.8577591891930944]","[0.5778273128698759, 0.44415326460019106]","[0.0006980959165055236, 0.002227974824701001]","[0.0006988476088083395, 0.002228453736191738]","[0.3969961451021531, -0.43654752785368334]",0.14853525443650067
3,1219,"[0.3793278441269663, 0.6624225725773834]","[0.20033155121842627, 0.8577591891930944]","[0.5778258518105092, 0.44414876536210757]","[0.0006954262976190535, 0.002219144667407712]","[0.0006961719867028537, 0.0022196197560744313]","[0.39699601536708573, -0.43654761443055157]",0.14853648923940163
3,1220,"[0.37932645327437103, 0.6624181342880485]","[0.20033155121842627, 0.8577591891930944]","[0.5778243966067806, 0.4441442841282326]","[0.0006927663797425543, 0.002210349181217746]","[0.0006935061135522336, 0.0022108204775770357]","[0.3969958866648192, -0.43654770031963186]",0.14853771914714103
3,1221,"[0.37932506774161157, 0.662413713589686]","[0.20033155121842627, 0.8577591891930944]","[0.5778229472351768, 0.4441398208264914]","[0.0006901161318556937, 0.002201588232608932]","[0.0006908499579531546, 0.0022020557669337193]","[0.39699575898713046, -0.4365477855263893]",0.14853894417895408
3,1222,"[0.37932368750934786, 0.6624093104132208]","[0.20033155121842627, 0.8577591891930944]","[0.5778215036722786, 0.444135375385098]","[0.0006874755230002577, 0.0021928616885523618]","[0.0006882034885678512, 0.002193325490874032]","[0.39699563232586144, -0.4365478700562456]",0.14854016435400155
3,1223,"[0.37932231255830184, 0.6624049246898437]","[0.20033155121842627, 0.8577591891930944]","[0.5778200658947616, 0.44413094773255396]","[0.0006848445222804284, 0.002184169416510021]","[0.0006855666741235056, 0.0021846295166201846]","[0.3969955066729196, -0.43654795391457946]",0.14854137969137043
3,1224,"[0.37932094286925727, 0.6624005563510107]","[0.20033155121842627, 0.8577591891930944]","[0.5778186338793958, 0.44412653779764744]","[0.0006822230988630093, 0.0021755112844342554]","[0.0006829394834126368, 0.0021759677118865506]","[0.39699538202027707, -0.4365480371067265]",0.148542590210074
3,1225,"[0.3793195784230595, 0.6623962053284418]","[0.20033155121842627, 0.8577591891930944]","[0.5778172076030439, 0.4441221455094516]","[0.0006796112219773107, 0.0021668871607649614]","[0.0006803218852945991, 0.0021673399448772224]","[0.39699525835996874, -0.43654811963798035]",0.14854379592905181
3,1226,"[0.3793182192006156, 0.6623918715541203]","[0.20033155121842627, 0.8577591891930944]","[0.5778157870426627, 0.4441177707973242]","[0.0006770088609163781, 0.00215829691442893]","[0.0006777138486938616, 0.002158746084284846]","[0.39699513568409417, -0.4365482015135922]",0.1485449968671707
3,1227,"[0.37931686518289376, 0.6623875549602914]","[0.20033155121842627, 0.8577591891930944]","[0.5778143721753014, 0.4441134135909056]","[0.0006744159850357372, 0.0021497404148375894]","[0.0006751153426011736, 0.0021501859992886785]","[0.3969950139848153, -0.43654828273877166]",0.1485461930432243
3,1228,"[0.3793155163509237, 0.6623832554794618]","[0.20033155121842627, 0.8577591891930944]","[0.5778129629781019, 0.4441090738201182]","[0.0006718325637548674, 0.002141217531885665]","[0.0006725263360740641, 0.0021416595595531995]","[0.39699489325435644, -0.43654836331868707]",0.14854738447593385
3,1229,"[0.3793141726857962, 0.662378973044398]","[0.20033155121842627, 0.8577591891930944]","[0.5778115594282981, 0.4441047514151652]","[0.0006692585665566946, 0.002132728135949547]","[0.0006699467982364538, 0.0021331666352262246]","[0.3969947734850038, -0.43654844325846553]",0.14854857118394799
3,1230,"[0.37931283416866307, 0.6623747075881261]","[0.20033155121842627, 0.8577591891930944]","[0.5778101615032156, 0.44410044630652934]","[0.0006666939629882175, 0.0021242720978857524]","[0.0006673766982789875, 0.002124707096937739]","[0.3969946546691051, -0.43654852256319354]",0.14854975318584346
3,1231,"[0.3793115007807371, 0.6623704590439303]","[0.20033155121842627, 0.8577591891930944]","[0.5778087691802717, 0.44409615842497185]","[0.0006641387226606419, 0.002115849289028805]","[0.0006648160054594232, 0.0021162808157972335]","[0.39699453679906915, -0.43654860123791694]",0.14855093050012524
3,1232,"[0.3793101725032918, 0.6623662273453522]","[0.20033155121842627, 0.8577591891930944]","[0.5778073824369743, 0.44409188770153135]","[0.0006615928152493209, 0.0021074595811901757]","[0.0006622646891025763, 0.0021078876633933152]","[0.39699441986736494, -0.43654867928764174]",0.14855210314522677
3,1233,"[0.3793088493176613, 0.6623620124261899]","[0.20033155121842627, 0.8577591891930944]","[0.5778060012509222, 0.44408763406752283]","[0.0006590562104942535, 0.0020991028466567983]","[0.0006597227186004306, 0.00209952751179171]","[0.3969943038665218, -0.43654875671733406]",0.14855327113951008
3,1234,"[0.3793075312052403, 0.6623578142204966]","[0.20033155121842627, 0.8577591891930944]","[0.5778046255998044, 0.44408339745453634]","[0.0006565288782000361, 0.0020907789581888422]","[0.0006571900634126937, 0.0020912002335328195]","[0.3969941887891282, -0.4365488335319204]",0.14855443450126635
3,1235,"[0.3793062181474839, 0.6623536326625802]","[0.20033155121842627, 0.8577591891930944]","[0.5778032554613998, 0.444079177794436]","[0.0006540107882362769, 0.0020824877890184227]","[0.0006546666930666301, 0.002082905701631166]","[0.39699407462783176, -0.43654890973628835]",0.14855559324871592
3,1236,"[0.3793049101259074, 0.6623494676870021]","[0.20033155121842627, 0.8577591891930944]","[0.5778018908135766, 0.4440749750193589]","[0.0006515019105375528, 0.002074229212848213]","[0.0006521525771576719, 0.0020746437895732828]","[0.3969939613753384, -0.4365489853352864]",0.14855674740000874
3,1237,"[0.37930360712208633, 0.6623453192285764]","[0.20033155121842627, 0.8577591891930944]","[0.5778005316342926, 0.4440707890617141]","[0.0006490022151040306, 0.002066003103849722]","[0.0006496476853488642, 0.0020664143713163274]","[0.3969938490244125, -0.43654906033372465]",0.1485578969732244
3,1238,"[0.3793023091176561, 0.6623411872223687]","[0.20033155121842627, 0.8577591891930944]","[0.5777991779015941, 0.4440666198541811]","[0.0006465116720009742, 0.002057809336661264]","[0.0006471519873713083, 0.002058217321286304]","[0.3969937375678759, -0.43654913473637513]",0.1485590419863729
3,1239,"[0.3793010160943121, 0.6623370716036954]","[0.20033155121842627, 0.8577591891930944]","[0.5777978295936159, 0.44406246732970955]","[0.0006440302513594571, 0.0020496477863872573]","[0.0006446654530247731, 0.0020500525143765103]","[0.39699362699860763, -0.43654920854797163]",0.14856018245739408
3,1240,"[0.3792997280338094, 0.6623329723081226]","[0.20033155121842627, 0.8577591891930944]","[0.5777964866885812, 0.4440583314215174]","[0.0006415579233763879, 0.0020415183285958866]","[0.0006421880521770285, 0.0020419198259458704]","[0.3969935173095436, -0.4365492817732104]",0.1485613184041587
3,1241,"[0.37929844491796266, 0.6623288892714654]","[0.20033155121842627, 0.8577591891930944]","[0.5777951491648003, 0.44405421206309004]","[0.0006390946583144016, 0.0020334208393177006]","[0.0006397197547649558, 0.0020338191318177157]","[0.39699340849367537, -0.4365493544167507]",0.14856244984446834
3,1242,"[0.37929716672864605, 0.6623248224297867]","[0.20033155121842627, 0.8577591891930944]","[0.5777938170006716, 0.44405010918817955]","[0.0006366404265024379, 0.0020253551950444194]","[0.0006372605307936041, 0.0020257503082777295]","[0.396993300544051, -0.4365494264832144]",0.14856357679605542
3,1243,"[0.379295893447793, 0.6623207717193966]","[0.20033155121842627, 0.8577591891930944]","[0.5777924901746798, 0.44404602273080335]","[0.0006341951983356964, 0.0020173212727269798]","[0.0006348103503372449, 0.002017713232072449]","[0.3969931934537736, -0.43654949797718656]",0.148564699276584
3,1244,"[0.37929462505739636, 0.6623167370768511]","[0.20033155121842627, 0.8577591891930944]","[0.5777911686653969, 0.44404195262524304]","[0.0006317589442758212, 0.0020093189497740254]","[0.0006323691835391498, 0.0020097077804080987]","[0.39699308721600113, -0.43654956890321617]",0.1485658173036496
3,1245,"[0.3792933615395078, 0.6623127184389516]","[0.20033155121842627, 0.8577591891930944]","[0.5777898524514808, 0.4440378988060437]","[0.0006293316348509486, 0.002001348104050582]","[0.0006299370006116467, 0.0020017338309485377]","[0.39699298182394605, -0.4365496392658157]",0.14856693089477968
3,1246,"[0.3792921028762381, 0.6623087157427434]","[0.20033155121842627, 0.8577591891930944]","[0.5777885415116756, 0.44403386120801236]","[0.0006269132406558983, 0.001993408613876083]","[0.0006275137718361745, 0.0019937912618140374]","[0.39699287727087496, -0.4365497090694621]",0.14856804006743368
3,1247,"[0.3792908490497568, 0.6623047289255156]","[0.20033155121842627, 0.8577591891930944]","[0.5777872358248108, 0.44402983976621735]","[0.0006245037323526225, 0.0019855003580233057]","[0.0006250994675637278, 0.00198587995157945]","[0.3969927735501081, -0.43654977831859654]",0.14856914483900358
3,1248,"[0.37928960004229206, 0.6623007579247996]","[0.20033155121842627, 0.8577591891930944]","[0.5777859353698014, 0.4440258344159871]","[0.000622103080669741, 0.0019776232157164833]","[0.0006226940582148011, 0.0019779997792729875]","[0.39699267065501864, -0.436549847017625]",0.1485702452268139
3,1249,"[0.37928835583613074, 0.6622968026783681]","[0.20033155121842627, 0.8577591891930944]","[0.5777846401256473, 0.44402184509290893]","[0.0006197112564033187, 0.001969777066629766]","[0.0006202975142790557, 0.001970150624374001]","[0.3969925685790332, -0.43654991517091835]",0.1485713412481222
3,1250,"[0.37928711641361795, 0.6622928631242349]","[0.20033155121842627, 0.8577591891930944]","[0.5777833500714329, 0.4440178717328285]","[0.0006173282304163863, 0.0019619617908861547]","[0.0006179098063164856, 0.0019623323668124804]","[0.39699246731562987, -0.43654998278281276]",0.14857243292011896
3,1251,"[0.3792858817571571, 0.6622889392006531]","[0.20033155121842627, 0.8577591891930944]","[0.5777820651863268, 0.4440139142718482]","[0.0006149539736394292, 0.0019541772690552955]","[0.0006155309049561963, 0.0019545448869663917]","[0.3969923668583394, -0.4365500498576098]",0.1485735202599281
3,1252,"[0.37928465184920984, 0.662285030846115]","[0.20033155121842627, 0.8577591891930944]","[0.5777807854495817, 0.44400997264632647]","[0.0006125884570706948, 0.0019464233821520644]","[0.0006131607808978479, 0.0019467880656606762]","[0.39699226720074365, -0.4365501163995771]",0.1485746032846073
3,1253,"[0.3792834266722957, 0.6622811379993507]","[0.20033155121842627, 0.8577591891930944]","[0.5777795108405335, 0.4440060467928766]","[0.0006102316517755837, 0.0019387000116357818]","[0.0006107994049108223, 0.0019390617841662516]","[0.39699216833647555, -0.4365501824129483]",0.1485756820111479
3,1254,"[0.37928220620899217, 0.6622772605993275]","[0.20033155121842627, 0.8577591891930944]","[0.5777782413386017, 0.44400213664836585]","[0.0006078835288877624, 0.0019310070394076657]","[0.0006084467478346678, 0.001931365924197126]","[0.396992070259219, -0.4365502479019232]",0.14857675645647567
3,1255,"[0.3792809904419344, 0.6622733985852486]","[0.20033155121842627, 0.8577591891930944]","[0.5777769769232883, 0.44399824214991435]","[0.0006055440596084065, 0.0019233443478099239]","[0.0006061027805792096, 0.0019237003679101194]","[0.39699197296270783, -0.4365503128706685]",0.14857782663745045
3,1256,"[0.3792797793538152, 0.662269551896553]","[0.20033155121842627, 0.8577591891930944]","[0.5777757175741782, 0.44399436323489416]","[0.0006032132152066749, 0.0019157118196244706]","[0.0006037674741243282, 0.0019160649979032551]","[0.3969918764407261, -0.4365503773233177]",0.14857889257086693
3,1257,"[0.37927857292738476, 0.6622657204729138]","[0.20033155121842627, 0.8577591891930944]","[0.5777744632709384, 0.4439904998409281]","[0.0006008909670199857, 0.0019081093380705547]","[0.000601440799520403, 0.0019084596972130385]","[0.3969917806871073, -0.43655044126397136]",0.14857995427345455
3,1258,"[0.37927737114545074, 0.6622619042542376]","[0.20033155121842627, 0.8577591891930944]","[0.5777732139933176, 0.4439866519058888]","[0.0005985772864538197, 0.0019005367868040063]","[0.0005991227278885347, 0.0019008843493142913]","[0.39699168569573373, -0.43655050469669754]",0.148581011761878
3,1259,"[0.3792761739908778, 0.662258103180664]","[0.20033155121842627, 0.8577591891930944]","[0.5777719697211463, 0.4439828193678981]","[0.0005962721449818321, 0.0018929940499156066]","[0.0005968132304198237, 0.0018933388381180971]","[0.396991591460537, -0.4365505676255319]",0.14858206505273708
3,1260,"[0.37927498144658783, 0.6622543171925642]","[0.20033155121842627, 0.8577591891930944]","[0.577770730434336, 0.44397900216532515]","[0.0005939755141460538, 0.001885481011929124]","[0.000594512278376369, 0.001885823047970081]","[0.3969914979754964, -0.43655063005447814]",0.14858311416256742
3,1261,"[0.37927379349555956, 0.6622505462305404]","[0.20033155121842627, 0.8577591891930944]","[0.5777694961128794, 0.4439752002367864]","[0.000591687365557229, 0.00187799755780042]","[0.0005922198430908243, 0.0018783368636491882]","[0.3969914052346397, -0.43655069198750796]",0.1485841591078405
3,1262,"[0.37927261012082847, 0.6622467902354248]","[0.20033155121842627, 0.8577591891930944]","[0.5777682667368493, 0.44397141352114394]","[0.0005894076708942883, 0.0018705435729156914]","[0.0005899358959668421, 0.0018708801703662958]","[0.39699131323204173, -0.43655075342856164]",0.14858519990496372
3,1263,"[0.3792714313054867, 0.6622430491482789]","[0.20033155121842627, 0.8577591891930944]","[0.5777670422863992, 0.4439676419575048]","[0.0005871364019049123, 0.0018631189430899568]","[0.0005876604084782966, 0.0018634528537624928]","[0.396991221961825, -0.4365508143815482]",0.14858623657028103
3,1264,"[0.37927025703268286, 0.6622393229103928]","[0.20033155121842627, 0.8577591891930944]","[0.5777658227417621, 0.44396388548522014]","[0.0005848735304055185, 0.0018557235545658658]","[0.0005853933521704491, 0.001856054799907636]","[0.39699113141815856, -0.43655087485034527]",0.14858726912007264
3,1265,"[0.37926908728562203, 0.6622356114632837]","[0.20033155121842627, 0.8577591891930944]","[0.5777646080832508, 0.4439601440438836]","[0.0005826190282812656, 0.0018483572940114711]","[0.0005831346986597263, 0.0018486858952987961]","[0.39699104159525755, -0.43655093483880014]",0.1485882975705558
3,1266,"[0.3792679220475655, 0.6622319147486957]","[0.20033155121842627, 0.8577591891930944]","[0.5777633982912573, 0.44395641757333104]","[0.0005803728674863224, 0.0018410200485197272]","[0.0005808844196331098, 0.001841346026859092]","[0.3969909524873837, -0.4365509943507293]",0.14858932193788477
3,1267,"[0.3792667613018305, 0.6622282327085987]","[0.20033155121842627, 0.8577591891930944]","[0.5777621933462527, 0.44395270601363934]","[0.0005781350200434766, 0.0018337117056063104]","[0.0005786424868485796, 0.001834035081935359]","[0.3969908640888443, -0.4365510533899186]",0.14859034223815107
3,1268,"[0.3792656050317904, 0.6622245652851875]","[0.20033155121842627, 0.8577591891930944]","[0.5777609932287864, 0.44394900930512526]","[0.0005759054580448279, 0.0018264321532085947]","[0.0005764088721355032, 0.0018267529482982048]","[0.39699077639399194, -0.4365511119601244]",0.14859135848738375
3,1269,"[0.3792644532208743, 0.6622209124208811]","[0.20033155121842627, 0.8577591891930944]","[0.5777597979194864, 0.44394532738834463]","[0.0005736841536513564, 0.0018191812796839798]","[0.000574183547394358, 0.0018194995141391779]","[0.39699068939722415, -0.43655117006507294]",0.14859237070154954
3,1270,"[0.379263305852567, 0.6622172740583218]","[0.20033155121842627, 0.8577591891930944]","[0.5777586073990586, 0.4439416602040914]","[0.0005714710790931461, 0.001811958973808248]","[0.0005719664845966199, 0.0018122746680694357]","[0.3969906030929832, -0.43655122770846067]",0.1485933788965533
3,1271,"[0.3792621629104088, 0.6622136501403741]","[0.20033155121842627, 0.8577591891930944]","[0.5777574216482864, 0.44393800769339675]","[0.0005692662066695344, 0.001804765124774526]","[0.0005697576557854855, 0.0018050782991189118]","[0.3969905174757551, -0.4365512848939548]",0.14859438308823786
3,1272,"[0.37926102437799547, 0.6622100406101246]","[0.20033155121842627, 0.8577591891930944]","[0.5777562406480308, 0.4439343697975278]","[0.0005670695087491651, 0.0017975996221915494]","[0.000567557033074817, 0.001797910296734595]","[0.3969904325400706, -0.4365513416251935]",0.14859538329238486
3,1273,"[0.379259890238978, 0.6622064454108801]","[0.20033155121842627, 0.8577591891930944]","[0.5777550643792296, 0.4439307464579872]","[0.0005648809577699153, 0.0017904623560824242]","[0.0005653645886504743, 0.0017907705507789196]","[0.3969903482805033, -0.4365513979057859]",0.14859637952471427
3,1274,"[0.3792587604770625, 0.6622028644861679]","[0.20033155121842627, 0.8577591891930944]","[0.5777538928228976, 0.4439271376165117]","[0.0005627005262389234, 0.0017833532168829527]","[0.0005631802947692055, 0.001783658951528433]","[0.3969902646916702, -0.4365514537393125]",0.14859737180088523
3,1275,"[0.37925763507601, 0.6621992977797342]","[0.20033155121842627, 0.8577591891930944]","[0.5777527259601258, 0.44392354321507155]","[0.0005605281867328745, 0.0017762720954404504]","[0.0005610041237589791, 0.001776575389672408]","[0.39699018176823164, -0.4365515091293253]",0.1485983601364959
3,1276,"[0.37925651401963656, 0.6621957452355433]","[0.20033155121842627, 0.8577591891930944]","[0.5777515637720814, 0.4439199631958692]","[0.0005583639118977392, 0.0017692188830119083]","[0.0005588360480199284, 0.001769519756311122]","[0.3969900995048896, -0.43655156407934814]",0.14859934454708384
3,1277,"[0.3792553972918128, 0.6621922067977772]","[0.20033155121842627, 0.8577591891930944]","[0.5777504062400074, 0.4439163975013388]","[0.0005562076744491446, 0.0017621934712632498]","[0.0005566760400227411, 0.0017624919429549135]","[0.3969900178963892, -0.43655161859287683]",0.1486003250481263
3,1278,"[0.3792542848764639, 0.6621886824108347]","[0.20033155121842627, 0.8577591891930944]","[0.5777492533452222, 0.44391284607414505]","[0.000554059447171991, 0.0017551957522671515]","[0.0005545240723102696, 0.0017554918415221832]","[0.3969899369375166, -0.43655167267337935]",0.14860130165504015
3,1279,"[0.37925317675756953, 0.6621851720193302]","[0.20033155121842627, 0.8577591891930944]","[0.5777481050691196, 0.4439093088571822]","[0.0005519192029210393, 0.0017482256185021164]","[0.000552380117496476, 0.001748519344338284]","[0.39698985662310005, -0.43655172632429606]",0.14860227438318252
3,1280,"[0.3792520729191637, 0.6621816755680933]","[0.20033155121842627, 0.8577591891930944]","[0.5777469613931678, 0.4439057857935731]","[0.000549786914620375, 0.0017412829628505537]","[0.0005502441482673204, 0.0017415743441341336]","[0.3969897769480083, -0.43655177954904034]",0.14860324324785074
3,1281,"[0.3792509733453344, 0.6621781930021675]","[0.20033155121842627, 0.8577591891930944]","[0.5777458222989102, 0.4439022768266685]","[0.0005476625552639731, 0.0017343676785981496]","[0.0005481161373797616, 0.0017346567340445485]","[0.39698969790715166, -0.43655183235099804]",0.1486042082642828
3,1282,"[0.3792498780202239, 0.6621747242668103]","[0.20033155121842627, 0.8577591891930944]","[0.5777446877679643, 0.4438987819000462]","[0.0005455460979154379, 0.0017274796594321177]","[0.0005459960576626455, 0.0017277664076074117]","[0.39698961949548073, -0.43655188473352824]",0.14860516944765723
3,1283,"[0.3792487869280281, 0.6621712693074915]","[0.20033155121842627, 0.8577591891930944]","[0.5777435577820212, 0.4438953009575098]","[0.0005434375157076872, 0.0017206187994392844]","[0.000543883882015983, 0.0017209032587613415]","[0.3969895417079863, -0.4365519366999634]",0.14860612681309354
3,1284,"[0.3792477000529967, 0.6621678280698926]","[0.20033155121842627, 0.8577591891930944]","[0.5777424323228461, 0.44389183394308795]","[0.0005413367818437819, 0.0017137849931053478]","[0.0005417795834119499, 0.0017140671818449138]","[0.39698946453969874, -0.4365519882536093]",0.1486070803756525
3,1285,"[0.379246617379433, 0.6621644004999064]","[0.20033155121842627, 0.8577591891930944]","[0.5777413113722772, 0.44388838080103354]","[0.0005392438695962578, 0.0017069781353132387]","[0.0005396831348937758, 0.0017072580715953856]","[0.3969893879856885, -0.4365520393977458]",0.1486080301503363
3,1286,"[0.3792455388916938, 0.6621609865436358]","[0.20033155121842627, 0.8577591891930944]","[0.5777401949122265, 0.4438849414758226]","[0.0005371587523076553, 0.0017001981213415106]","[0.0005375945095762447, 0.00170047582314653]","[0.39698931204106536, -0.43655209013562635]",0.14860897615208887
3,1287,"[0.3792444645741892, 0.6621575861473931]","[0.20033155121842627, 0.8577591891930944]","[0.5777390829246778, 0.44388151591215375]","[0.0005350814033899568, 0.0016934448468635898]","[0.0005355136806463601, 0.0016937203320281924]","[0.3969892367009772, -0.43655214047047863]",0.14860991839579557
3,1288,"[0.37924339441138244, 0.6621541992576994]","[0.20033155121842627, 0.8577591891930944]","[0.577737975391688, 0.44387810405494693]","[0.0005330117963251185, 0.0016867182079457984]","[0.0005334406213622356, 0.0016869914941644026]","[0.3969891619606112, -0.43655219040550486]",0.14861085689628425
3,1289,"[0.37924232838778976, 0.6621508258212835]","[0.20033155121842627, 0.8577591891930944]","[0.5777368722953862, 0.44387470584934274]","[0.0005309499046648798, 0.0016800181010460044]","[0.0005313753050534276, 0.001680289205871599]","[0.3969890878151928, -0.4365522399438815]",0.1486117916683249
3,1290,"[0.37924126648798046, 0.6621474657850814]","[0.20033155121842627, 0.8577591891930944]","[0.5777357736179732, 0.4438713212407014]","[0.0005288957020308225, 0.0016733444230125412]","[0.0005293177051213238, 0.0016736133638582396]","[0.39698901425998556, -0.4365522890887601]",0.14861272272662998
3,1291,"[0.3792402086965764, 0.6621441190962354]","[0.20033155121842627, 0.8577591891930944]","[0.5777346793417215, 0.44386795017460196]","[0.0005268491621141912, 0.001666697071082562]","[0.0005272677950389215, 0.0016669638652222485]","[0.3969889412902903, -0.43655233784326686]",0.14861365008585475
3,1292,"[0.37923915499825217, 0.6621407857020932]","[0.20033155121842627, 0.8577591891930944]","[0.577733589448975, 0.4438645925968416]","[0.0005248102586763051, 0.0016600759428809981]","[0.0005252255483506607, 0.0016603406074507387]","[0.3969888689014457, -0.4365523862105033]",0.14861457376059733
3,1293,"[0.37923810537773484, 0.6621374655502075]","[0.20033155121842627, 0.8577591891930944]","[0.5777325039221486, 0.4438612484534343]","[0.0005227789655479618, 0.001653480936418876]","[0.0005231909386723688, 0.0016537434884180136]","[0.3969887970888275, -0.4365524341935464]",0.14861549376539926
3,1294,"[0.3792370598198037, 0.6621341585883347]","[0.20033155121842627, 0.8577591891930944]","[0.5777314227437278, 0.44385791769061045]","[0.0005207552566299509, 0.0016469119500921636]","[0.000521163939691538, 0.0016471724063842896]","[0.39698872584784817, -0.4365524817954485]",0.14861641011474494
3,1295,"[0.37923601830929043, 0.6621308647644345]","[0.20033155121842627, 0.8577591891930944]","[0.5777303458962687, 0.4438546002548157]","[0.0005187391058928974, 0.0016403688826801763]","[0.0005191445251674365, 0.001640627259994143]","[0.39698865517395654, -0.4365525290192376]",0.14861732282306284
3,1296,"[0.37923498083107865, 0.6621275840266692]","[0.20033155121842627, 0.8577591891930944]","[0.5777292733623975, 0.4438512960927102]","[0.000516730487377311, 0.001633851633344464]","[0.0005171326689307199, 0.001634107948275787]","[0.3969885850626378, -0.43655257586791796]",0.14861823190472495
3,1297,"[0.3792339473701039, 0.6621243163234025]","[0.20033155121842627, 0.8577591891930944]","[0.5777282051248105, 0.44384800515116757]","[0.0005147293751935113, 0.0016273601016275128]","[0.000515128344883431, 0.001627614370639241]","[0.39698851550941316, -0.4365526223444699]",0.1486191373740475
3,1298,"[0.3792329179113535, 0.6621210616031993]","[0.20033155121842627, 0.8577591891930944]","[0.5777271411662734, 0.44384472737727443]","[0.0005127357435212527, 0.0016208941874510825]","[0.0005131315269985559, 0.001621146426874609]","[0.3969884465098399, -0.4365526684518497]",0.14862003924529077
3,1299,"[0.37923189243986644, 0.6621178198148244]","[0.20033155121842627, 0.8577591891930944]","[0.5777260814696212, 0.4438414627183292]","[0.0005107495666104777, 0.001614453791115134]","[0.0005111421893216894, 0.0016147040171515803]","[0.3969883780595096, -0.43655271419299047]",0.14862093753265943
3,1300,"[0.3792308709407332, 0.6621145909072422]","[0.20033155121842627, 0.8577591891930944]","[0.5777250260177582, 0.44383821112184124]","[0.0005087708187808601, 0.0016080388132963203]","[0.0005091603059688699, 0.0016082870420175421]","[0.39698831015405, -0.436552759570802]",0.14862183225030307
3,1301,"[0.37922985339909565, 0.6621113748296157]","[0.20033155121842627, 0.8577591891930944]","[0.5777239747936571, 0.4438349725355303]","[0.0005067994744217461, 0.0016016491550468887]","[0.0005071858511281335, 0.0016018954023964138]","[0.3969882427891229, -0.4365528045881708]",0.1486227234123158
3,1302,"[0.3792288398001468, 0.6621081715313056]","[0.20033155121842627, 0.8577591891930944]","[0.5777229277803595, 0.4438317469073253]","[0.0005048355079922319, 0.0015952847177930825]","[0.0005052187990582935, 0.0015955289995872035]","[0.39698817596042535, -0.4365528492479607]",0.14862361103273708
3,1303,"[0.37922783012913086, 0.6621049809618701]","[0.20033155121842627, 0.8577591891930944]","[0.5777218849609749, 0.44382853418536394]","[0.0005028788940211197, 0.0015889454033340303]","[0.0005032591240899387, 0.001589187735262565]","[0.396988109663688, -0.4365528935530123]",0.1486244951255515
3,1304,"[0.3792268243713428, 0.6621018030710635]","[0.20033155121842627, 0.8577591891930944]","[0.5777208463186806, 0.44382533431799137]","[0.000500929607106885, 0.0015826311138403067]","[0.0005013068006250454, 0.0015828715114680758]","[0.39698804389467557, -0.4365529375061442]",0.14862537570468906
3,1305,"[0.3792258225121286, 0.6620986378088358]","[0.20033155121842627, 0.8577591891930944]","[0.5777198118367222, 0.4438221472537597]","[0.0004989876219179688, 0.0015763417518525709]","[0.0004993618031362557, 0.0015765802306200172]","[0.3969879786491871, -0.4365529811101523]",0.14862625278402575
3,1306,"[0.3792248245368848, 0.6620954851253321]","[0.20033155121842627, 0.8577591891930944]","[0.5777187814984122, 0.443818972941427]","[0.0004970529131921634, 0.0015700772202804256]","[0.0004974241061677098, 0.0015703137955047075]","[0.39698791392305477, -0.4365530243678102]",0.14862712637738318
3,1307,"[0.3792238304310584, 0.6620923449708915]","[0.20033155121842627, 0.8577591891930944]","[0.5777177552871302, 0.44381581132995673]","[0.0004951254557369268, 0.0015638374224009597]","[0.0004954936843349911, 0.0015640721092770038]","[0.3969878497121436, -0.4365530672818696]",0.14862799649852915
3,1308,"[0.3792228401801469, 0.6620892172960468]","[0.20033155121842627, 0.8577591891930944]","[0.5777167331863229, 0.4438126623685165]","[0.0004932052244293399, 0.0015576222618577272]","[0.0004935705123244594, 0.0015578550754592468]","[0.39698778601235196, -0.43655310985506046]",0.14862886316117774
3,1309,"[0.379221853769698, 0.6620861020515231]","[0.20033155121842627, 0.8577591891930944]","[0.5777157151795033, 0.4438095260064777]","[0.0004912921942162508, 0.0015514316426588827]","[0.000491654564894084, 0.0015516625979390963]","[0.3969877228196105, -0.4365531520900907]",0.14862972637898958
3,1310,"[0.3792208711853096, 0.6620829991882378]","[0.20033155121842627, 0.8577591891930944]","[0.5777147012502509, 0.44380640219341416]","[0.0004893863401139016, 0.0015452654691762936]","[0.0004897458168723334, 0.0015454945809693088]","[0.3969876601298826, -0.4365531939896472]",0.1486305861655721
3,1311,"[0.3792198924126294, 0.6620799086572994]","[0.20033155121842627, 0.8577591891930944]","[0.5777136913822113, 0.44380329087910186]","[0.0004874876372078764, 0.0015391236461442788]","[0.00048784424315873043, 0.0015393509291655727]","[0.3969875979391638, -0.436553235556395]",0.14863144253447946
3,1312,"[0.379218917437355, 0.6620768304100071]","[0.20033155121842627, 0.8577591891930944]","[0.5777126855590956, 0.44380019201351806]","[0.000485596060653658, 0.001533006078658343]","[0.0004859498187242406, 0.0015332315475057312]","[0.39698753624348126, -0.43655327679297806]",0.14863229549921306
3,1313,"[0.3792179462452337, 0.6620737643978498]","[0.20033155121842627, 0.8577591891930944]","[0.5777116837646807, 0.44379710554684]","[0.00048371158567586106, 0.0015269126721734886]","[0.00048406251861016214, 0.0015271363413286165]","[0.3969874750388941, -0.43655331770201966]",0.14863314507322165
3,1314,"[0.37921697882206234, 0.6620707105725054]","[0.20033155121842627, 0.8577591891930944]","[0.5777106859828085, 0.4437940314294444]","[0.0004818341875683721, 0.0015208433325031314]","[0.0004821823179290696, 0.0015210652163320515]","[0.3969874143214923, -0.4365533582861221]",0.14863399126990134
3,1315,"[0.3792160151536872, 0.6620676688858405]","[0.20033155121842627, 0.8577591891930944]","[0.5777096921973861, 0.44379096961190717]","[0.0004799638416946584, 0.001514797965818368]","[0.0004803091918637592, 0.0015150180785721279]","[0.3969873540873978, -0.43655339854786657]",0.14863483410259626
3,1316,"[0.3792150552260038, 0.6620646392899088]","[0.20033155121842627, 0.8577591891930944]","[0.577708702392385, 0.44378792004500156]","[0.00047810052348753416, 0.001508776478645616]","[0.00047844311566880293, 0.0015089948344618187]","[0.3969872943327625, -0.4365534384898144]",0.1486356735845981
3,1317,"[0.37921409902495684, 0.6620616217369515]","[0.20033155121842627, 0.8577591891930944]","[0.5777077165518416, 0.4437848826796984]","[0.0004762442084490309, 0.0015027787778667022]","[0.0004765840646685504, 0.0015029953907698679]","[0.39698723505376954, -0.4365534781145062]",0.14863650972914694
3,1318,"[0.3792131465365399, 0.6620586161793958]","[0.20033155121842627, 0.8577591891930944]","[0.577706734659856, 0.4437818574671646]","[0.0004743948721501918, 0.0014968047707161556]","[0.00047473201425835, 0.0014970196546189585]","[0.39698717624663216, -0.43655351742446236]",0.14863734254943095
3,1319,"[0.3792121977467956, 0.6620556225698543]","[0.20033155121842627, 0.8577591891930944]","[0.5777057567005925, 0.4437788443587626]","[0.00047255249023151657, 0.0014908543647809025]","[0.0004728869399041602, 0.0014910675334849355]","[0.3969871179075939, -0.4365535564221834]",0.1486381720585871
3,1320,"[0.37921125264181516, 0.6620526408611247]","[0.20033155121842627, 0.8577591891930944]","[0.5777047826582793, 0.44377584330604974]","[0.0004707170384026916, 0.0014849274679989777]","[0.0004710488171423277, 0.0014851389351956401]","[0.3969870600329283, -0.4365535951101499]",0.14863899826970084
3,1321,"[0.37921031120773835, 0.6620496710061887]","[0.20033155121842627, 0.8577591891930944]","[0.5777038125172075, 0.4437728542607774]","[0.0004688884924420594, 0.0014790239886578035]","[0.0004692176215796984, 0.0014792337679291334]","[0.39698700261893827, -0.43655363349082266]",0.14863982119580654
3,1322,"[0.37920937343075345, 0.6620467129582114]","[0.20033155121842627, 0.8577591891930944]","[0.5777028462617317, 0.4437698771748898]","[0.0004670668281973096, 0.0014731438353931606]","[0.00046739332889339513, 0.0014733519402129192]","[0.3969869456619566, -0.43655367156664315]",0.14864064084988787
3,1323,"[0.3792084392970971, 0.6620437666705405]","[0.20033155121842627, 0.8577591891930944]","[0.5777018838762693, 0.44376691200052387]","[0.00046525202158507816, 0.0014672869171879314]","[0.0004655759148315952, 0.0014674933609223895]","[0.39698688915834446, -0.43655370934003335]",0.14864145724487754
3,1324,"[0.3792075087930539, 0.6620408320967062]","[0.20033155121842627, 0.8577591891930944]","[0.5777009253453004, 0.44376395869000834]","[0.00046344404859087934, 0.0014614531433713063]","[0.00046376535521169826, 0.0014616579392797147]","[0.3969868331044929, -0.43655374681339565]",0.1486422703936578
3,1325,"[0.37920658190495676, 0.6620379091904194]","[0.20033155121842627, 0.8577591891930944]","[0.5776999706533675, 0.4437610171958625]","[0.0004616428852690865, 0.0014556424236165215]","[0.00046196162592160306, 0.001455845584852511]","[0.39698677749682154, -0.4365537839891138]",0.1486430803090608
3,1326,"[0.3792056586191862, 0.6620349979055722]","[0.20033155121842627, 0.8577591891930944]","[0.5776990197850753, 0.4437580874707959]","[0.00045984850774262887, 0.0014498546679407428]","[0.00046016470291943, 0.0014500562075529522]","[0.39698672233177823, -0.4365538208695525]",0.14864388700386827
3,1327,"[0.3792047389221707, 0.6620320981962363]","[0.20033155121842627, 0.8577591891930944]","[0.5776980727250902, 0.44375516946770754]","[0.00045806089220363843, 0.001444089786702916]","[0.0004583745622337432, 0.0014442897176357161]","[0.396986667605839, -0.43655385745705755]",0.14864469049081214
3,1328,"[0.3792038228003863, 0.6620292100166629]","[0.20033155121842627, 0.8577591891930944]","[0.5776971294581403, 0.44375226313968485]","[0.00045628001491254645, 0.001438347690603219]","[0.0004565911799627176, 0.0014385460256977067]","[0.3969866133155081, -0.43655389375395615]",0.1486454907825746
3,1329,"[0.37920291024035646, 0.6620263333212817]","[0.20033155121842627, 0.8577591891930944]","[0.5776961899690154, 0.4437493684400031]","[0.0004545058521986567, 0.0014326282906812278]","[0.0004548145322743058, 0.0014328250426761113]","[0.39698655945731787, -0.43655392976255714]",0.14864628789178835
3,1330,"[0.37920200122865205, 0.6620234680647004]","[0.20033155121842627, 0.8577591891930944]","[0.577695254242566, 0.44374648532212496]","[0.00045273838045951356, 0.0014269314983155598]","[0.0004530445954065154, 0.0014271266798477344]","[0.3969865060278278, -0.4365539654851508]",0.14864708183103648
3,1331,"[0.37920109575189115, 0.6620206142017038]","[0.20033155121842627, 0.8577591891930944]","[0.5776943222637038, 0.44374361373969917]","[0.00045097757616151187, 0.0014212572252217716]","[0.0004512813456670206, 0.0014214508488271105]","[0.39698645302362523, -0.4365540009240092]",0.14864787261285317
3,1332,"[0.3792001937967388, 0.6620177716872533]","[0.20033155121842627, 0.8577591891930944]","[0.5776933940174009, 0.44374075364655996]","[0.00044922341583906637, 0.0014156053834513324]","[0.00044952475943321746, 0.001415797461565893]","[0.39698640044132427, -0.43655403608138665]",0.1486486602497234
3,1333,"[0.37919929534990715, 0.6620149404764863]","[0.20033155121842627, 0.8577591891930944]","[0.5776924694886902, 0.4437379049967267]","[0.0004474758760952742, 0.0014099758853909291]","[0.0004477748131521686, 0.0014101664303513561]","[0.3969863482775662, -0.43655407095951926]",0.14864944475408357
3,1334,"[0.37919840039815494, 0.6620121205247156]","[0.20033155121842627, 0.8577591891930944]","[0.5776915486626646, 0.44373506774440286]","[0.00044573493360128134, 0.001404368643760913]","[0.00044603148333999254, 0.001404557667805395]","[0.3969862965290193, -0.43655410556062546]",0.14865022613832124
3,1335,"[0.37919750892828774, 0.6620093117874281]","[0.20033155121842627, 0.8577591891930944]","[0.5776906315244765, 0.44373224184397503]","[0.00044400056509645043, 0.0013987835716138875]","[0.0004442947465830849, 0.0013989710868828609]","[0.3969862451923776, -0.43655413988690606]",0.14865100441477558
3,1336,"[0.37919662092715756, 0.6620065142202848]","[0.20033155121842627, 0.8577591891930944]","[0.5776897180593388, 0.4437294272500125]","[0.0004422727473885744, 0.001393220582333802]","[0.000442564579536342, 0.00139340660087095]","[0.39698619426436244, -0.4365541739405445]",0.14865177959573772
3,1337,"[0.37919573638166276, 0.6620037277791201]","[0.20033155121842627, 0.8577591891930944]","[0.5776888082525229, 0.4437266239172668]","[0.0004405514573529446, 0.001387679589634757]","[0.0004408409589247153, 0.0013878641233873723]","[0.39698614374172025, -0.43655420772370657]",0.14865255169345037
3,1338,"[0.3791948552787481, 0.6620009524199408]","[0.20033155121842627, 0.8577591891930944]","[0.5776879020893602, 0.4437238318006703]","[0.0004388366719333999, 0.001382160507559836]","[0.0004391238615418236, 0.0013823435683799068]","[0.39698609362122417, -0.43655424123854103]",0.14865332072010864
3,1339,"[0.3791939776054042, 0.6619981880989257]","[0.20033155121842627, 0.8577591891930944]","[0.5776869995552406, 0.4437210508553358]","[0.000437128368141334, 0.001376663250479453]","[0.0004374132642502304, 0.001376844850124681]","[0.39698604389967285, -0.43655427448717987]",0.14865408668785987
3,1340,"[0.3791931033486679, 0.6619954347724248]","[0.20033155121842627, 0.8577591891930944]","[0.5776861006356131, 0.4437182810365561]","[0.0004354265230561594, 0.0013711877330909203]","[0.0004357091439818883, 0.0013713678832247278]","[0.3969859945738904, -0.4365543074717375]",0.14865484960880393
3,1341,"[0.3791922324956218, 0.6619926923969587]","[0.20033155121842627, 0.8577591891930944]","[0.5776852053159847, 0.4437155222998026]","[0.00043373111382480334, 0.001365733870416583]","[0.0004340114777378057, 0.0013659125826095964]","[0.39698594564072576, -0.43655434019431216]",0.14865560949499323
3,1342,"[0.3791913650333941, 0.6619899609292178]","[0.20033155121842627, 0.8577591891930944]","[0.577684313581921, 0.44371277460072533]","[0.00043204211766208005, 0.0013603015778030636]","[0.00043232024258738067, 0.0013604788635333542]","[0.3969858970970537, -0.43655437265698493]",0.14865636635843316
3,1343,"[0.3791905009491588, 0.6619872403260622]","[0.20033155121842627, 0.8577591891930944]","[0.5776834254190453, 0.44371003789515184]","[0.000430359511850251, 0.0013548907709201147]","[0.0004306354156693448, 0.0013550666415741985]","[0.39698584893977296, -0.4365544048618206]",0.14865712021108196
3,1344,"[0.37918964023013507, 0.6619845305445203]","[0.20033155121842627, 0.8577591891930944]","[0.5776825408130392, 0.44370731213908654]","[0.00042868327373921214, 0.0013495013657592984]","[0.00042895697419020884, 0.0013496758326327907]","[0.39698580116580817, -0.4365544368108676]",0.14865787106485134
3,1345,"[0.3791887828635876, 0.6619818315417888]","[0.20033155121842627, 0.8577591891930944]","[0.5776816597496413, 0.4437045972887099]","[0.0004270133807462343, 0.0013441332786326172]","[0.00042728489542603887, 0.0013443063529308685]","[0.3969857537721073, -0.43655446850615776]",0.14865861893160603
3,1346,"[0.3791879288368261, 0.6619791432752316]","[0.20033155121842627, 0.8577591891930944]","[0.5776807822146479, 0.44370189330037796]","[0.00042534981035587875, 0.0013387864261718055]","[0.00042561915672045814, 0.001338958119010858]","[0.3969857067556436, -0.4365544999497072]",0.14865936382316486
3,1347,"[0.3791870781372054, 0.6619764657023792]","[0.20033155121842627, 0.8577591891930944]","[0.5776799081939121, 0.44369920013062136]","[0.0004236925401198589, 0.0013334607253268438]","[0.00042395973548620125, 0.0013336310477339297]","[0.3969856601134134, -0.4365545311435157]",0.14866010575129987
3,1348,"[0.3791862307521252, 0.6619737987809285]","[0.20033155121842627, 0.8577591891930944]","[0.5776790376733442, 0.4436965177361448]","[0.00042204154765727777, 0.001328156093364692]","[0.0004223066092037264, 0.0013283250562791116]","[0.3969856138424379, -0.43655456208956744]",0.14866084472773738
3,1349,"[0.3791853866690299, 0.6619711424687418]","[0.20033155121842627, 0.8577591891930944]","[0.5776781706389107, 0.44369384607382656]","[0.00042039681065411384, 0.001322872447868726]","[0.0004206597554218261, 0.0013230400621422889]","[0.3969855679397616, -0.43655459278983044]",0.14866158076415759
3,1350,"[0.3791845458754086, 0.6619684967238461]","[0.20033155121842627, 0.8577591891930944]","[0.5776773070766348, 0.4436911851007174]","[0.000418758306863406, 0.0013176097067371052]","[0.00041901915175757143, 0.0013177759831349833]","[0.39698552240245233, -0.43655462324625727]",0.14866231387219497
3,1351,"[0.3791837083587949, 0.6619658615044326]","[0.20033155121842627, 0.8577591891930944]","[0.5776764469725957, 0.44368853477404]","[0.0004171260141050616, 0.0013123677881815442]","[0.0004173847758958127, 0.001312532737383132]","[0.3969854772276016, -0.43655465346078515]",0.1486630440634387
3,1352,"[0.37918287410676665, 0.6619632367688563]","[0.20033155121842627, 0.8577591891930944]","[0.5776755903129286, 0.4436858950511884]","[0.0004154999102657882, 0.0013071466107266371]","[0.0004157566055892903, 0.001307310243326032]","[0.39698543241232387, -0.43655468343533577]",0.14866377134943226
3,1353,"[0.37918204310694614, 0.6619606224756348]","[0.20033155121842627, 0.8577591891930944]","[0.5776747370838244, 0.44368326588972706]","[0.000413879973299041, 0.00130194609320817]","[0.0004141346186588013, 0.0013021084197148425]","[0.3969853879537566, -0.4365547131718155]",0.14866449574167412
3,1354,"[0.37918121534699956, 0.6619580185834484]","[0.20033155121842627, 0.8577591891930944]","[0.5776738872715297, 0.44368064724739054]","[0.0004122661812248783, 0.0012967661547725621]","[0.0004125187929923113, 0.0012969271856121956]","[0.39698534384906026, -0.4365547426721157]",0.14866521725161777
3,1355,"[0.3791803908146371, 0.6619554250511388]","[0.20033155121842627, 0.8577591891930944]","[0.577673040862346, 0.4436780390820826]","[0.00041065851212988423, 0.0012916067148752285]","[0.000410909106545565, 0.001291766460390087]","[0.3969853000954179, -0.43655477193811243]",0.14866593589067165
3,1356,"[0.37917956949761283, 0.6619528418377091]","[0.20033155121842627, 0.8577591891930944]","[0.57767219784263, 0.4436754413518754]","[0.0004090569441668711, 0.0012864676932799472]","[0.0004093055373421972, 0.0012866261637300425]","[0.39698525669003437, -0.4365548009716673]",0.14866665167019957
3,1357,"[0.3791787513837245, 0.6619502689023226]","[0.20033155121842627, 0.8577591891930944]","[0.5776713581987931, 0.4436728540150092]","[0.00040746145555525364, 0.00128134901005727]","[0.0004077080634728447, 0.0012815062156204537]","[0.3969852136301373, -0.4365548297746267]",0.14866736460152083
3,1358,"[0.3791779364608134, 0.6619477062043024]","[0.20033155121842627, 0.8577591891930944]","[0.577670521917302, 0.4436702770298912]","[0.00040587202458080846, 0.001276250585583426]","[0.0004061166630947577, 0.0012764065363564114]","[0.39698517091297714, -0.43655485834882246]",0.14866807469591067
3,1359,"[0.37917712471676424, 0.6619451537031312]","[0.20033155121842627, 0.8577591891930944]","[0.5776696889846766, 0.4436677103550952]","[0.0004042886295948965, 0.0012711723405397018]","[0.00040453131443357604, 0.001271327046538595]","[0.3969851285358248, -0.436554886696072]",0.1486687819645997
3,1360,"[0.37917631613950503, 0.6619426113584501]","[0.20033155121842627, 0.8577591891930944]","[0.5776688593874917, 0.443665153949361]","[0.00040271124901521664, 0.00126611419591099]","[0.00040295199578155305, 0.0012662676670719408]","[0.3969850864959733, -0.4365549148181782]",0.1486694864187747
3,1361,"[0.379175510717007, 0.6619400791300583]","[0.20033155121842627, 0.8577591891930944]","[0.577668033112376, 0.44366260777159355]","[0.0004011398613255507, 0.0012610760729846965]","[0.00040137868549722233, 0.0012612283191643092]","[0.39698504479073804, -0.4365549427169294]",0.1486701880695787
3,1362,"[0.37917470843728435, 0.6619375569779122]","[0.20033155121842627, 0.8577591891930944]","[0.5776672101460119, 0.44366007178086214]","[0.000399574445075253, 0.0012560578933494065]","[0.00039981136200661904, 0.00125620892432593]","[0.396985003417455, -0.4365549703941002]",0.1486708869281111
3,1363,"[0.3791739092883942, 0.6619350448621255]","[0.20033155121842627, 0.8577591891930944]","[0.5776663904751351, 0.44365754593640017]","[0.00039801497887958283, 0.0012510595788944874]","[0.00039825000380205866, 0.001251209404367959]","[0.3969849623734819, -0.4365549978514507]",0.1486715830054276
3,1364,"[0.3791731132584364, 0.6619325427429678]","[0.20033155121842627, 0.8577591891930944]","[0.5776655740865348, 0.4436550301976041]","[0.0003964614414192755, 0.001246081051808186]","[0.00039669458944296965, 0.0012462296814013674]","[0.3969849216561969, -0.4365550250907273]",0.1486722763125407
3,1365,"[0.37917232033555354, 0.6619300505808642]","[0.20033155121842627, 0.8577591891930944]","[0.5776647609670533, 0.4436525245240331]","[0.0003949138114407826, 0.0012411222345770927]","[0.00039514509755489424, 0.0012412696778356658]","[0.3969848812629996, -0.4365550521136622]",0.1486729668604197
3,1366,"[0.3791715305079307, 0.661927568336395]","[0.20033155121842627, 0.8577591891930944]","[0.5776639511035855, 0.44365002887540794]","[0.0003933720677557315, 0.0012361830499843683]","[0.0003936015068301546, 0.0012363293163779598]","[0.3969848411913096, -0.4365550789219741]",0.148673654659991
3,1367,"[0.37917074376379517, 0.661925095970295]","[0.20033155121842627, 0.8577591891930944]","[0.577663144483079, 0.44364754321161104]","[0.00039183618924122085, 0.0012312634211099139]","[0.0003920637960269091, 0.001231408520032562]","[0.3969848014385676, -0.436555105517368]",0.14867433972213795
3,1368,"[0.3791699600914167, 0.6619226334434528]","[0.20033155121842627, 0.8577591891930944]","[0.5776623410925341, 0.4436450674926852]","[0.00039030615483950725, 0.0012263632713278823]","[0.0003905319439694299, 0.0012265072120986598]","[0.39698476200223487, -0.4365551319015353]",0.1486750220577014
3,1369,"[0.379169179479107, 0.6619201807169102]","[0.20033155121842627, 0.8577591891930944]","[0.5776615409190032, 0.4436426016788332]","[0.0003887819435579074, 0.0012214825243066372]","[0.000389005929548214, 0.001221625316170205]","[0.3969847228797925, -0.43655515807615397]",0.14867570167747968
3,1370,"[0.3791684019152199, 0.6619177377518616]","[0.20033155121842627, 0.8577591891930944]","[0.5776607439495907, 0.44364014573041727]","[0.0003872635344687955, 0.0012166211040070805]","[0.0003874857317198166, 0.0012167627561342487]","[0.39698468406874154, -0.4365551840428886]",0.14867637859222876
3,1371,"[0.37916762738815096, 0.6619153045096535]","[0.20033155121842627, 0.8577591891930944]","[0.5776599501714526, 0.4436376996079582]","[0.0003857509067094349, 0.001211778934681549]","[0.00038597132950651813, 0.0012119194561699964]","[0.3969846455666032, -0.4365552098033907]",0.14867705281266236
3,1372,"[0.37916685588633753, 0.6619128809517841]","[0.20033155121842627, 0.8577591891930944]","[0.5776591595717967, 0.44363526327213487]","[0.0003842440394817222, 0.0012069559408734744]","[0.0003844627019959912, 0.0012070953407482543]","[0.39698460737091834, -0.4365552353592985]",0.14867772434945226
3,1373,"[0.3791660873982586, 0.6619104670399024]","[0.20033155121842627, 0.8577591891930944]","[0.5776583721378823, 0.4436328366837837]","[0.0003827429120524457, 0.0012021520474156545]","[0.0003829598283419111, 0.001202290334629763]","[0.39698456947924743, -0.4365552607122374]",0.14867839321322837
3,1374,"[0.37916532191243446, 0.6619080627358076]","[0.20033155121842627, 0.8577591891930944]","[0.5776575878570196, 0.44363041980389784]","[0.0003812475037526717, 0.0011973671794292058]","[0.0003814626877631233, 0.001197504362864088]","[0.39698453188917027, -0.43655528586381953]",0.14867905941457882
3,1375,"[0.37916455941742694, 0.6619056680014488]","[0.20033155121842627, 0.8577591891930944]","[0.5776568067165702, 0.4436280125936265]","[0.0003797577939781427, 0.0011926012623227618]","[0.0003799712595435323, 0.0011927373507890082]","[0.39698449459828644, -0.4365553108156446]",0.1486797229640504
3,1376,"[0.37916379990183896, 0.6619032827989242]","[0.20033155121842627, 0.8577591891930944]","[0.5776560287039457, 0.44362561501427444]","[0.00037827376218869523, 0.0011878542217912192]","[0.0003784855230332118, 0.00118798922402924]","[0.3969844576042135, -0.4365553355692995]",0.14868038387214833
3,1377,"[0.3791630433543146, 0.6619009070904806]","[0.20033155121842627, 0.8577591891930944]","[0.5776552538066091, 0.44362322702730134]","[0.00037679538790863336, 0.0011831259838147132]","[0.0003770054576465731, 0.0011832599084949935]","[0.39698442090458896, -0.4365553601263584]",0.14868104214933678
3,1378,"[0.3791622897635388, 0.661898540838513]","[0.20033155121842627, 0.8577591891930944]","[0.5776544820120733, 0.44362084859432144]","[0.00037532265072615995, 0.001178416474658164]","[0.00037553104286291994, 0.0011785493303819727]","[0.39698438449706897, -0.43655538448838305]",0.14868169780603863
3,1379,"[0.3791615391182373, 0.6618961840055636]","[0.20033155121842627, 0.8577591891930944]","[0.5776537133079014, 0.4436184796771022]","[0.00037385553029346016, 0.0011737256208689602]","[0.0003740622582266706, 0.0011738574161689885]","[0.39698434837932817, -0.43655540865692277]",0.14868235085263612
3,1380,"[0.37916079140717673, 0.6618938365543219]","[0.20033155121842627, 0.8577591891930944]","[0.5776529476817067, 0.4436161202375647]","[0.00037239400632683653, 0.0011690533492774331]","[0.00037259908334691394, 0.0011691840926180141]","[0.39698431254905997, -0.4365554326335144]",0.14868300129947054
3,1381,"[0.3791600466191641, 0.6618914984476233]","[0.20033155121842627, 0.8577591891930944]","[0.5776521851211518, 0.44361377023778187]","[0.00037093805860598396, 0.0011643995869942776]","[0.0003711414978977423, 0.0011645292867724644]","[0.3969842770039754, -0.43655545641968285]",0.14868364915684268
3,1382,"[0.3791593047430469, 0.6618891696484493]","[0.20033155121842627, 0.8577591891930944]","[0.5776514256139491, 0.4436114296399789]","[0.000369487666974471, 0.0011597642614110675]","[0.00036968948161719695, 0.001159892925956807]","[0.39698424174180447, -0.4365554800169409]",0.1486842944350129
3,1383,"[0.37915856576771295, 0.6618868501199265]","[0.20033155121842627, 0.8577591891930944]","[0.5776506691478606, 0.44360909840653195]","[0.0003680428113393369, 0.001155147300197857]","[0.0003682430143076565, 0.0011552749377746196]","[0.3969842067602952, -0.43655550342678917]",0.1486849371442014
3,1384,"[0.3791578296820903, 0.6618845398253261]","[0.20033155121842627, 0.8577591891930944]","[0.5776499157106969, 0.443606776499968]","[0.00036660347167094255, 0.0011505486313030855]","[0.00036680207583605906, 0.0011506752501082573]","[0.39698417205721326, -0.4365555266507163]",0.14868557729458798
3,1385,"[0.37915709647514695, 0.6618822387280635]","[0.20033155121842627, 0.8577591891930944]","[0.577649165290318, 0.44360446388296393]","[0.0003651696280031023, 0.001145968182952039]","[0.00036536664613351366, 0.001146093791117575]","[0.396984137630342, -0.43655554969019916]",0.14868621489631273
3,1386,"[0.37915636613589093, 0.6618799467916976]","[0.20033155121842627, 0.8577591891930944]","[0.5776484178746324, 0.44360216051834606]","[0.00036374126043259357, 0.001141405883646208]","[0.00036393670519468957, 0.001141530489239262]","[0.3969841034774829, -0.4365555725467031]",0.1486868499594758
3,1387,"[0.37915563865337004, 0.6618776639799303]","[0.20033155121842627, 0.8577591891930944]","[0.5776476734515975, 0.44359986636908955]","[0.0003623183491193331, 0.0011368616621620059]","[0.0003625122330780939, 0.001136985273185287]","[0.39698406959645494, -0.4365555952216815]",0.14868748249413774
3,1388,"[0.3791549140166718, 0.661875390256606]","[0.20033155121842627, 0.8577591891930944]","[0.5776469320092188, 0.44359758139831773]","[0.0003609008742861517, 0.0011323354475498263]","[0.0003610932099064046, 0.0011324580719422883]","[0.396984035985094, -0.4365556177165766]",0.14868811251031966
3,1389,"[0.3791541922149232, 0.6618731255857109]","[0.20033155121842627, 0.8577591891930944]","[0.5776461935355499, 0.4435953055693016]","[0.00035948881621875565, 0.0011278271691328068]","[0.0003596796158657489, 0.0011279488147697414]","[0.39698400264125344, -0.43655564003281855]",0.14868874001800317
3,1390,"[0.37915347323729076, 0.6618708699313726]","[0.20033155121842627, 0.8577591891930944]","[0.5776454580186926, 0.44359303884545914]","[0.0003580821552654231, 0.001123336756506437]","[0.00035827143120564786, 0.0011234574312005696]","[0.3969839695628037, -0.43655566217182684]",0.14868936502713082
3,1391,"[0.37915275707298024, 0.6618686232578596]","[0.20033155121842627, 0.8577591891930944]","[0.5776447254467961, 0.443590781190355]","[0.0003566808718369604, 0.0011188641395371993]","[0.00035686863623934917, 0.0011189838510386463]","[0.39698393674763177, -0.4365556841350091]",0.14868998754760587
3,1392,"[0.37915204371123656, 0.6618663855295804]","[0.20033155121842627, 0.8577591891930944]","[0.5776439958080577, 0.44358853256769937]","[0.00035528494640677005, 0.0011144092483610347]","[0.00035547121134255066, 0.0011145280043581285]","[0.39698390419364227, -0.43655570592376214]",0.148690607589293
3,1393,"[0.37915133314134375, 0.6618641567110837]","[0.20033155121842627, 0.8577591891930944]","[0.5776432690907217, 0.4435862929413478]","[0.0003538943595103911, 0.0011099720133833108]","[0.00035407913695456594, 0.0011100898215031796]","[0.39698387189875595, -0.4365557275394717]",0.148691225162018
3,1394,"[0.3791506253526247, 0.661861936767057]","[0.20033155121842627, 0.8577591891930944]","[0.5776425452830798, 0.4435840622753009]","[0.00035250909174572585, 0.0011055523652774763]","[0.00035269239357776927, 0.0011056692330861373]","[0.3969838398609101, -0.4365557489835121]",0.14869184027556787
3,1395,"[0.3791499203344412, 0.6618597256623264]","[0.20033155121842627, 0.8577591891930944]","[0.5776418243734707, 0.44358184053370275]","[0.0003511291237725846, 0.0011011502349835276]","[0.00035131096177687393, 0.001101266169986792]","[0.3969838080780589, -0.43655577025724734]",0.14869245293969158
3,1396,"[0.3791492180761937, 0.6618575233618564]","[0.20033155121842627, 0.8577591891930944]","[0.5776411063502798, 0.4435796276808414]","[0.000349754436312842, 0.0010967655537075468]","[0.0003499348221798204, 0.0010968805633512213]","[0.3969837765481722, -0.43655579136203004]",0.14869306316409936
3,1397,"[0.37914851856732107, 0.661855329830749]","[0.20033155121842627, 0.8577591891930944]","[0.5776403912019393, 0.44357742368114783]","[0.0003483850101501478, 0.0010923982529210047]","[0.0003485639554767217, 0.0010925123445914564]","[0.3969837452692365, -0.4365558122992024]",0.14869367095846375
3,1398,"[0.3791478217973008, 0.6618531450342432]","[0.20033155121842627, 0.8577591891930944]","[0.5776396789169278, 0.4435752284991954]","[0.000347020826129734, 0.001088048264359258]","[0.00034719834242036285, 0.0010881614453837618]","[0.39698371423925405, -0.4365558330700956]",0.14869427633241877
3,1399,"[0.3791471277556485, 0.6618509689377144]","[0.20033155121842627, 0.8577591891930944]","[0.57763896948377, 0.4435730420996991]","[0.0003456618651585346, 0.0010837155200203276]","[0.00034583796382575693, 0.0010838277976678024]","[0.396983683456243, -0.43655585367603067]",0.1486948792955609
3,1400,"[0.3791464364319182, 0.6618488015066744]","[0.20033155121842627, 0.8577591891930944]","[0.577638262891037, 0.44357086444751537]","[0.0003443081082049086, 0.0010793999521648042]","[0.000344482800569923, 0.0010795113336461992]","[0.3969836529182377, -0.436555874118318]",0.1486954798574489
3,1401,"[0.3791457478157018, 0.6618466427067701]","[0.20033155121842627, 0.8577591891930944]","[0.5776375591273455, 0.4435686955076414]","[0.0003429595362984876, 0.001075101493314578]","[0.00034313283359244107, 0.0010752119857830866]","[0.39698362262328735, -0.43655589439825737]",0.14869607802760376
3,1402,"[0.3791450618966292, 0.6618444925037834]","[0.20033155121842627, 0.8577591891930944]","[0.577636858181358, 0.4435665352452141]","[0.00034161613053012717, 0.0010708200762509223]","[0.0003417880438940646, 0.0010709296868028906]","[0.3969835925694576, -0.4365559145171386]",0.14869667381550938
3,1403,"[0.3791443786643682, 0.6618423508636309]","[0.20033155121842627, 0.8577591891930944]","[0.5776361600417825, 0.44356438362551037]","[0.0003402778720516539, 0.0010665556340148658]","[0.00034044841253794145, 0.0010666643696898848]","[0.3969835627548287, -0.43655593447624097]",0.14869726723061205
3,1404,"[0.3791436981086241, 0.6618402177523628]","[0.20033155121842627, 0.8577591891930944]","[0.5776354646973724, 0.44356224061394595]","[0.0003389447420758155, 0.001062308099905748]","[0.0003391139206486704, 0.0010624159676871914]","[0.3969835331774966, -0.4365559542768337]",0.14869785828232107
3,1405,"[0.3791430202191399, 0.6618380931361629]","[0.20033155121842627, 0.8577591891930944]","[0.5776347721369262, 0.44356010617607505]","[0.0003376167218763577, 0.0010580774074799588]","[0.000337784549412079, 0.0010581844142953378]","[0.39698350383557246, -0.43655597392017575]",0.1486984469800088
3,1406,"[0.37914234498569616, 0.661835976981348]","[0.20033155121842627, 0.8577591891930944]","[0.5776340823492874, 0.44355798027758975]","[0.00033629379278747536, 0.0010538634905503167]","[0.00033646028007555673, 0.0010539696432721457]","[0.39698347472718243, -0.4365559934075165]",0.14869903333301063
3,1407,"[0.3791416723981106, 0.6618338692543669]","[0.20033155121842627, 0.8577591891930944]","[0.5776333953233443, 0.44355586288431953]","[0.0003349759362040386, 0.001049666283184967]","[0.00033514109394783276, 0.0010497715886305103]","[0.3969834458504675, -0.4365560127400948]",0.1486996173506253
3,1408,"[0.37914100244623816, 0.6618317699218006]","[0.20033155121842627, 0.8577591891930944]","[0.5776327110480297, 0.44355375396223046]","[0.00033366313358121997, 0.001045485719706368]","[0.0003338269723989762, 0.0010455901846387339]","[0.3969834172035831, -0.4365560319191403]",0.14870019904211496
3,1409,"[0.379140335119971, 0.6618296789503612]","[0.20033155121842627, 0.8577591891930944]","[0.5776320295123212, 0.4435516534774249]","[0.00033235536643465166, 0.0010413217346905204]","[0.0003325178968590081, 0.00104142536581886]","[0.3969833887847004, -0.43655605094587246]",0.14870077841670556
3,1410,"[0.3791396704092381, 0.6618275963068918]","[0.20033155121842627, 0.8577591891930944]","[0.57763135070524, 0.4435495613961412]","[0.00033105261633997415, 0.0010371742629662181]","[0.0003312138488203997, 0.0010372770669460074]","[0.3969833605920037, -0.4365560698215012]",0.14870135548358637
3,1411,"[0.37913900830400543, 0.6618255219583659]","[0.20033155121842627, 0.8577591891930944]","[0.5776306746158519, 0.44354747768475244]","[0.00032975486493278753, 0.001033043239613426]","[0.000329914809834575, 0.0010331452230471494]","[0.396983332623693, -0.43655608854722683]",0.14870193025191084
3,1412,"[0.37913834879427555, 0.6618234558718866]","[0.20033155121842627, 0.8577591891930944]","[0.5776300012332665, 0.44354540230976663]","[0.0003284620939087961, 0.001028928599963294]","[0.0003286207615149084, 0.001029029769400558]","[0.39698330487798184, -0.43655610712424]",0.14870250273079616
3,1413,"[0.3791376918700877, 0.6618213980146866]","[0.20033155121842627, 0.8577591891930944]","[0.577629330546637, 0.4435433352378257]","[0.00032717428502326487, 0.001024830279596153]","[0.00032733168553417125, 0.0010249306415343051]","[0.3969832773530986, -0.4365561255537219]",0.148703072929324
3,1414,"[0.3791370375215177, 0.6618193483541275]","[0.20033155121842627, 0.8577591891930944]","[0.5776286625451603, 0.4435412764357052]","[0.000325891420091214, 0.0010207482143418404]","[0.0003260475636260307, 0.00102084777522643]","[0.3969832500472853, -0.4365561438368446]",0.14870364085653998
3,1415,"[0.3791363857386775, 0.6618173068576988]","[0.20033155121842627, 0.8577591891930944]","[0.5776279972180764, 0.44353922587031347]","[0.000324613480986986, 0.0010166823402773086]","[0.00032476837758421695, 0.0010167811065024956]","[0.39698322295879795, -0.43655616197477065]",0.14870420652145422
3,1416,"[0.3791357365117155, 0.6618152734930183]","[0.20033155121842627, 0.8577591891930944]","[0.577627334554669, 0.44353718350869165]","[0.00032334044964451826, 0.001012632593727143]","[0.00032349410926219013, 0.0010127305716358115]","[0.39698319608590693, -0.43655617996865326]",0.14870476993304152
3,1417,"[0.37913508983081623, 0.6618132482278308]","[0.20033155121842627, 0.8577591891930944]","[0.5776266745442641, 0.4435351493180125]","[0.00032207230805680144, 0.001008598911261405]","[0.00032222474057375106, 0.0010086961071459344]","[0.3969831694268957, -0.4365561978196366]",0.1487053311002412
3,1418,"[0.37913444568620014, 0.6618112310300083]","[0.20033155121842627, 0.8577591891930944]","[0.5776260171762311, 0.4435331232655803]","[0.00032080903827610784, 0.0010045812296955625]","[0.00032096025349204194, 0.001004677649798169]","[0.3969831429800619, -0.43655621552885593]",0.14870589003195755
3,1419,"[0.3791338040681236, 0.6618092218675489]","[0.20033155121842627, 0.8577591891930944]","[0.5776253624399817, 0.4435311053188302]","[0.0003195506224133128, 0.001000579486089551]","[0.0003197006300498795, 0.0010006751366026245]","[0.39698311674371634, -0.4365562330974373]",0.14870644673705974
3,1420,"[0.37913316496687877, 0.6618072207085767]","[0.20033155121842627, 0.8577591891930944]","[0.5776247103249706, 0.4435290954453278]","[0.00031829704263854167, 0.0009965936177462156]","[0.00031844585233958833, 0.000996688504812604]","[0.39698309071618376, -0.4365562505264977]",0.14870700122438205
3,1421,"[0.3791325283727935, 0.6618052275213412]","[0.20033155121842627, 0.8577591891930944]","[0.5776240608206944, 0.4435270936127684]","[0.00031704828118034377, 0.00099262356221101]","[0.00031719590251277907, 0.0009927176919247716]","[0.3969830648958018, -0.4365562678171456]",0.14870755350272388
3,1422,"[0.3791318942762311, 0.6618032422742167]","[0.20033155121842627, 0.8577591891930944]","[0.577623413916692, 0.4435250997889766]","[0.0003158043203259196, 0.0009886692572707773]","[0.0003159507627800151, 0.0009887626356769874]","[0.3969830392809218, -0.43655628497048027]",0.14870810358085035
3,1423,"[0.37913126266759045, 0.6618012649357021]","[0.20033155121842627, 0.8577591891930944]","[0.5776227696025444, 0.4435231139419059]","[0.0003145651424209351, 0.0009847306409530722]","[0.00031471041541114575, 0.0009848232740487517]","[0.396983013869908, -0.43655630198759243]",0.1487086514674917
3,1424,"[0.3791306335373056, 0.6617992954744202]","[0.20033155121842627, 0.8577591891930944]","[0.5776221278678741, 0.44352113603963805]","[0.00031333072986920924, 0.0009808076515251181]","[0.0003134748427351952, 0.0009808995452594838]","[0.3969829886611371, -0.43655631886956425]",0.1487091971713439
3,1425,"[0.37913000687584586, 0.6617973338591171]","[0.20033155121842627, 0.8577591891930944]","[0.5776214887023456, 0.4435191660503826]","[0.0003121010651329261, 0.0009769002274930736]","[0.0003122440271395299, 0.0009769913877675784]","[0.39698296365299957, -0.436556335617469]",0.14870974070106885
3,1426,"[0.3791293826737156, 0.6617953800586621]","[0.20033155121842627, 0.8577591891930944]","[0.5776208520956647, 0.4435172039424763]","[0.0003108761307321296, 0.000973008307600824]","[0.0003110179510702471, 0.0009730987402700175]","[0.39698293884389824, -0.43655635223237166]",0.1487102820652941
3,1427,"[0.37912876092145414, 0.6617934340420469]","[0.20033155121842627, 0.8577591891930944]","[0.5776202180375785, 0.4435152496843826]","[0.00030965590924471114, 0.000969131830829395]","[0.0003097965970319527, 0.000969221541700982]","[0.39698291423224863, -0.43655636871532866]",0.14871082127261348
3,1428,"[0.37912814160963565, 0.6617914957783853]","[0.20033155121842627, 0.8577591891930944]","[0.5776195865178753, 0.4435133032446912]","[0.00030844038330648686, 0.0009652707363956871]","[0.00030857994758742846, 0.0009653597312311302]","[0.3969828898164792, -0.43655638506738814]",0.14871135833158677
3,1429,"[0.379127524728869, 0.6617895652369125]","[0.20033155121842627, 0.8577591891930944]","[0.5776189575263844, 0.4435113645921175]","[0.00030722953561075655, 0.0009614249637522747]","[0.0003073679853578537, 0.000961513248267154]","[0.3969828655950307, -0.43655640128958995]",0.14871189325074022
3,1430,"[0.3791269102697978, 0.661787642386985]","[0.20033155121842627, 0.8577591891930944]","[0.5776183310529759, 0.4435094336955022]","[0.00030602334890831033, 0.0009575944525859872]","[0.000306160693022417, 0.0009576820324501134]","[0.3969828415663562, -0.43655641738296547]",0.14871242603856644
3,1431,"[0.37912629822309996, 0.6617857271980798]","[0.20033155121842627, 0.8577591891930944]","[0.5776177070875608, 0.4435075105238109]","[0.0003048218060073708, 0.0009537791428172131]","[0.00030495805331787196, 0.0009538660236550478]","[0.39698281772892163, -0.4365564333485379]",0.14871295670352458
3,1432,"[0.3791256885794879, 0.6617838196397942]","[0.20033155121842627, 0.8577591891930944]","[0.5776170856200902, 0.44350559504613296]","[0.0003036248897732333, 0.0009499789745985586]","[0.0003037600490392034, 0.0009500651619897549]","[0.3969827940812045, -0.4365564491873224]",0.1487134852540405
3,1433,"[0.37912508132970835, 0.661781919681845]","[0.20033155121842627, 0.8577591891930944]","[0.5776164666405555, 0.44350368723168193]","[0.0003024325831282565, 0.0009461938883150541]","[0.0003025666630391832, 0.0009462793877946796]","[0.3969827706216944, -0.43655646490032607]",0.1487140116985068
3,1434,"[0.3791244764645421, 0.6617800272940684]","[0.20033155121842627, 0.8577591891930944]","[0.5776158501389888, 0.44350178704979437]","[0.0003012448690519895, 0.0009424238245822524]","[0.00030137787822770434, 0.0009425086416412487]","[0.3969827473488933, -0.436556480488548]",0.148714536045283
3,1435,"[0.379123873974804, 0.6617781424464192]","[0.20033155121842627, 0.8577591891930944]","[0.5776152361054615, 0.44349989446992943]","[0.0003000617305805073, 0.0009386687242456981]","[0.00030019367757200266, 0.0009387528643312604]","[0.396982724261315, -0.4365564959529795]",0.14871505830269605
3,1436,"[0.37912327385134287, 0.6617762651089707]","[0.20033155121842627, 0.8577591891930944]","[0.5776146245300855, 0.44349800946166884]","[0.0002988831508065927, 0.0009349285283803261]","[0.00029901404409643506, 0.0009350119968960513]","[0.39698270135748526, -0.4365565112946037]",0.1487155784790396
3,1437,"[0.37912267608504124, 0.661774395251914]","[0.20033155121842627, 0.8577591891930944]","[0.5776140154030118, 0.44349613199471594]","[0.0002977091128795194, 0.0009312031782893014]","[0.000297838960882868, 0.0009312859805956086]","[0.39698267863594117, -0.436556526514396]",0.14871609658257479
3,1438,"[0.37912208066681546, 0.6617725328455574]","[0.20033155121842627, 0.8577591891930944]","[0.5776134087144316, 0.44349426203889525]","[0.0002965396000051006, 0.0009274926155032539]","[0.00029666841106940067, 0.0009275747569178483]","[0.3969826560952322, -0.43655654161332424]",0.14871661262153046
3,1439,"[0.37912148758761544, 0.6617706778603264]","[0.20033155121842627, 0.8577591891930944]","[0.5776128044545747, 0.4434923995641522]","[0.0002953745954451638, 0.0009237967817795007]","[0.0002955023778515309, 0.0009238782675776158]","[0.3969826337339186, -0.4365565565923484]",0.14871712660410277
3,1440,"[0.37912089683842454, 0.6617688302667628]","[0.20033155121842627, 0.8577591891930944]","[0.5776122026137107, 0.44349054454055237]","[0.0002942140825179283, 0.0009201156191009049]","[0.00029434084448137776, 0.0009201964545157426]","[0.39698261155057235, -0.4365565714524209]",0.14871763853845565
3,1441,"[0.3791203084102595, 0.6617669900355246]","[0.20033155121842627, 0.8577591891930944]","[0.5776116031821479, 0.4434886969382814]","[0.00029305804459742266, 0.0009164490696755513]","[0.00029318379426740426, 0.0009165292598983799]","[0.39698258954377674, -0.43655658619448645]",0.14871814843272083
3,1442,"[0.3791197222941703, 0.6617651571373853]","[0.20033155121842627, 0.8577591891930944]","[0.5776110061502336, 0.44348685672764404]","[0.00029190646511324873, 0.0009127970759353123]","[0.0002920312105739731, 0.0009128766261160548]","[0.3969825677121267, -0.43655660081948244]",0.14871865629499803
3,1443,"[0.37911913848124007, 0.6617633315432334]","[0.20033155121842627, 0.8577591891930944]","[0.577610411508354, 0.44348502387906397]","[0.00029075932755122635, 0.0009091595805355276]","[0.00029088307682245684, 0.0009092384957831157]","[0.3969825460542279, -0.4365566153283389]",0.14871916213335512
3,1444,"[0.37911855696258495, 0.6617615132240724]","[0.20033155121842627, 0.8577591891930944]","[0.5776098192469338, 0.44348319836308336]","[0.000289616615452458, 0.0009055365263540258]","[0.0002897393764894618, 0.0009056148117363438]","[0.39698252456869765, -0.43655662972197806]",0.14871966595582806
3,1445,"[0.37911797772935407, 0.6617597021510196]","[0.20033155121842627, 0.8577591891930944]","[0.5776092293564359, 0.443481380150362]","[0.00028847831241339235, 0.0009019278564896498]","[0.00028860009310832657, 0.0009020055170343988]","[0.3969825032541636, -0.43655664400131533]",0.14872016777042127
3,1446,"[0.37911740077272926, 0.6617578982953066]","[0.20033155121842627, 0.8577591891930944]","[0.5776086418273615, 0.4434795692116774]","[0.0002873444020857529, 0.0008983335142626374]","[0.00028746521026795646, 0.0008984105549571519]","[0.39698248210926446, -0.4365566581672584]",0.14872066758510738
3,1447,"[0.3791168260839251, 0.6617561016282781]","[0.20033155121842627, 0.8577591891930944]","[0.5776080566502502, 0.44347776551792417]","[0.0002862148681765486, 0.0008947534432129316]","[0.00028633471161254587, 0.0008948298690047429]","[0.3969824611326501, -0.43655667222070793]",0.14872116540782776
3,1448,"[0.3791162536541888, 0.6617543121213917]","[0.20033155121842627, 0.8577591891930944]","[0.5776074738156793, 0.4434759690401129]","[0.00028508969444769155, 0.0008911875870991644]","[0.0002852085808419669, 0.000891263402896525]","[0.39698244032298113, -0.4365566861625576]",0.1487216612464926
3,1449,"[0.3791156834747999, 0.6617525297462175]","[0.20033155121842627, 0.8577591891930944]","[0.5776068933142642, 0.44347417974937053]","[0.00028396886471602253, 0.0008876358898987667]","[0.0002840868017115472, 0.0008877111005706761]","[0.39698241967892856, -0.43655669999369384]",0.1487221551089807
3,1450,"[0.37911511553707045, 0.6617507544744377]","[0.20033155121842627, 0.8577591891930944]","[0.5776063151366575, 0.4434723976169397]","[0.0002828523628528726, 0.0008840982958064737]","[0.00028296935803162615, 0.0008841729061829784]","[0.3969823991991741, -0.43655671371499594]",0.14872264700313978
3,1451,"[0.3791145498323447, 0.6617489862778461]","[0.20033155121842627, 0.8577591891930944]","[0.5776057392735499, 0.4434706226141779]","[0.00028174017278449076, 0.0008805747492334532]","[0.00028185623366761003, 0.0008806487641060956]","[0.3969823788824103, -0.4365567273273363]",0.14872313693678682
3,1452,"[0.37911398635199917, 0.6617472251283476]","[0.20033155121842627, 0.8577591891930944]","[0.5776051657156689, 0.44346885471255737]","[0.00028063227849137656, 0.0008770651948068385]","[0.0002807474125402498, 0.0008771386189289632]","[0.39698235872733945, -0.43655674083158047]",0.14872362491770785
3,1453,"[0.37911342508744217, 0.661745470997958]","[0.20033155121842627, 0.8577591891930944]","[0.5776045944537793, 0.44346709388366456]","[0.00027952866400833445, 0.000873569577368643]","[0.00027964287862491943, 0.0008736424154554556]","[0.3969823387326743, -0.43655675422858686]",0.14872411095365812
3,1454,"[0.3791128660301141, 0.6617437238588033]","[0.20033155121842627, 0.8577591891930944]","[0.5776040254786834, 0.44346534009919963]","[0.00027842931342433896, 0.0008700878419753494]","[0.00027854261595100516, 0.0008701600987045532]","[0.39698231889713853, -0.43655676751920736]",0.14872459505236243
3,1455,"[0.3791123091714873, 0.6617419836831193]","[0.20033155121842627, 0.8577591891930944]","[0.57760345878122, 0.4434635933309758]","[0.0002773342108825636, 0.0008666199338961981]","[0.0002774466086032379, 0.0008666916139082881]","[0.3969822992194654, -0.43655678070428705]",0.1487250772215152
3,1456,"[0.37911175450306556, 0.6617402504432516]","[0.20033155121842627, 0.8577591891930944]","[0.5776028943522645, 0.44346185355091955]","[0.0002762433405796958, 0.0008631657986139524]","[0.0002763548407204164, 0.0008632369065121326]","[0.39698227969839794, -0.43655679378466405]",0.1487255574687802
3,1457,"[0.3791112020163844, 0.6617385241116543]","[0.20033155121842627, 0.8577591891930944]","[0.5776023321827294, 0.4434601207310693]","[0.0002751566867664475, 0.0008597253818221621]","[0.0002752672964951852, 0.0008597959221731122]","[0.39698226033269, -0.43655680676117015]",0.14872603580179122
3,1458,"[0.37911065170301084, 0.6617368046608907]","[0.20033155121842627, 0.8577591891930944]","[0.5776017722635632, 0.4434583948435755]","[0.00027407423374714205, 0.0008562986294260487]","[0.00027418396017481195, 0.0008563686067599718]","[0.3969822411211048, -0.43655681963463033]",0.14872651222815186
3,1459,"[0.37911010355454333, 0.6617350920636318]","[0.20033155121842627, 0.8577591891930944]","[0.5776012145857511, 0.44345667586070037]","[0.0002729959658793991, 0.0008528854875407959]","[0.00027310481606013237, 0.0008529549063514552]","[0.3969822220624155, -0.43655683240586285]",0.14872698675543577
3,1460,"[0.37910955756261155, 0.6617333862926567]","[0.20033155121842627, 0.8577591891930944]","[0.5776006591403142, 0.4434549637548167]","[0.00027192186757443265, 0.0008494859024909605]","[0.0002720298485057726, 0.0008495547672365822]","[0.39698220315540533, -0.43655684507567993]",0.1487274593911867
3,1461,"[0.3791090137188764, 0.6617316873208516]","[0.20033155121842627, 0.8577591891930944]","[0.5776001059183098, 0.44345325849840816]","[0.0002708519232963425, 0.0008460998208098396]","[0.0002709590419201491, 0.000846168135912817]","[0.3969821843988668, -0.43655685764488694]",0.1487279301429186
3,1462,"[0.3791084720150298, 0.66172999512121]","[0.20033155121842627, 0.8577591891930944]","[0.5775995549108308, 0.4434515600640685]","[0.000269786117562351, 0.0008427271892384577]","[0.00026989238076513544, 0.0008427949590860129]","[0.39698216579160206, -0.436556870114283]",0.1487283990181158
3,1463,"[0.37910793244279467, 0.6617283096668315]","[0.20033155121842627, 0.8577591891930944]","[0.5775990061090062, 0.443449868424501]","[0.0002687244349428487, 0.0008393679547248073]","[0.0002688298495561181, 0.0008394351836691349]","[0.396982147332423, -0.43655688248466096]",0.14872886602423308
3,1464,"[0.37910739499392476, 0.661726630930922]","[0.20033155121842627, 0.8577591891930944]","[0.5775984595040002, 0.44344818355251836]","[0.0002676668600605801, 0.0008360220644232342]","[0.00026777143286110805, 0.0008360887567818165]","[0.39698212902015095, -0.43655689475680726]",0.14872933116869597
3,1465,"[0.37910685966020463, 0.6617249588867932]","[0.20033155121842627, 0.8577591891930944]","[0.577597915087013, 0.4434465054210421]","[0.0002666133775912502, 0.0008326894656936686]","[0.0002667171153016845, 0.0008327556257495816]","[0.3969821108536167, -0.4365569069315022]",0.14872979445890044
3,1466,"[0.37910632643344944, 0.6617232935078617]","[0.20033155121842627, 0.8577591891930944]","[0.5775973728492795, 0.443444834003102]","[0.00026556397226282767, 0.0008293701061005672]","[0.00026566688155221785, 0.000829435738102402]","[0.3969820928316601, -0.43655691900951954]",0.14873025590221348
3,1467,"[0.3791057953055049, 0.6617216347676496]","[0.20033155121842627, 0.8577591891930944]","[0.5775968327820701, 0.44344316927183586]","[0.00026451862885585757, 0.0008260639334123424]","[0.0002646207163399805, 0.0008261290415750855]","[0.3969820749531303, -0.4365569309916274]",0.14873071550597292
3,1468,"[0.3791052662682472, 0.6617199826397827]","[0.20033155121842627, 0.8577591891930944]","[0.57759629487669, 0.44344151120048897]","[0.0002634773322028285, 0.0008227708956005555]","[0.0002635786044448696, 0.0008228354841054442]","[0.3969820572168855, -0.4365569428785875]",0.14873117327748753
3,1469,"[0.3791047393135828, 0.6617183370979915]","[0.20033155121842627, 0.8577591891930944]","[0.5775957591244796, 0.44343985976241385]","[0.0002624400671885909, 0.000819490940839503]","[0.000262540530698796, 0.0008195550138342944]","[0.39698203962179357, -0.4365569546711554]",0.1487316292240375
3,1470,"[0.37910421443344844, 0.6617166981161099]","[0.20033155121842627, 0.8577591891930944]","[0.5775952255168137, 0.44343821493106933]","[0.0002614068187496406, 0.0008162240175045053]","[0.0002615064799867395, 0.0008162875791041246]","[0.3969820221667306, -0.4365569663700811]",0.14873208335287408
3,1471,"[0.37910369161981095, 0.6617150656680749]","[0.20033155121842627, 0.8577591891930944]","[0.5775946940451021, 0.4434365766800208]","[0.00026037757187446527, 0.0008129700741722815]","[0.0002604764372452495, 0.0008130331284585957]","[0.3969820048505823, -0.43655697797610826]",0.14873253567121997
3,1472,"[0.3791031708646672, 0.6617134397279266]","[0.20033155121842627, 0.8577591891930944]","[0.5775941647007887, 0.44343494498293934]","[0.00025935231160302026, 0.0008097290596194286]","[0.00025945038746316706, 0.0008097916106416525]","[0.396981987672243, -0.43655698948997457]",0.14873298618626934
3,1473,"[0.379102652160044, 0.6617118202698073]","[0.20033155121842627, 0.8577591891930944]","[0.5775936374753519, 0.44343331981360123]","[0.0002583310230268554, 0.0008065009228217677]","[0.00025842831568134716, 0.0008065629745970249]","[0.3969819706306157, -0.43655700091241223]",0.14873343490518803
3,1474,"[0.379102135497998, 0.6617102072679617]","[0.20033155121842627, 0.8577591891930944]","[0.5775931123603039, 0.4434317011458881]","[0.0002573136912889577, 0.000803285612954129]","[0.00025741020699282524, 0.0008033471694672278]","[0.39698195372461176, -0.4365570122441472]",0.14873388183511338
3,1475,"[0.3791016208706154, 0.6617086006967358]","[0.20033155121842627, 0.8577591891930944]","[0.5775925893471915, 0.44343008895378566]","[0.000256300301583378, 0.0008000830793888011]","[0.0002563960465412074, 0.0008001441445930069]","[0.3969819369531522, -0.4365570234859002]",0.14873432698315478
3,1476,"[0.3791011082700122, 0.661707000530577]","[0.20033155121842627, 0.8577591891930944]","[0.5775920684275951, 0.4434284832113842]","[0.0002552908391555192, 0.0007968932716954754]","[0.0002553858195225578, 0.0007969538495122275]","[0.3969819203151659, -0.4365570346383856]",0.14873477035639346
3,1477,"[0.3791005976883339, 0.6617054067440336]","[0.20033155121842627, 0.8577591891930944]","[0.5775915495931292, 0.4434268838928773]","[0.0002542852893015742, 0.0007937161396400917]","[0.00025437951118362223, 0.0007937762339596532]","[0.39698190380959064, -0.43655704570231246]",0.1487352119618827
3,1478,"[0.3791000891177553, 0.6617038193117543]","[0.20033155121842627, 0.8577591891930944]","[0.5775910328354414, 0.4434252909725621]","[0.0002532836373684673, 0.0007905516331840224]","[0.00025337710682288295, 0.000790611247865669]","[0.3969818874353723, -0.4365570566783843]",0.14873565180664797
3,1479,"[0.37909958255048054, 0.661702238208488]","[0.20033155121842627, 0.8577591891930944]","[0.5775905181462131, 0.4434237044248386]","[0.0002522858687539399, 0.0007873997024840233]","[0.0002523785917899479, 0.000787458841356059]","[0.3969818711914651, -0.43655706756729873]",0.14873608989768677
3,1480,"[0.37909907797874304, 0.661700663409083]","[0.20033155121842627, 0.8577591891930944]","[0.5775900055171592, 0.44342212422420885]","[0.0002512919689062656, 0.0007842602978902001]","[0.0002513839514843852, 0.0007843189647506188]","[0.39698185507683237, -0.4365570783697482]",0.14873652624196948
3,1481,"[0.37909857539480524, 0.6616990948884872]","[0.20033155121842627, 0.8577591891930944]","[0.5775894949400278, 0.44342055034527755]","[0.0002503019233240486, 0.0007811333699469265]","[0.00025039317135738814, 0.0007811915685631554]","[0.39698183909044504, -0.4365570890864193]",0.14873696084643845
3,1482,"[0.3790980747909586, 0.6616975326217474]","[0.20033155121842627, 0.8577591891930944]","[0.5775889864065995, 0.4434189827627506]","[0.00024931571755588874, 0.000778018869390481]","[0.0002494062369109429, 0.0007780766035001552]","[0.39698182323128184, -0.4365570997179935]",0.14873739371800881
3,1483,"[0.3790975761595235, 0.6616959765840086]","[0.20033155121842627, 0.8577591891930944]","[0.5775884799086888, 0.44341742145143537]","[0.0002483333372012088, 0.0007749167471496563]","[0.00024842313369694, 0.000774974020460284]","[0.39698180749833056, -0.43655711026514643]",0.14873782486356835
3,1484,"[0.3790970794928491, 0.6616944267505143]","[0.20033155121842627, 0.8577591891930944]","[0.5775879754381423, 0.4434158663862399]","[0.0002473547679086319, 0.0007718269543440405]","[0.00024744384731784086, 0.0007718837705336656]","[0.39698179189058647, -0.4365571207285487]",0.14873825428997767
3,1485,"[0.37909658478331326, 0.6616928830966056]","[0.20033155121842627, 0.8577591891930944]","[0.57758747298684, 0.4434143175421728]","[0.00024637999537700767, 0.0007687494422840392]","[0.00024646836342584466, 0.0007688058050013824]","[0.39698177640705345, -0.4365571311088655]",0.14873868200407037
3,1486,"[0.3790960920233225, 0.661691345597721]","[0.20033155121842627, 0.8577591891930944]","[0.5775869725466936, 0.4434127748943427]","[0.00024540900535476647, 0.0007656841624698999]","[0.00024549666772455403, 0.0007657400753343091]","[0.3969817610467421, -0.4365571414067566]",0.14873910801265278
3,1487,"[0.37909560120531177, 0.6616898142293961]","[0.20033155121842627, 0.8577591891930944]","[0.5775864741096477, 0.4434112384179577]","[0.00024444178363996897, 0.0007626310665904427]","[0.00024452874596631036, 0.0007626865331926136]","[0.39698174580867185, -0.4365571516228768]",0.1487395323225046
3,1488,"[0.3790951123217445, 0.661688288967263]","[0.20033155121842627, 0.8577591891930944]","[0.5775859776676794, 0.44340970808832514]","[0.00024347831608018903, 0.0007595901065231462]","[0.0002435645839535816, 0.0007596451304252572]","[0.3969817306918698, -0.4365571617578756]",0.14873995494037867
3,1489,"[0.3790946253651123, 0.6616867697870499]","[0.20033155121842627, 0.8577591891930944]","[0.5775854832127978, 0.4434081838808513]","[0.00024251858857207552, 0.0007565612343330472]","[0.00024260416753812963, 0.0007566158190684957]","[0.396981715695371, -0.43655717181239717]",0.1487403758730012
3,1490,"[0.37909414032793515, 0.6616852566645812]","[0.20033155121842627, 0.8577591891930944]","[0.5775849907370438, 0.4434066657710409]","[0.0002415625870615391, 0.0007535444022722084]","[0.00024164748262212044, 0.0007535985513463794]","[0.3969817008182174, -0.4365571817870807]",0.14874079512707167
3,1491,"[0.379093657202761, 0.6616837495757767]","[0.20033155121842627, 0.8577591891930944]","[0.5775845002324906, 0.4434051537344965]","[0.00024061029754342806, 0.0007505395627787218]","[0.00024069451515612572, 0.0007505932796690318]","[0.39698168605945927, -0.43655719168256035]",0.14874121270926322
3,1492,"[0.3790931759821659, 0.6616822484966511]","[0.20033155121842627, 0.8577591891930944]","[0.5775840116912432, 0.44340364774691865]","[0.00023966170606157288, 0.0007475466684761436]","[0.00023974525114017764, 0.000747599956632039]","[0.39698167141815455, -0.436557201499465]",0.14874162862622267
3,1493,"[0.3790926966587538, 0.6616807534033142]","[0.20033155121842627, 0.8577591891930944]","[0.5775835251054378, 0.44340214778410475]","[0.00023871679870827124, 0.0007445656721730962]","[0.00023879967662382429, 0.0007446185350168388]","[0.39698165689336795, -0.43655721123841895]",0.1487420428845704
3,1494,"[0.37909221922515635, 0.6616792642719699]","[0.20033155121842627, 0.8577591891930944]","[0.5775830404672424, 0.44340065382194926]","[0.00023777556162474323, 0.0007415965268618463]","[0.00023785777770524152, 0.0007416489677881666]","[0.3969816424841721, -0.43655722090004123]",0.14874245549090087
3,1495,"[0.3790917436740331, 0.6616777810789162]","[0.20033155121842627, 0.8577591891930944]","[0.5775825577688567, 0.44339916583644323]","[0.00023683798100041943, 0.0007386391857185095]","[0.00023691954053112196, 0.0007386912080949437]","[0.3969816281896472, -0.4365572304849459]",0.1487428664517821
3,1496,"[0.3790912699980711, 0.6616763038005448]","[0.20033155121842627, 0.8577591891930944]","[0.5775820770025112, 0.4433976838036735]","[0.00023590404307306974, 0.0007356936021015744]","[0.0002359849512973966, 0.0007357452092691119]","[0.3969816140088802, -0.4365572399937425]",0.1487432757737566
3,1497,"[0.3790907981899849, 0.6616748324133406]","[0.20033155121842627, 0.8577591891930944]","[0.577581598160468, 0.4433962076998229]","[0.00023497373412886442, 0.00073275972955161]","[0.00023505399624784706, 0.0007328109248242454]","[0.39698159994096605, -0.43655724942703533]",0.14874368346334077
3,1498,"[0.37909032824251665, 0.6616733668938815]","[0.20033155121842627, 0.8577591891930944]","[0.5775811212350197, 0.4433947375011694]","[0.00023404704050166935, 0.000729837521790474]","[0.0002341266616752713, 0.0007298883084558838]","[0.3969815859850061, -0.43655725878542406]",0.14874408952702523
3,1499,"[0.37908986014843565, 0.6616719072188378]","[0.20033155121842627, 0.8577591891930944]","[0.5775806462184905, 0.443393273184086]","[0.00023312394857346927, 0.0007269269327206641]","[0.00023320293392004032, 0.0007269773140403113]","[0.39698157214010965, -0.4365572680695037]",0.1487444939712751
3,1500,"[0.37908939390053853, 0.6616704533649724]","[0.20033155121842627, 0.8577591891930944]","[0.5775801731032348, 0.4433918147250403]","[0.00023220444477400228, 0.0007240279164248108]","[0.00023228279937115293, 0.000724077895634001]","[0.3969815584053926, -0.43655727727986426]",0.14874489680252984
3,1501,"[0.37908892949164896, 0.6616690053091396]","[0.20033155121842627, 0.8577591891930944]","[0.5775797018816379, 0.44339036210059396]","[0.0002312885155803294, 0.0007211404271644312]","[0.00023136624446534748, 0.0007211900074727828]","[0.3969815447799778, -0.43655728641709135]",0.14874529802720338
3,1502,"[0.3790884669146178, 0.6616675630282853]","[0.20033155121842627, 0.8577591891930944]","[0.5775792325461155, 0.44338891528740243]","[0.0002303761475173877, 0.0007182644193797259]","[0.00023045325568704644, 0.0007183136039711768]","[0.3969815312629955, -0.4365572954817658]",0.1487456976516845
3,1503,"[0.37908800616232274, 0.6616661264994466]","[0.20033155121842627, 0.8577591891930944]","[0.577578765089114, 0.4433874742622147]","[0.00022946732715732666, 0.0007153998476887756]","[0.0002295438195686894, 0.000715448639721783]","[0.3969815178535825, -0.4365573044744637]",0.14874609568233654
3,1504,"[0.3790875472276684, 0.6616646956997512]","[0.20033155121842627, 0.8577591891930944]","[0.5775782995031096, 0.44338603900187273]","[0.00022856204111944124, 0.0007125466668869158]","[0.00022863792269017802, 0.0007125950694948369]","[0.3969815045508823, -0.4365573133957569]",0.14874649212549776
3,1505,"[0.37908709010358616, 0.6616632706064174]","[0.20033155121842627, 0.8577591891930944]","[0.5775778357806093, 0.44338460948331126]","[0.0002276602760702067, 0.000709704831946061]","[0.00022773555167809878, 0.0007097528482370996]","[0.39698149135404626, -0.43655732224621224]",0.1487468869874814
3,1506,"[0.379086634783034, 0.6616618511967535]","[0.20033155121842627, 0.8577591891930944]","[0.5775773739141496, 0.44338318568355717]","[0.00022676201872295549, 0.0007068742980138051]","[0.0002268366932072774, 0.0007069219310715802]","[0.3969814782622313, -0.4365573310263926]",0.14874728027457565
3,1507,"[0.37908618125899657, 0.6616604374481574]","[0.20033155121842627, 0.8577591891930944]","[0.5775769138962974, 0.4433817675797294]","[0.00022586725583786092, 0.0007040550204131022]","[0.00022594133399911343, 0.0007041022732964253]","[0.39698146527460165, -0.43655733973685595]",0.1487476719930439
3,1508,"[0.3790857295244849, 0.6616590293381166]","[0.20033155121842627, 0.8577591891930944]","[0.5775764557196489, 0.4433803551490386]","[0.00022497597422159243, 0.0007012469546415933]","[0.00022504946082202437, 0.0007012938303848637]","[0.396981452390328, -0.43655734837815596]",0.14874806214912473
3,1509,"[0.37908527957253646, 0.6616576268442074]","[0.20033155121842627, 0.8577591891930944]","[0.5775759993768304, 0.44337894836878633]","[0.00022408816072760858, 0.0006984500563703632]","[0.00022416106049133466, 0.0006984965579839297]","[0.3969814396085878, -0.4365573569508421]",0.14874845074903206
3,1510,"[0.379084831396215, 0.6616562299440947]","[0.20033155121842627, 0.8577591891930944]","[0.5775755448604976, 0.4433775472163651]","[0.00022320380225561881, 0.0006956642814438507]","[0.00022327611986888707, 0.0006957104119139634]","[0.3969814269285651, -0.4365573654554592]",0.14874883779895534
3,1511,"[0.3790843849886105, 0.6616548386155318]","[0.20033155121842627, 0.8577591891930944]","[0.5775750921633354, 0.4433761516692578]","[0.00022232288575152893, 0.0006928895858789145]","[0.00022239462586376435, 0.0006929353481679446]","[0.39698141434944967, -0.4365573738925479]",0.14874922330505935
3,1512,"[0.37908394034283904, 0.66165345283636]","[0.20033155121842627, 0.8577591891930944]","[0.5775746412780585, 0.4433747617050378]","[0.00022144539820756462, 0.0006901259258647042]","[0.0002215165654305684, 0.0006901713229112705]","[0.39698140187043884, -0.4365573822626444]",0.14874960727348457
3,1513,"[0.3790834974520426, 0.6616520725845083]","[0.20033155121842627, 0.8577591891930944]","[0.5775741921974107, 0.44337337730136783]","[0.00022057132666168547, 0.0006873732577612308]","[0.00022064192557014195, 0.0006874182924808125]","[0.39698138949073614, -0.43655739056628096]",0.1487499897103473
3,1514,"[0.3790830563093893, 0.6616506978379928]","[0.20033155121842627, 0.8577591891930944]","[0.5775737449141647, 0.44337199843600017]","[0.00021970065819782524, 0.0006846315380991015]","[0.0002197706933304011, 0.0006846762133836393]","[0.39698137720955073, -0.43655739880398525]",0.14875037062173957
3,1515,"[0.37908261690807293, 0.6616493285749167]","[0.20033155121842627, 0.8577591891930944]","[0.5775732994211222, 0.44337062508677627]","[0.00021883337994562323, 0.0006819007235790371]","[0.00021890285580455915, 0.0006819450422972939]","[0.3969813650260986, -0.43655740697628076]",0.14875075001372914
3,1516,"[0.37908217924131304, 0.6616479647734695]","[0.20033155121842627, 0.8577591891930944]","[0.5775728557111139, 0.4433692572316259]","[0.00021796947908021597, 0.0006791807710707927]","[0.00021803840013190356, 0.0006792247360689618]","[0.3969813529396018, -0.4365574150836873]",0.14875112789236006
3,1517,"[0.3790817433023549, 0.6616466064119274]","[0.20033155121842627, 0.8577591891930944]","[0.5775724137769992, 0.4433678948485674]","[0.00021710894282235633, 0.000676471637612779]","[0.00021717731349746305, 0.0006765152517140827]","[0.3969813409492886, -0.43655742312671997]",0.14875150426365236
3,1518,"[0.37908130908446924, 0.6616452534686522]","[0.20033155121842627, 0.8577591891930944]","[0.577571973611666, 0.4433665379157072]","[0.0002162517584379478, 0.0006737732804116411]","[0.00021631958313172994, 0.0006738165464167944]","[0.39698132905439354, -0.43655743110589007]",0.1487518791336021
3,1519,"[0.37908087658095235, 0.6616439059220914]","[0.20033155121842627, 0.8577591891930944]","[0.577571535208031, 0.44336518641123907]","[0.00021539791323810502, 0.0006710856568410711]","[0.0002154651963106602, 0.0006711285775284348]","[0.3969813172541572, -0.43655743902170474]",0.14875225250818186
3,1520,"[0.3790804457851259, 0.6616425637507778]","[0.20033155121842627, 0.8577591891930944]","[0.577571098559039, 0.4433638403134441]","[0.00021454739457904307, 0.0006684087244415024]","[0.0002146141403556734, 0.0006684513025674854]","[0.3969813055478262, -0.43655744687466735]",0.1487526243933405
3,1521,"[0.37908001669033675, 0.6616412269333289]","[0.20033155121842627, 0.8577591891930944]","[0.5775706636576633, 0.4433624996006905]","[0.00021370018986172074, 0.0006657424409196464]","[0.00021376640263315316, 0.0006657846792183508]","[0.3969812939346531, -0.43655745466527685]",0.1487529947950033
3,1522,"[0.37907958928995705, 0.6616398954484471]","[0.20033155121842627, 0.8577591891930944]","[0.5775702304969053, 0.4433611642514329]","[0.00021285628653200844, 0.000663086764147423]","[0.00021292197055478024, 0.0006631286653312474]","[0.3969812824138964, -0.4365574623940285]",0.1487533637190721
3,1523,"[0.37907916357738397, 0.6616385692749188]","[0.20033155121842627, 0.8577591891930944]","[0.5775697990697942, 0.443359834244212]","[0.0002120156720801942, 0.0006604416521614583]","[0.0002120808315769218, 0.0006604832189212595]","[0.3969812709848205, -0.43655747006141365]",0.14875373117142543
3,1524,"[0.3790787395460398, 0.6616372483916145]","[0.20033155121842627, 0.8577591891930944]","[0.5775693693693877, 0.44335850955765477]","[0.0002111783340414168, 0.0006578070631629827]","[0.0002112429732008536, 0.0006578482981679512]","[0.39698125964669584, -0.4365574776679195]",0.14875409715791854
3,1525,"[0.37907831718937174, 0.6616359327774882]","[0.20033155121842627, 0.8577591891930944]","[0.5775689413887709, 0.44335719017047337]","[0.00021034425999486107, 0.0006551829555163428]","[0.0002104083829724268, 0.0006552238614144779]","[0.39698124839879834, -0.4365574852140297]",0.14875446168438344
3,1526,"[0.3790778965008518, 0.6616346224115772]","[0.20033155121842627, 0.8577591891930944]","[0.5775685151210568, 0.4433558760614653]","[0.00020951343756416989, 0.0006525692877490793]","[0.00020957704848195702, 0.0006526098671671976]","[0.39698123724041, -0.4365574927002238]",0.1487548247566292
3,1527,"[0.37907747747397663, 0.6616333172730017]","[0.20033155121842627, 0.8577591891930944]","[0.5775680905593858, 0.44335456720951283]","[0.00020868585441683008, 0.0006499660185506085]","[0.00020874895736411325, 0.0006500062740945611]","[0.39698122617081844, -0.4365575001269777]",0.14875518638044183
3,1528,"[0.37907706010226777, 0.6616320173409646]","[0.20033155121842627, 0.8577591891930944]","[0.5775676676969262, 0.44335326359358285]","[0.000207861498264497, 0.0006473731067726398]","[0.0002079240972977514, 0.0006474130410275003]","[0.39698121518931695, -0.4365575074947634]",0.1487555465615844
3,1529,"[0.37907664437927124, 0.661630722594751]","[0.20033155121842627, 0.8577591891930944]","[0.5775672465268733, 0.44335196519272635]","[0.00020704035686262755, 0.0006447905114273953]","[0.00020710245600624733, 0.0006448301269575962]","[0.3969812042952041, -0.43655751480404925]",0.14875590530579724
3,1530,"[0.3790762302985575, 0.6616294330137281]","[0.20033155121842627, 0.8577591891930944]","[0.5775668270424499, 0.4433506719860782]","[0.000206222418010353, 0.0006422181916879113]","[0.00020628402125627554, 0.0006422574910374124]","[0.3969811934877847, -0.43655752205529985]",0.1487562626187979
3,1531,"[0.3790758178537215, 0.6616281485773448]","[0.20033155121842627, 0.8577591891930944]","[0.5775664092369059, 0.4433493839528567]","[0.0002054076695503167, 0.0006396561068868221]","[0.00020546878085853093, 0.0006396950925792733]","[0.39698118276636885, -0.43655752924897606]",0.1487566185062814
3,1532,"[0.37907540703838244, 0.661626869265131]","[0.20033155121842627, 0.8577591891930944]","[0.5775659931035182, 0.44334810107236344]","[0.00020459609936857885, 0.0006371042165161045]","[0.00020465672266795076, 0.0006371428910550425]","[0.3969811721302715, -0.4365575363855352]",0.14875697297391996
3,1533,"[0.3790749978461837, 0.661625595056698]","[0.20033155121842627, 0.8577591891930944]","[0.5775655786355907, 0.4433468233239827]","[0.00020378769539468075, 0.0006345624802261613]","[0.00020384783458232691, 0.0006346008460950681]","[0.3969811615788139, -0.43655754346543074]",0.1487573260273637
3,1534,"[0.37907459027079293, 0.6616243259317376]","[0.20033155121842627, 0.8577591891930944]","[0.5775651658264542, 0.4433455506871812]","[0.00020298244560116124, 0.0006320308578254028]","[0.000203042104542972, 0.0006320689174880156]","[0.3969811511113226, -0.4365575504891128]",0.14875767767224013
3,1535,"[0.37907418430590173, 0.661623061870022]","[0.20033155121842627, 0.8577591891930944]","[0.5775647546694662, 0.4433442831415081]","[0.0002021803380035314, 0.0006295093092799517]","[0.0002022395205348304, 0.0006295470651802026]","[0.396981140727129, -0.43655755745702773]",0.14875802791415454
3,1536,"[0.37907377994522573, 0.6616218028514034]","[0.20033155121842627, 0.8577591891930944]","[0.5775643451580108, 0.44334302066659415]","[0.00020138136066039035, 0.0006269977947122249]","[0.00020144007058575664, 0.0006270352492746545]","[0.39698113042557015, -0.43655756436961846]",0.14875837675869014
3,1537,"[0.3790733771825044, 0.6616205488558139]","[0.20033155121842627, 0.8577591891930944]","[0.5775639372854986, 0.4433417632421517]","[0.00020058550167297408, 0.0006244962744011469]","[0.00020064374276662633, 0.000624533430031049]","[0.3969811202059884, -0.4365575712273244]",0.14875872421140776
3,1538,"[0.37907297601150103, 0.6616192998632651]","[0.20033155121842627, 0.8577591891930944]","[0.5775635310453668, 0.4433405108479743]","[0.00019979274918541752, 0.0006220047087814147]","[0.00019985052519105873, 0.0006220415678647728]","[0.3969811100677316, -0.4365575780305815]",0.1487590702778466
3,1539,"[0.37907257642600267, 0.6616180558538475]","[0.20033155121842627, 0.8577591891930944]","[0.5775631264310789, 0.4433392634639365]","[0.00019900309138393528, 0.000619523058442294]","[0.00019906040601563868, 0.0006195596233460332]","[0.3969811000101524, -0.436557584779822]",0.14875941496352363
3,1540,"[0.3790721784198199, 0.6616168168077305]","[0.20033155121842627, 0.8577591891930944]","[0.5775627234361241, 0.44333802106999315]","[0.000198216516497281, 0.0006170512841276283]","[0.0001982733734395281, 0.0006170875571996914]","[0.3969810900326085, -0.4365575914754748]",0.14875975827393406
3,1541,"[0.37907178198678687, 0.6616155827051623]","[0.20033155121842627, 0.8577591891930944]","[0.5775623220540183, 0.44333678364617946]","[0.00019743301279667, 0.0006145893467352755]","[0.00019748941570468803, 0.0006146253303050409]","[0.39698108013446276, -0.4365575981179657]",0.14876010021455124
3,1542,"[0.37907138712076127, 0.6616143535264688]","[0.20033155121842627, 0.8577591891930944]","[0.577561922278303, 0.4433355511726104]","[0.00019665256859526656, 0.0006121372073158148]","[0.00019670852109476833, 0.0006121729036939749]","[0.39698107031508356, -0.43655760470771676]",0.14876044079082706
3,1543,"[0.3790709938156241, 0.6616131292520542]","[0.20033155121842627, 0.8577591891930944]","[0.577561524102546, 0.4433343236294808]","[0.00019587517224829847, 0.0006096948270730296]","[0.00019593067793616248, 0.0006097302385517644]","[0.39698106057384386, -0.4365576112451468]",0.1487607800081917
3,1544,"[0.3790706020652796, 0.6616119098624]","[0.20033155121842627, 0.8577591891930944]","[0.5775611275203404, 0.4433331009970643]","[0.00019510081215262624, 0.0006072621673623671]","[0.00019515587459717487, 0.0006072972962157253]","[0.3969810509101216, -0.4365576177306715]",0.14876111787205376
3,1545,"[0.3790702118636553, 0.6616106953380653]","[0.20033155121842627, 0.8577591891930944]","[0.5775607325253054, 0.4433318832557138]","[0.0001943294767472046, 0.0006048391896906423]","[0.0001943840994879098, 0.0006048740381744411]","[0.39698104132330014, -0.4365576241647029]",0.1487614543878006
3,1546,"[0.3790698232047018, 0.6616094856596859]","[0.20033155121842627, 0.8577591891930944]","[0.5775603391110853, 0.44333067038586094]","[0.00019356115451216806, 0.0006024258557161306]","[0.00019361534106071554, 0.0006024604260680966]","[0.396981031812767, -0.43655763054764996]",0.14876178956079802
3,1547,"[0.37906943608239274, 0.6616082808079745]","[0.20033155121842627, 0.8577591891930944]","[0.5775599472713504, 0.4433294623680153]","[0.00019279583396944705, 0.0006000221272467248]","[0.00019284958780912964, 0.0006000564216869231]","[0.3969810223779153, -0.43655763687991844]",0.14876212339639078
3,1548,"[0.3790690504907248, 0.66160708076372]","[0.20033155121842627, 0.8577591891930944]","[0.5775595569997962, 0.44332825918276464]","[0.0001920335036822711, 0.0005976279662403565]","[0.00019208682826854506, 0.000597661986970921]","[0.3969810130181428, -0.4365576431619107]",0.1487624558999024
3,1549,"[0.37906866642371745, 0.6616058855077875]","[0.20033155121842627, 0.8577591891930944]","[0.5775591682901433, 0.4433270608107745]","[0.000191274152254878, 0.0005952433348042834]","[0.00019132705101576608, 0.0005952770840098598]","[0.3969810037328517, -0.4365576493940261]",0.14876278707663518
3,1550,"[0.3790682838754129, 0.661604695021118]","[0.20033155121842627, 0.8577591891930944]","[0.5775587811361376, 0.44332586723278766]","[0.0001905177683327668, 0.0005928681951940325]","[0.00019057024466889727, 0.0005929016750417793]","[0.3969809945214493, -0.4365576555766606]",0.1487631169318706
3,1551,"[0.37906790283987624, 0.6616035092847276]","[0.20033155121842627, 0.8577591891930944]","[0.5775583955315501, 0.44332467842962386]","[0.00018976434060235598, 0.0005905025098131028]","[0.00018981639788701044, 0.000590535722453045]","[0.3969809853833477, -0.4365576617102074]",0.14876344547086917
3,1552,"[0.37906752331119503, 0.6616023282797079]","[0.20033155121842627, 0.8577591891930944]","[0.5775580114701768, 0.4433234943821799]","[0.00018901385779088718, 0.0005881462412126728]","[0.00018906549937025563, 0.0005881791887774601]","[0.3969809763179636, -0.436557667795056]",0.14876377269887064
3,1553,"[0.37906714528347946, 0.6616011519872255]","[0.20033155121842627, 0.8577591891930944]","[0.5775576289458384, 0.4433223150714287]","[0.00018826630866625288, 0.000585799352090848]","[0.00018831753786024974, 0.0005858320366963765]","[0.3969809673247179, -0.4365576738315935]",0.1487640986210937
3,1554,"[0.37906676875086215, 0.6615999803885213]","[0.20033155121842627, 0.8577591891930944]","[0.5775572479523803, 0.4433211404784197]","[0.00018752168203689916, 0.0005834618052918809]","[0.00018757250213907728, 0.0005834942290368073]","[0.39698095840303627, -0.4365576798202032]",0.1487644232427365
3,1555,"[0.37906639370749806, 0.6615988134649107]","[0.20033155121842627, 0.8577591891930944]","[0.5775568684836729, 0.44331997058427763]","[0.00018677996675185905, 0.0005811335638055263]","[0.0001868303810287908, 0.0005811657287721483]","[0.39698094955234975, -0.4365576857612661]",0.14876474656897698
3,1556,"[0.3790660201475646, 0.661597651197783]","[0.20033155121842627, 0.8577591891930944]","[0.577556490533611, 0.44331880537020335]","[0.0001860411517002809, 0.0005788145907671926]","[0.00018609116339296516, 0.0005788464990207354]","[0.3969809407720929, -0.43655769165515934]",0.1487650686049719
3,1557,"[0.37906564806526116, 0.6615964935686015]","[0.20033155121842627, 0.8577591891930944]","[0.5775561140961137, 0.4433176448174726]","[0.0001853052258116632, 0.0005765048494568068]","[0.0001853548381351433, 0.0005765365030463432]","[0.39698093206170515, -0.4365576975022578]",0.1487653893558581
3,1558,"[0.37906527745480956, 0.6615953405589026]","[0.20033155121842627, 0.8577591891930944]","[0.5775557391651249, 0.443316488907436]","[0.0001845721780555073, 0.0005742043032980971]","[0.00018462139419889168, 0.0005742357042562429]","[0.39698092342063074, -0.4365577033029331]",0.14876570882675189
3,1559,"[0.3790649083104534, 0.661594192150296]","[0.20033155121842627, 0.8577591891930944]","[0.5775553657346122, 0.44331533762151915]","[0.0001838419974410483, 0.0005719129158586357]","[0.0001838908205684664, 0.0005719440662017572]","[0.39698091484831755, -0.43655770905755376]",0.14876602702274924
3,1560,"[0.37906454062645856, 0.6615930483244643]","[0.20033155121842627, 0.8577591891930944]","[0.577554993798568, 0.4433141909412215]","[0.00018311467301783483, 0.0005696306508485254]","[0.0001831631062675365, 0.0005696615525769833]","[0.3969809063442189, -0.43655771476648564]",0.14876634394892607
3,1561,"[0.37906417439711254, 0.6615919090631626]","[0.20033155121842627, 0.8577591891930944]","[0.5775546233510083, 0.44331304884811684]","[0.0001823901938746373, 0.000567357472120696]","[0.0001824382403602387, 0.0005673881272187375]","[0.39698089790779145, -0.43655772043009144]",0.14876665961033808
3,1562,"[0.3790638096167248, 0.6615907743482183]","[0.20033155121842627, 0.8577591891930944]","[0.5775542543859733, 0.4433119113238527]","[0.00018166854913991194, 0.0005650933436698482]","[0.00018171621194978949, 0.0005651237541060561]","[0.396980889538497, -0.4365577260487312]",0.148766974012021
3,1563,"[0.3790634462796265, 0.661589644161531]","[0.20033155121842627, 0.8577591891930944]","[0.5775538868975268, 0.4433107783501499]","[0.00018094972798141256, 0.0005628382296319617]","[0.00018099701017987302, 0.0005628683973591952]","[0.39698088123580066, -0.4365577316227621]",0.14876728715899046
3,1564,"[0.37906308438017056, 0.6615885184850717]","[0.20033155121842627, 0.8577591891930944]","[0.577553520879757, 0.4433096499088026]","[0.0001802337196065443, 0.0005605920942838225]","[0.00018028062423297575, 0.0005606220212391322]","[0.39698087299917284, -0.4365577371525382]",0.14876759905624237
3,1565,"[0.3790627239127313, 0.6615873973008831]","[0.20033155121842627, 0.8577591891930944]","[0.5775531563267752, 0.4433085259816776]","[0.00017952051326159164, 0.0005583549020422858]","[0.00017956704333116358, 0.0005583845901475093]","[0.3969808648280877, -0.4365577426384111]",0.14876790970875287
3,1566,"[0.3790623648717048, 0.661586280591079]","[0.20033155121842627, 0.8577591891930944]","[0.5775527932327167, 0.4433074065507144]","[0.00017881009823206317, 0.000556126617464268]","[0.00017885625673563776, 0.0005561560686258016]","[0.39698085672202377, -0.43655774808072934]",0.14876821912147825
3,1567,"[0.37906200725150835, 0.6615851683378441]","[0.20033155121842627, 0.8577591891930944]","[0.5775524315917399, 0.4433062915979247]","[0.00017810246384223678, 0.0005539072052454414]","[0.00017814825374740106, 0.0005539364213544284]","[0.396980848680463, -0.43655775347983883]",0.14876852729935514
3,1568,"[0.3790616510465807, 0.6615840605234335]","[0.20033155121842627, 0.8577591891930944]","[0.577552071398027, 0.44330518110539224]","[0.00017739759945538465, 0.0005516966302203319]","[0.00017744302370542586, 0.0005517256131527537]","[0.39698084070289263, -0.4365577588360826]",0.14876883424730072
3,1569,"[0.3790612962513818, 0.6615829571301731]","[0.20033155121842627, 0.8577591891930944]","[0.5775517126457833, 0.4433040750552725]","[0.00017669549447326001, 0.0005494948573615714]","[0.0001767405559883195, 0.000549523608978697]","[0.39698083278880303, -0.4365577641498013]",0.14876913997021257
3,1570,"[0.3790609428603928, 0.6615818581404584]","[0.20033155121842627, 0.8577591891930944]","[0.5775513553292373, 0.44330297342979225]","[0.0001759961383361303, 0.0005473018517793485]","[0.00017604084001304754, 0.0005473303739273461]","[0.39698082493768894, -0.4365577694213324]",0.14876944447296883
3,1571,"[0.37906059086811617, 0.6615807635367549]","[0.20033155121842627, 0.8577591891930944]","[0.5775509994426408, 0.44330187621124933]","[0.00017529952052310115, 0.0005451175787205774]","[0.00017534386523548884, 0.0005451458732310677]","[0.3969808171490492, -0.4365577746510111]",0.14876974776042853
3,1572,"[0.37906024026907514, 0.6615796733015974]","[0.20033155121842627, 0.8577591891930944]","[0.5775506449802685, 0.4433007833820126]","[0.0001746056305512156, 0.0005429420035689453]","[0.00017464962114960292, 0.000542970072258675]","[0.3969808094223868, -0.43655777983916955]",0.14877004983743125
3,1573,"[0.37905989105781407, 0.6615785874175902]","[0.20033155121842627, 0.8577591891930944]","[0.5775502919364182, 0.4432996949245214]","[0.00017391445797583163, 0.000540775091844203]","[0.0001739580972882071, 0.0005408029365156497]","[0.3969808017572082, -0.4365577849861376]",0.1487703507087973
3,1574,"[0.3790595432288981, 0.6615775058674066]","[0.20033155121842627, 0.8577591891930944]","[0.5775499403054103, 0.4432986108212854]","[0.00017322599239026883, 0.0005386168092014621]","[0.00017326928322175528, 0.0005386444316426431]","[0.39698079415302434, -0.4365577900922424]",0.14877065037932805
3,1575,"[0.37905919677691335, 0.6615764286337882]","[0.20033155121842627, 0.8577591891930944]","[0.5775495900815882, 0.443297531054884]","[0.00017254022342588388, 0.0005364671214305679]","[0.00017258316855933709, 0.0005364945234151985]","[0.39698078660934977, -0.43655779515780835]",0.14877094885380587
3,1576,"[0.3790588516964665, 0.6615753556995453]","[0.20033155121842627, 0.8577591891930944]","[0.577549241259318, 0.4432964556079666]","[0.00017185714075192046, 0.0005343259944558584]","[0.0001718997429479563, 0.0005343531777435295]","[0.39698077912570284, -0.4365578001831574]",0.148771246136994
3,1577,"[0.37905850798218504, 0.6615742870475564]","[0.20033155121842627, 0.8577591891930944]","[0.5775488938329878, 0.44329538446325195]","[0.0001711767340750188, 0.0005321933943358392]","[0.00017121899607258628, 0.0005322203606720755]","[0.3969807717016055, -0.43655780516860887]",0.1487715422336367
3,1578,"[0.3790581656287169, 0.6615732226607677]","[0.20033155121842627, 0.8577591891930944]","[0.577548547797009, 0.44329431760352783]","[0.0001704989931398086, 0.0005300692872619183]","[0.00017054091765544843, 0.0005300960383783915]","[0.39698076433658425, -0.4365578101144797]",0.14877183714845987
3,1579,"[0.3790578246307306, 0.6615721625221932]","[0.20033155121842627, 0.8577591891930944]","[0.577548203145815, 0.4432932550116512]","[0.0001698239077280139, 0.0005279536395589544]","[0.00016986549745678925, 0.000527980177173315]","[0.3969807570301688, -0.43655781502108404]",0.1487721308861702
3,1580,"[0.3790574849829152, 0.661571106614914]","[0.20033155121842627, 0.8577591891930944]","[0.5775478598738615, 0.4432921966705471]","[0.00016915146765896392, 0.0005258464176834475]","[0.0001691927252744918, 0.0005258727434998556]","[0.3969807497818926, -0.4365578198887339]",0.14877242345145592
3,1581,"[0.37905714667997986, 0.6615700549220787]","[0.20033155121842627, 0.8577591891930944]","[0.5775475179756264, 0.44329114256320945]","[0.00016848166278905316, 0.0005237475882243773]","[0.0001685225909433541, 0.0005237737039331947]","[0.3969807425912931, -0.4365578247177384]",0.14877271484898663
3,1582,"[0.3790568097166543, 0.6615690074269022]","[0.20033155121842627, 0.8577591891930944]","[0.5775471774456099, 0.44329009267269986]","[0.00016781448301173948, 0.0005216571179015581]","[0.00016785508433592167, 0.0005216830251797977]","[0.39698073545791124, -0.4365578295084046]",0.1487730050834134
3,1583,"[0.3790564740876883, 0.6615679641126664]","[0.20033155121842627, 0.8577591891930944]","[0.5775468382783342, 0.4432890469821479]","[0.0001671499182575418, 0.000519574973565973]","[0.00016719019536132196, 0.0005196006740773584]","[0.39698072838129184, -0.436557834261037]",0.14877329415936913
3,1584,"[0.37905613978785174, 0.6615669249627193]","[0.20033155121842627, 0.8577591891930944]","[0.5775465004683431, 0.4432880054747506]","[0.0001664879584936663, 0.0005175011221988551]","[0.00016652791396648547, 0.0005175266175935223]","[0.3969807213609827, -0.43655783897593736]",0.14877358208146774
3,1585,"[0.37905580681193474, 0.6615658899604749]","[0.20033155121842627, 0.8577591891930944]","[0.5775461640102026, 0.4432869681337722]","[0.0001658285937242699, 0.000515435530911045]","[0.00016586823013470253, 0.0005154608228261082]","[0.3969807143965358, -0.43655784365340544]",0.14877386885430527
3,1586,"[0.3790554751547473, 0.6615648590894131]","[0.20033155121842627, 0.8577591891930944]","[0.5775458288985007, 0.4432859349425438]","[0.000165171813990054, 0.0005133781669426756]","[0.0001652111338859008, 0.0005134032570022207]","[0.3969807074875068, -0.43655784829373856]",0.14877415448245968
3,1587,"[0.3790551448111193, 0.6615638323330792]","[0.20033155121842627, 0.8577591891930944]","[0.5775454951278466, 0.44328490588446345]","[0.00016451760936812368, 0.0005113289976630219]","[0.0001645566152769229, 0.0005113538874782497]","[0.3969807006334546, -0.4365578528972316]",0.1487744389704904
3,1588,"[0.37905481577590056, 0.661562809675084]","[0.20033155121842627, 0.8577591891930944]","[0.5775451626928714, 0.4432838809429954]","[0.0001638659699719082, 0.0005092879905693989]","[0.0001639046644010822, 0.000509312681738594]","[0.39698069383394163, -0.4365578574641771]",0.14877472232293898
3,1589,"[0.37905448804396064, 0.6615617910991028]","[0.20033155121842627, 0.8577591891930944]","[0.5775448315882276, 0.44328286010167023]","[0.00016321688595140777, 0.0005072551132870498]","[0.000163255271388274, 0.0005072796073957164]","[0.39698068708853385, -0.43655786199486524]",0.14877500454432888
3,1590,"[0.37905416161018873, 0.6615607765888762]","[0.20033155121842627, 0.8577591891930944]","[0.577544501808589, 0.44328184334408427]","[0.0001625703474921961, 0.0005052303335684284]","[0.00016260842640447581, 0.000505254632189367]","[0.39698068039680046, -0.43655786648958395]",0.1487752856391656
3,1591,"[0.37905383646949375, 0.6615597661282091]","[0.20033155121842627, 0.8577591891930944]","[0.577544173348651, 0.4432808306538997]","[0.00016192634481644293, 0.0005032136192930238]","[0.0001619641196518029, 0.0005032377239864161]","[0.3969806737583146, -0.43655787094861875]",0.1487755656119369
3,1592,"[0.37905351261680414, 0.6615587597009706]","[0.20033155121842627, 0.8577591891930944]","[0.5775438462031304, 0.44327982201484395]","[0.00016128486818189268, 0.0005012049384664958]","[0.00016132234136850832, 0.0005012288507802998]","[0.39698066717265246, -0.4365578753722532]",0.14877584446711262
3,1593,"[0.3790531900470678, 0.6615577572910937]","[0.20033155121842627, 0.8577591891930944]","[0.5775435203667645, 0.4432788174107095]","[0.00016064590788203236, 0.0004992042592205163]","[0.00016068308182892732, 0.0004992279806901312]","[0.3969806606393934, -0.4365578797607683]",0.14877612220914477
3,1594,"[0.379052868755252, 0.6615567588825753]","[0.20033155121842627, 0.8577591891930944]","[0.5775431958343122, 0.4432778168253538]","[0.00016000945424620664, 0.0004972115498118134]","[0.00016004633134308888, 0.0004972350819604787]","[0.39698065415812045, -0.43655788411444296]",0.14877639884246796
3,1595,"[0.37905254873634353, 0.6615557644594756]","[0.20033155121842627, 0.8577591891930944]","[0.5775428726005536, 0.4432768202426987]","[0.0001593754976390791, 0.0004952267786222073]","[0.00015941208025638254, 0.0004952501229609774]","[0.3969806477284201, -0.4365578884335538]",0.148776674371499
3,1596,"[0.37905222998534827, 0.6615547740059183]","[0.20033155121842627, 0.8577591891930944]","[0.5775425506602891, 0.4432758276467307]","[0.0001587440284610011, 0.0004932499141579172]","[0.00015878031895039113, 0.0004932730721857737]","[0.39698064134988176, -0.4365578927183753]",0.14877694880063727
3,1597,"[0.37905191249729137, 0.6615537875060901]","[0.20033155121842627, 0.8577591891930944]","[0.5775422300083404, 0.4432748390215002]","[0.00015811503714738856, 0.0004912809250492331]","[0.00015815103784194706, 0.000491303898253137]","[0.396980635022098, -0.4365578969691797]",0.14877722213426453
3,1598,"[0.3790515962672171, 0.66155280494424]","[0.20033155121842627, 0.8577591891930944]","[0.5775419106395498, 0.4432738543511213]","[0.00015748851416901708, 0.0004893197800495268]","[0.0001575242273825772, 0.0004893425699047937]","[0.39698062874466555, -0.4365579011862373]",0.14877749437674548
3,1599,"[0.3790512812901887, 0.6615518263046799]","[0.20033155121842627, 0.8577591891930944]","[0.5775415925487802, 0.44327287361977197]","[0.00015686445003155442, 0.0004873664480354283]","[0.00015689987806016825, 0.00048738905600537175]","[0.396980622517183, -0.43655790536981587]",0.1487777655324271
3,1600,"[0.37905096756128864, 0.6615508515717838]","[0.20033155121842627, 0.8577591891930944]","[0.5775412757309153, 0.4432718968116932]","[0.00015624283527585034, 0.0004854208980059157]","[0.00015627798039674623, 0.0004854433255421231]","[0.3969806163392533, -0.43655790952018125]",0.1487780356056395
3,1601,"[0.3790506550756181, 0.6615498807299878]","[0.20033155121842627, 0.8577591891930944]","[0.577540960180859, 0.4432709239111891]","[0.0001556236604774622, 0.00048348309908175093]","[0.00015565852494997534, 0.00048350534762442443]","[0.3969806102104818, -0.43655791363759733]",0.1487783046006954
3,1602,"[0.3790503438282971, 0.6615489137637897]","[0.20033155121842627, 0.8577591891930944]","[0.5775406458935359, 0.4432699549026268]","[0.00015500691624670718, 0.0004815530205059928]","[0.00015504150231177016, 0.0004815750914838324]","[0.39698060413047764, -0.4365579177223258]",0.1487785725218903
3,1603,"[0.3790500338144646, 0.6615479506577486]","[0.20033155121842627, 0.8577591891930944]","[0.5775403328638907, 0.4432689897704356]","[0.00015439259322852977, 0.00047963063164182406]","[0.00015442690310968343, 0.0004796525264720297]","[0.3969805980988522, -0.43655792177462605]",0.14877883937350295
3,1604,"[0.37904972502927814, 0.6615469913964853]","[0.20033155121842627, 0.8577591891930944]","[0.5775400210868886, 0.4432680284991075]","[0.00015378068210232282, 0.00047771590197357106]","[0.00015381471800485214, 0.0004777376220619911]","[0.39698059211522096, -0.4365579257947556]",0.1487791051597949
3,1605,"[0.37904941746791393, 0.6615460359646814]","[0.20033155121842627, 0.8577591891930944]","[0.5775397105575146, 0.44326707107319646]","[0.00015317117358184284, 0.0004758088011058162]","[0.0001532049376940514, 0.0004758303478470949]","[0.3969805861792014, -0.4365579297829699]",0.14877936988501073
3,1606,"[0.3790491111255668, 0.6615450843470793]","[0.20033155121842627, 0.8577591891930944]","[0.5775394012707743, 0.443266117477318]","[0.00015256405841525047, 0.000473909298762302]","[0.0001525975529074186, 0.00047393067354012386]","[0.39698058029041505, -0.43655793373952256]",0.14877963355337845
3,1607,"[0.37904880599744994, 0.6615441365284818]","[0.20033155121842627, 0.8577591891930944]","[0.5775390932216931, 0.4432651676961493]","[0.00015195932738486484, 0.0004720173647863248]","[0.00015199255440973003, 0.00047203856897320984]","[0.3969805744484862, -0.4365579376646649]",0.14877989616910914
3,1608,"[0.3790485020787952, 0.6615431924937522]","[0.20033155121842627, 0.8577591891930944]","[0.5775387864053159, 0.44326422171442903]","[0.00015135697130674758, 0.0004701329691397447]","[0.0001513899330006785, 0.00047015400409722297]","[0.3969805686530413, -0.43655794155864625]",0.14878015773639702
3,1609,"[0.37904819936485257, 0.6615422522278138]","[0.20033155121842627, 0.8577591891930944]","[0.5775384808167081, 0.4432632795169568]","[0.00015075698103109335, 0.0004682560819029203]","[0.00015078967951259736, 0.0004682769489815497]","[0.3969805629037111, -0.436557945421714]",0.14878041825941993
3,1610,"[0.3790478978508905, 0.66154131571565]","[0.20033155121842627, 0.8577591891930944]","[0.5775381764509546, 0.4432623410885931]","[0.00015015934744202583, 0.0004663866732739094]","[0.0001501917848130141, 0.00046640737381375974]","[0.39698055720012826, -0.43655794925411384]",0.14878067774233888
3,1611,"[0.37904759753219563, 0.6615403829423034]","[0.20033155121842627, 0.8577591891930944]","[0.57753787330316, 0.44326140641425893]","[0.00014956406145718389, 0.00046452471356825864]","[0.00014959623980287384, 0.00046454524889832927]","[0.3969805515419287, -0.436557953056089]",0.14878093618929847
3,1612,"[0.3790472984040727, 0.6615394538928763]","[0.20033155121842627, 0.8577591891930944]","[0.5775375713684482, 0.4432604754789356]","[0.00014897111402773077, 0.00046267017321808716]","[0.00014900303541692805, 0.00046269054465708503]","[0.396980545928751, -0.43655795682788134]",0.14878119360442685
3,1613,"[0.37904700046184464, 0.6615385285525298]","[0.20033155121842627, 0.8577591891930944]","[0.5775372706419633, 0.4432595482676646]","[0.00014838049613872284, 0.00046082302277232007]","[0.00014841216262323487, 0.0004608432316283162]","[0.3969805403602372, -0.4365579605697304]",0.1487814499918358
3,1614,"[0.37904670370085236, 0.6615376069064842]","[0.20033155121842627, 0.8577591891930944]","[0.5775369711188683, 0.4432586247655472]","[0.0001477921988080911, 0.0004589832328956864]","[0.0001478236124235477, 0.0004590032804663302]","[0.3969805348360318, -0.436557964281874]",0.1487817053556208
3,1615,"[0.37904640811645474, 0.6615366889400184]","[0.20033155121842627, 0.8577591891930944]","[0.5775366727943458, 0.4432577049577444]","[0.00014720621308729053, 0.00045715077436867435]","[0.00014723737585292662, 0.0004571706619412308]","[0.3969805293557822, -0.43655796796454793]",0.14878195969986097
3,1616,"[0.3790461137040286, 0.6615357746384697]","[0.20033155121842627, 0.8577591891930944]","[0.5775363756635978, 0.44325678882947656]","[0.00014662253006080035, 0.00045532561808686735]","[0.00014665344397990498, 0.0004553453469383073]","[0.3969805239191385, -0.43655797161798626]",0.14878221302861924
3,1617,"[0.37904582045896845, 0.6615348639872335]","[0.20033155121842627, 0.8577591891930944]","[0.5775360797218454, 0.4432558763660229]","[0.0001460411408461495, 0.00045350773506018115]","[0.0001460718079058232, 0.0004535273064573131]","[0.3969805185257539, -0.4365579752424211]",0.1487824653459427
3,1618,"[0.37904552837668676, 0.6615339569717633]","[0.20033155121842627, 0.8577591891930944]","[0.5775357849643288, 0.4432549675527218]","[0.00014546203659386464, 0.00045169709641293507]","[0.00014549245876532835, 0.00045171651161263204]","[0.39698051317528404, -0.436557978838083]",0.14878271665586196
3,1619,"[0.3790452374526136, 0.6615330535775705]","[0.20033155121842627, 0.8577591891930944]","[0.5775354913863072, 0.4432540623749705]","[0.0001448852084871407, 0.0004498936733836513]","[0.0001449153877260967, 0.0004499129336323904]","[0.39698050786738726, -0.43655798240520005]",0.14878296696239174
3,1620,"[0.3790449476821966, 0.6615321537902238]","[0.20033155121842627, 0.8577591891930944]","[0.5775351989830589, 0.4432531608182242]","[0.00014431064774191743, 0.0004480974373235382]","[0.00014434058598844501, 0.0004481165438581791]","[0.3969805026017247, -0.4365579859439992]",0.14878321626953092
3,1621,"[0.3790446590609011, 0.6615312575953491]","[0.20033155121842627, 0.8577591891930944]","[0.5775349077498813, 0.44325226286799657]","[0.00014373834560674773, 0.0004463083596968583]","[0.0001437680447854417, 0.0004463273137442214]","[0.39698049737796026, -0.43655798945470514]",0.14878346458126251
3,1622,"[0.3790443715842099, 0.6615303649786297]","[0.20033155121842627, 0.8577591891930944]","[0.5775346176820904, 0.44325136850985924]","[0.00014316829336278312, 0.00044452641208052123]","[0.0001431977553824071, 0.00044454521485759457]","[0.3969804921957609, -0.43655799293754094]",0.1487837119015537
3,1623,"[0.3790440852476232, 0.6615294759258056]","[0.20033155121842627, 0.8577591891930944]","[0.577534328775021, 0.4432504777294416]","[0.00014260048232322866, 0.00044275156616348536]","[0.0001426297090777462, 0.00044277021887761947]","[0.3969804870547956, -0.43655799639272796]",0.1487839582343558
3,1624,"[0.37904380004665855, 0.6615285904226732]","[0.20033155121842627, 0.8577591891930944]","[0.5775340410240266, 0.4432495905124303]","[0.00014203490383387756, 0.00044098379374596646]","[0.00014206389720206047, 0.00044100229759497234]","[0.3969804819547361, -0.4365579998204858]",0.14878420358360456
3,1625,"[0.3790435159768509, 0.6615277084550857]","[0.20033155121842627, 0.8577591891930944]","[0.5775337544244793, 0.4432487068445696]","[0.00014147154927230467, 0.00043922306673967735]","[0.00014150031111803685, 0.0004392414229116848]","[0.39698047689525684, -0.4365580032210322]",0.14878444795321993
3,1626,"[0.3790432330337523, 0.6615268300089522]","[0.20033155121842627, 0.8577591891930944]","[0.5775334689717699, 0.4432478267116606]","[0.00014091041004850888, 0.00043746935716697195]","[0.00014093894222033665, 0.00043748756684058865]","[0.39698047187603525, -0.4365580065945832]",0.14878469134710656
3,1627,"[0.37904295121293224, 0.6615259550702378]","[0.20033155121842627, 0.8577591891930944]","[0.5775331846613074, 0.4432469500995612]","[0.00014035147760424309, 0.0004357226371603353]","[0.00014037978193659484, 0.0004357407015048165]","[0.3969804668967504, -0.4365580099413532]",0.14878493376915336
3,1628,"[0.37904267050997703, 0.6615250836249635]","[0.20033155121842627, 0.8577591891930944]","[0.5775329014885194, 0.4432460769941861]","[0.00013979474341304423, 0.0004339828789624207]","[0.00013982282172519955, 0.0004340007991377459]","[0.3969804619570848, -0.43655801326155486]",0.14878517522323387
3,1629,"[0.3790423909204902, 0.6615242156592056]","[0.20033155121842627, 0.8577591891930944]","[0.5775326194488517, 0.4432452073815061]","[0.00013924019898005718, 0.000432250054924899]","[0.00013926805307712398, 0.0004322678320816675]","[0.396980457056723, -0.43655801655539905]",0.14878541571320628
3,1630,"[0.3790421124400922, 0.6615233511590958]","[0.20033155121842627, 0.8577591891930944]","[0.5775323385377684, 0.4432443412475482]","[0.00013868783584231726, 0.00043052413750876756]","[0.0001387154675147606, 0.00043054177278850636]","[0.3969804521953524, -0.43655801982309517]",0.14878565524291343
3,1631,"[0.3790418350644205, 0.6615224901108208]","[0.20033155121842627, 0.8577591891930944]","[0.5775320587507518, 0.44324347857839536]","[0.00013813764556820434, 0.00042880509928343893]","[0.0001381650565922543, 0.00042882259381854526]","[0.39698044737266247, -0.4365580230648508]",0.1487858938161829
3,1632,"[0.3790415587891294, 0.6615216325006222]","[0.20033155121842627, 0.8577591891930944]","[0.5775317800833022, 0.4432426193601863]","[0.00013758961975753785, 0.0004270929129267773]","[0.00013761681189511377, 0.00042711026784053585]","[0.39698044258834564, -0.4365580262808719]",0.14878613143682706
3,1633,"[0.37904128360988987, 0.6615207783147964]","[0.20033155121842627, 0.8577591891930944]","[0.5775315025309382, 0.443241763579115]","[0.00013704375004133104, 0.0004253875512238413]","[0.00013707072504015594, 0.0004254047676305883]","[0.3969804378420967, -0.4365580294713628]",0.1487863681086432
3,1634,"[0.3790410095223898, 0.6615199275396939]","[0.20033155121842627, 0.8577591891930944]","[0.5775312260891958, 0.44324091122143083]","[0.00013650002808167266, 0.00042368898706755283]","[0.0001365267876761167, 0.00042370606607267103]","[0.3969804331336121, -0.43655803263652615]",0.14878660383541334
3,1635,"[0.3790407365223336, 0.6615190801617198]","[0.20033155121842627, 0.8577591891930944]","[0.5775309507536295, 0.4432400622734382]","[0.00013595844557207591, 0.00042199719345756303]","[0.00013598499148209653, 0.0004220141361577223]","[0.39698042846259174, -0.43655803577656316]",0.1487868386209047
3,1636,"[0.37904046460544244, 0.6615182361673329]","[0.20033155121842627, 0.8577591891930944]","[0.5775306765198112, 0.44323921672149613]","[0.00013541899423658705, 0.00042031214349983565]","[0.0001354453281686152, 0.0004203289509830954]","[0.39698042382873744, -0.43655803889167344]",0.14878707246886946
3,1637,"[0.37904019376745396, 0.6615173955430459]","[0.20033155121842627, 0.8577591891930944]","[0.5775304033833307, 0.44323837455201853]","[0.00013488166583053567, 0.000418633810406893]","[0.00013490778947716775, 0.0004186504837523364]","[0.39698041923175353, -0.4365580419820547]",0.1487873053830448
3,1638,"[0.3790399240041223, 0.6615165582754251]","[0.20033155121842627, 0.8577591891930944]","[0.5775301313397955, 0.4432375357514734]","[0.00013434645213972958, 0.000416962167496359]","[0.0001343723671802799, 0.00041697870777457346]","[0.39698041467134637, -0.4365580450479034]",0.14878753736715314
3,1639,"[0.379039655311218, 0.6615157243510901]","[0.20033155121842627, 0.8577591891930944]","[0.5775298603848306, 0.44323670030638296]","[0.00013381334498071718, 0.0004152971881913005]","[0.000133839053080953, 0.0004153135964642396]","[0.39698041014722507, -0.43655804808941423]",0.1487877684249022
3,1640,"[0.37903938768452805, 0.6615148937567137]","[0.20033155121842627, 0.8577591891930944]","[0.5775295905140785, 0.4432358682033234]","[0.00013328233620038324, 0.0004136388460198587]","[0.0001333078390127751, 0.00041365512334118337]","[0.39698040565910087, -0.4365580511067806]",0.14878799855998476
3,1641,"[0.37903912111985566, 0.6615140664790217]","[0.20033155121842627, 0.8577591891930944]","[0.5775293217231992, 0.4432350394289246]","[0.00013275341767634072, 0.0004119871146144962]","[0.00013277871684047593, 0.0004120032620293368]","[0.396980401206687, -0.4365580541001941]",0.14878822777607903
3,1642,"[0.3790388556130203, 0.6615132425047925]","[0.20033155121842627, 0.8577591891930944]","[0.5775290540078699, 0.44323421396986995]","[0.00013222658131636415, 0.000410341967711548]","[0.0001322516784587613, 0.0004103579862568263]","[0.3969803967896992, -0.4365580570698451]",0.1487884560768486
3,1643,"[0.37903859115985766, 0.661512421820857]","[0.20033155121842627, 0.8577591891930944]","[0.5775287873637855, 0.443233391812896]","[0.00013170181905863823, 0.00040870337915097527]","[0.00013172671579259054, 0.00040871926985514007]","[0.39698039240785576, -0.436558060015922]",0.14878868346594254
3,1644,"[0.37903832775621954, 0.6615116044140987]","[0.20033155121842627, 0.8577591891930944]","[0.5775285217866583, 0.4432325729447926]","[0.00013117912287137132, 0.0004070713228763181]","[0.00013120382079684356, 0.0004070870867597387]","[0.39698038806087743, -0.4365580629386122]",0.14878890994699545
3,1645,"[0.3790380653979738, 0.661510790271453]","[0.20033155121842627, 0.8577591891930944]","[0.5775282572722169, 0.4432317573524023]","[0.0001306584847525825, 0.00040544577293357884]","[0.00013068298545743096, 0.00040546141100855637]","[0.3969803837484862, -0.4365580658381014]",0.14878913552362738
3,1646,"[0.3790378040810043, 0.6615099793799071]","[0.20033155121842627, 0.8577591891930944]","[0.5775279938162079, 0.4432309450226202]","[0.00013013989673060832, 0.00040382670347120623]","[0.0001301642017895177, 0.0004038422167417788]","[0.3969803794704072, -0.4365580687145737]",0.14878936019944414
3,1647,"[0.37903754380121085, 0.6615091717265001]","[0.20033155121842627, 0.8577591891930944]","[0.5775277314143943, 0.44323013594239424]","[0.00012962335086326383, 0.0004022140887400382]","[0.00012964746183896647, 0.00040222947820223176]","[0.39698037522636687, -0.4365580715682118]",0.14878958397803693
3,1648,"[0.37903728455450914, 0.6615083672983226]","[0.20033155121842627, 0.8577591891930944]","[0.5775274700625566, 0.44322933009872406]","[0.0001291088392382872, 0.0004006079030919764]","[0.00012913275768033916, 0.0004006231697339935]","[0.39698037101609485, -0.43655807439919714]",0.1487898068629831
3,1649,"[0.3790370263368307, 0.6615075660825165]","[0.20033155121842627, 0.8577591891930944]","[0.5775272097564919, 0.4432285274786617]","[0.0001285963539728673, 0.00039900812098078606]","[0.00012862008141867332, 0.00039902326578289404]","[0.39698036683932236, -0.43655807720770956]",0.14879002885784542
3,1650,"[0.3790367691441227, 0.6615067680662745]","[0.20033155121842627, 0.8577591891930944]","[0.577526950492014, 0.44322772806931077]","[0.00012808588721358196, 0.0003974147169604629]","[0.00012810942518859392, 0.0003974297408950722]","[0.3969803626957825, -0.4365580799939275]",0.14879024996617268
3,1651,"[0.3790365129723483, 0.6615059732368406]","[0.20033155121842627, 0.8577591891930944]","[0.5775266922649538, 0.4432269318578266]","[0.00012757743113695952, 0.0003958276656857819]","[0.00012760078115420237, 0.00039584256971764153]","[0.39698035858521097, -0.436558082758028]",0.1487904701914995
3,1652,"[0.379036257817486, 0.6615051815815092]","[0.20033155121842627, 0.8577591891930944]","[0.5775264350711589, 0.44322613883141593]","[0.00012707097794820195, 0.00039424694191152204]","[0.00012709414150835485, 0.0003942617269974691]","[0.3969803545073457, -0.4365580855001865]",0.14879068953734653
3,1653,"[0.37903600367553014, 0.6615043930876253]","[0.20033155121842627, 0.8577591891930944]","[0.5775261789064932, 0.4432253489773366]","[0.00012656651988212755, 0.00039267252049217545]","[0.00012658949847427214, 0.0003926871875816196]","[0.39698035046192603, -0.4365580882205774]",0.1487909080072203
3,1654,"[0.3790357505424904, 0.6615036077425843]","[0.20033155121842627, 0.8577591891930944]","[0.5775259237668373, 0.4432245622828975]","[0.00012606404920246966, 0.00039110437638141944]","[0.00012608684430376327, 0.0003911189264161896]","[0.39698034644869384, -0.4365580909193736]",0.14879112560461355
3,1655,"[0.379035498414392, 0.6615028255338316]","[0.20033155121842627, 0.8577591891930944]","[0.5775256696480885, 0.4432237787354584]","[0.00012556355820196222, 0.00038954248463189694]","[0.0001255861712777251, 0.00038955691854614116]","[0.396980342467393, -0.43655809359674635]",0.148791342333005
3,1656,"[0.3790352472872756, 0.6615020464488622]","[0.20033155121842627, 0.8577591891930944]","[0.5775254165461603, 0.4432229983224293]","[0.00012506503920240225, 0.0003879868203945444]","[0.00012508747170625334, 0.0003880011391150795]","[0.39698033851776937, -0.4365580962528659]",0.14879155819585965
3,1657,"[0.3790349971571972, 0.6615012704752214]","[0.20033155121842627, 0.8577591891930944]","[0.5775251644569827, 0.44322222103127096]","[0.00012456848455410689, 0.0003864373589188771]","[0.00012459073792797648, 0.0003864515633650867]","[0.39698033459957094, -0.436558098887901]",0.1487917731966287
3,1658,"[0.3790347480202281, 0.6615004976005036]","[0.20033155121842627, 0.8577591891930944]","[0.5775249133765019, 0.44322144684949416]","[0.00012407388663637013, 0.00038489407555155735]","[0.00012409596231066633, 0.0003849081666353338]","[0.3969803307125477, -0.4365581015020188]",0.1487919873387496
3,1659,"[0.3790344998724548, 0.6614997278123524]","[0.20033155121842627, 0.8577591891930944]","[0.5775246633006805, 0.4432206757646596]","[0.0001235812378569928, 0.0003833569457370928]","[0.00012360313725073846, 0.0003833709243633021]","[0.39698032685645146, -0.43655810409538565]",0.1487922006256461
3,1660,"[0.3790342527099791, 0.661498961098461]","[0.20033155121842627, 0.8577591891930944]","[0.5775244142254972, 0.4432199077643778]","[0.0001230905306521884, 0.0003818259450166905]","[0.00012311225517308566, 0.00038183981208289586]","[0.39698032303103614, -0.4365581066681663]",0.14879241306072855
3,1661,"[0.3790340065289178, 0.6614981974465709]","[0.20033155121842627, 0.8577591891930944]","[0.5775241661469466, 0.4432191428363088]","[0.00012260175748666087, 0.00038030104902823166]","[0.00012262330853118897, 0.00038031480542488616]","[0.3969803192360576, -0.4365581092205242]",0.14879262464739348
3,1662,"[0.3790337613254028, 0.6614974368444728]","[0.20033155121842627, 0.8577591891930944]","[0.5775239190610395, 0.44321838096816213]","[0.0001221149108532679, 0.0003787822335058759]","[0.00012213628980689561, 0.0003787958801161895]","[0.39698031547127344, -0.4365581117526214]",0.14879283538902396
3,1663,"[0.3790335170955811, 0.6614966792800058]","[0.20033155121842627, 0.8577591891930944]","[0.5775236729638029, 0.4432176221476964]","[0.00012162998327345422, 0.00037726947427960366]","[0.00012165119151030801, 0.00037728301197975656]","[0.39698031173644366, -0.43655811426461877]",0.14879304528898987
3,1664,"[0.3790332738356145, 0.6614959247410572]","[0.20033155121842627, 0.8577591891930944]","[0.5775234278512793, 0.44321686636271923]","[0.00012114696729636186, 0.00037576274727488626]","[0.00012116800617989476, 0.00037577617693418386]","[0.39698030803132955, -0.436558116756676]",0.14879325435064733
3,1665,"[0.37903303154167994, 0.6614951732155627]","[0.20033155121842627, 0.8577591891930944]","[0.5775231837195275, 0.44321611360108704]","[0.00012066585549939792, 0.00037426202851224995]","[0.00012068672638176903, 0.0003742753509929919]","[0.3969803043556951, -0.4365581192289514]",0.14879346257733944
3,1666,"[0.37903279020996894, 0.6614944246915057]","[0.20033155121842627, 0.8577591891930944]","[0.5775229405646216, 0.4432153638507047]","[0.00012018664048758105, 0.0003727672941067822]","[0.00012020734471052119, 0.0003727805102643478]","[0.39698030070930534, -0.4365581216816019]",0.14879366997239576
3,1667,"[0.37903254983668794, 0.6614936791569175]","[0.20033155121842627, 0.8577591891930944]","[0.5775226983826518, 0.44321461709952575]","[0.00011970931489406594, 0.00037127852026844676]","[0.00011972985378838619, 0.00037129163095139806]","[0.3969802970919277, -0.43655812411478345]",0.14879387653913273
3,1668,"[0.3790323104180581, 0.661492936599877]","[0.20033155121842627, 0.8577591891930944]","[0.577522457169724, 0.4432138733355516]","[0.00011923387137956658, 0.0003697956833005845]","[0.0001192542462652435, 0.00036980868935082567]","[0.39698029350333164, -0.43655812652865067]",0.14879408228085367
3,1669,"[0.37903207195031535, 0.6614921970085104]","[0.20033155121842627, 0.8577591891930944]","[0.5775222169219593, 0.4432131325468319]","[0.00011876030263239592, 0.0003683187596005749]","[0.00011878051481911678, 0.0003683316618532384]","[0.3969802899432878, -0.4365581289233569]",0.1487942872008487
3,1670,"[0.3790318344297101, 0.6614914603709912]","[0.20033155121842627, 0.8577591891930944]","[0.5775219776354945, 0.4432123947214641]","[0.00011828860136847771, 0.0003668477256588534]","[0.00011830865215572972, 0.0003668605249422807]","[0.3969802864115688, -0.4365581312990541]",0.1487944913023947
3,1671,"[0.3790315978525074, 0.6614907266755399]","[0.20033155121842627, 0.8577591891930944]","[0.5775217393064821, 0.4432116598475932]","[0.00011781876033120635, 0.0003653825580589907]","[0.00011783865100778446, 0.00036539525519507787]","[0.3969802829079494, -0.43655813365589335]",0.14879469458875572
3,1672,"[0.37903136221498673, 0.6614899959104238]","[0.20033155121842627, 0.8577591891930944]","[0.5775215019310898, 0.44321092791341155]","[0.00011735077229099673, 0.00036392323347680835]","[0.00011737050413546113, 0.0003639358292809036]","[0.39698027943220604, -0.4365581359940245]",0.14879489706318288
3,1673,"[0.37903112751344215, 0.6614892680639568]","[0.20033155121842627, 0.8577591891930944]","[0.5775212655055006, 0.44321019890715896]","[0.00011688463004582949, 0.00036246972868039286]","[0.0001169042043264179, 0.0003624822239610137]","[0.396980275984117, -0.4365581383135957]",0.14879509872891417
3,1674,"[0.37903089374418203, 0.6614885431244995]","[0.20033155121842627, 0.8577591891930944]","[0.577521030025913, 0.44320947281712214]","[0.00011642032642068551, 0.00036102202052979435]","[0.00011643974439567994, 0.0003610344160893675]","[0.396980272563462, -0.4365581406147546]",0.1487952995891748
3,1675,"[0.3790306609035292, 0.6614878210804583]","[0.20033155121842627, 0.8577591891930944]","[0.5775207954885406, 0.44320874963163465]","[0.00011595785426772183, 0.0003595800859762228]","[0.00011597711718530634, 0.00035959238261062954]","[0.3969802691700228, -0.4365581428976474]",0.14879549964717725
3,1676,"[0.3790304289878207, 0.6614871019202864]","[0.20033155121842627, 0.8577591891930944]","[0.5775205618896121, 0.4432080293390769]","[0.00011549720646580755, 0.00035814390206235103]","[0.0001155163155642791, 0.00035815610056111336]","[0.3969802658035828, -0.436558145162419]",0.1487956989061211
3,1677,"[0.37903019799340776, 0.6614863856324823]","[0.20033155121842627, 0.8577591891930944]","[0.5775203292253713, 0.44320731192787566]","[0.00011503837592080633, 0.00035671344592152706]","[0.00011505733242850313, 0.00035672554706783766]","[0.39698026246392715, -0.4365581474092133]",0.1487958973691931
3,1678,"[0.37902996791665594, 0.6614856722055904]","[0.20033155121842627, 0.8577591891930944]","[0.5775200974920773, 0.44320659738650386]","[0.00011458135556549153, 0.0003552886947769763]","[0.00011460016070080625, 0.00035530069934786024]","[0.3969802591508428, -0.4365581496381731]",0.1487960950395677
3,1679,"[0.3790297387539448, 0.6614849616282008]","[0.20033155121842627, 0.8577591891930944]","[0.5775198666860039, 0.44320588570348085]","[0.00011412613835885165, 0.00035386962594261375]","[0.00011414479333071714, 0.0003538815347088331]","[0.3969802558641181, -0.4365581518494399]",0.1487962919204063
3,1680,"[0.3790295105016681, 0.6614842538889489]","[0.20033155121842627, 0.8577591891930944]","[0.5775196368034399, 0.4432051768673718]","[0.0001136727172869742, 0.0003524562168218331]","[0.00011369122329446535, 0.00035246803054800324]","[0.3969802526035435, -0.43655815404315423]",0.14879648801485804
3,1681,"[0.3790292831562335, 0.6614835489765153]","[0.20033155121842627, 0.8577591891930944]","[0.577519407840689, 0.4432044708667876]","[0.00011322108536195044, 0.0003510484449071263]","[0.0001132394435945927, 0.00035106016435171306]","[0.39698024936891096, -0.4365581562194554]",0.1487966833260594
3,1682,"[0.3790290567140628, 0.6614828468796254]","[0.20033155121842627, 0.8577591891930944]","[0.5775191797940697, 0.44320376769038455]","[0.0001127712356226158, 0.0003496462877802137]","[0.00011278944726045292, 0.0003496579136957889]","[0.3969802461600139, -0.4365581583784818]",0.14879687785713433
3,1683,"[0.37902883117159153, 0.6614821475870499]","[0.20033155121842627, 0.8577591891930944]","[0.5775189526599153, 0.44320306732686476]","[0.00011232316113399444, 0.0003482497231116092]","[0.00011234122734776752, 0.00034826125624448645]","[0.39698024297664747, -0.43655816052037033]",0.1487970716111945
3,1684,"[0.37902860652526926, 0.6614814510876037]","[0.20033155121842627, 0.8577591891930944]","[0.5775187264345736, 0.443202369764975]","[0.00011187685498727778, 0.00034685872865946183]","[0.00011189477693818173, 0.00034687016975032403]","[0.39698023981860864, -0.4365581626452574]",0.14879726459133916
3,1685,"[0.3790283827715593, 0.6614807573701463]","[0.20033155121842627, 0.8577591891930944]","[0.5775185011144073, 0.44320167499350743]","[0.00011143231029971371, 0.00034547328227053865]","[0.00011145008913970855, 0.00034548463205397173]","[0.39698023668569593, -0.4365581647532778]",0.1487974568006552
3,1686,"[0.3790281599069387, 0.6614800664235818]","[0.20033155121842627, 0.8577591891930944]","[0.5775182766957931, 0.4432009830012991]","[0.00011098952021461594, 0.00034409336187915816]","[0.00011100715708695086, 0.00034410462108380724]","[0.39698023357770884, -0.4365581668445654]",0.14879764824221714
3,1687,"[0.3790279379278983, 0.6614793782368581]","[0.20033155121842627, 0.8577591891930944]","[0.5775180531751232, 0.44320029377723147]","[0.00011054847790124375, 0.00034271894550643204]","[0.00011056597393926948, 0.00034273011485541627]","[0.39698023049444975, -0.43655816891925325]",0.14879783891908752
3,1688,"[0.3790277168309425, 0.6614786927989671]","[0.20033155121842627, 0.8577591891930944]","[0.5775178305488033, 0.44319960731023067]","[0.00011010917655460037, 0.00034135001126082303]","[0.00011012653288289265, 0.00034136109147103744]","[0.3969802274357217, -0.43655817097747285]",0.14879802883431642
3,1689,"[0.3790274966125894, 0.6614780100989446]","[0.20033155121842627, 0.8577591891930944]","[0.577517608813254, 0.44319892358926705]","[0.000109671609395564, 0.0003399865373371235]","[0.0001096888271299723, 0.00033999752912000636]","[0.3969802244013292, -0.43655817301935507]",0.14879821799094195
3,1690,"[0.3790272772693706, 0.66147733012587]","[0.20033155121842627, 0.8577591891930944]","[0.57751738796491, 0.44319824260335505]","[0.00010923576967050733, 0.00033862850201656184]","[0.00010925284991758488, 0.000338639406078034]","[0.3969802213910789, -0.4365581750450298]",0.14879840639199018
3,1691,"[0.3790270587978312, 0.6614766528688659]","[0.20033155121842627, 0.8577591891930944]","[0.5775171680002205, 0.44319756434155316]","[0.00010880165065140603, 0.0003372758836660364]","[0.00010881859450923015, 0.00033728670070609645]","[0.3969802184047785, -0.4365581770546255]",0.14879859404047496
3,1692,"[0.3790268411945299, 0.6614759783170986]","[0.20033155121842627, 0.8577591891930944]","[0.5775169489156486, 0.4431968887929636]","[0.00010836924563586445, 0.00033592866073823646]","[0.00010838605419349889, 0.00033593939145148966]","[0.3969802154422375, -0.43655817904827]",0.14879878093939836
3,1693,"[0.37902662445603863, 0.6614753064597771]","[0.20033155121842627, 0.8577591891930944]","[0.5775167307076721, 0.44319621594673225]","[0.00010793854794668677, 0.00033458681177100014]","[0.00010795522228451704, 0.0003345974568463861]","[0.39698021250326687, -0.4365581810260898]",0.1487989670917504
3,1694,"[0.37902640857894276, 0.6614746372861536]","[0.20033155121842627, 0.8577591891930944]","[0.5775165133727823, 0.44319554579204834]","[0.00010750955093201205, 0.00033325031538708553]","[0.0001075260921217791, 0.00033326087550811234]","[0.3969802095876791, -0.4365581829882106]",0.14879915250050907
3,1695,"[0.3790261935598409, 0.6614739707855228]","[0.20033155121842627, 0.8577591891930944]","[0.5775162969074848, 0.4431948783181443]","[0.00010708224796497837, 0.0003319191502935441]","[0.0001070986570701482, 0.00033192962613831645]","[0.3969802066952879, -0.43655818493475707]",0.14879933716864086
3,1696,"[0.379025979395345, 0.6614733069472223]","[0.20033155121842627, 0.8577591891930944]","[0.5775160813082993, 0.4431942135142959]","[0.00010665663244419633, 0.00033059329528235126]","[0.0001066729105195785, 0.00033060368752341196]","[0.3969802038259087, -0.4365581868658528]",0.1487995210991
3,1697,"[0.3790257660820801, 0.6614726457606317]","[0.20033155121842627, 0.8577591891930944]","[0.5775158665717595, 0.44319355136982147]","[0.00010623269779317424, 0.0003292727292285012]","[0.00010624884588483763, 0.00032928303853307916]","[0.3969802009793587, -0.43655818878162045]",0.14879970429482947
3,1698,"[0.3790255536166845, 0.6614719872151732]","[0.20033155121842627, 0.8577591891930944]","[0.5775156526944125, 0.44319289187408234]","[0.00010581043746003702, 0.0003279574310912804]","[0.00010582645660600631, 0.00032796765812126427]","[0.39698019815545604, -0.4365581906821817]",0.14879988675876016
3,1699,"[0.37902534199580956, 0.661471331300311]","[0.20033155121842627, 0.8577591891930944]","[0.5775154396728199, 0.4431922350164823]","[0.00010538984491816514, 0.00032664737991292355]","[0.00010540573614792326, 0.0003266575253249582]","[0.39698019535402074, -0.4365581925676574]",0.14880006849381142
3,1700,"[0.37902513121611975, 0.6614706780055511]","[0.20033155121842627, 0.8577591891930944]","[0.5775152275035565, 0.4431915807864676]","[0.00010497091366540018, 0.0003253425548185603]","[0.00010498667800068473, 0.0003253526192640299]","[0.3969801925748736, -0.4365581944381671]",0.14880024950289106
3,1701,"[0.37902492127429244, 0.6614700273204415]","[0.20033155121842627, 0.8577591891930944]","[0.5775150161832112, 0.44319092917352654]","[0.00010455363722455847, 0.00032404293501600063]","[0.00010456927567853436, 0.00032405291914111567]","[0.39698018981783756, -0.43655819629382986]",0.14880042978889513
3,1702,"[0.379024712167018, 0.6614693792345714]","[0.20033155121842627, 0.8577591891930944]","[0.5775148057083863, 0.44319028016718964]","[0.00010413800914263206, 0.00032274849979532235]","[0.00010415352272047373, 0.00032275840424123015]","[0.39698018708273664, -0.4365581981347635]",0.14880060935470846
3,1703,"[0.37902450389099973, 0.6614687337375718]","[0.20033155121842627, 0.8577591891930944]","[0.5775145960756978, 0.44318963375702936]","[0.00010372402299135528, 0.0003214592285286578]","[0.00010373941269042897, 0.000321469053931156]","[0.3969801843693961, -0.4365581999610848]",0.14880078820320408
3,1704,"[0.37902429644295377, 0.6614680908191147]","[0.20033155121842627, 0.8577591891930944]","[0.5775143872817752, 0.4431889899326598]","[0.00010331167236680453, 0.0003201751006697471]","[0.000103326939176418, 0.0003201848476596103]","[0.3969801816776428, -0.4365582017729098]",0.1488009663372437
3,1705,"[0.37902408981960906, 0.6614674504689134]","[0.20033155121842627, 0.8577591891930944]","[0.5775141793232617, 0.4431883486837365]","[0.00010290095088953773, 0.00031889609575342905]","[0.00010291609579088368, 0.0003189057649565785]","[0.3969801790073052, -0.4365582035703538]",0.14880114375967776
3,1706,"[0.37902388401770726, 0.6614668126767219]","[0.20033155121842627, 0.8577591891930944]","[0.5775139721968137, 0.4431877099999565]","[0.00010249185220387799, 0.00031762219339565294]","[0.0001025068761704162, 0.0003176317854329258]","[0.3969801763582128, -0.43655820535353085]",0.14880132047334532
3,1707,"[0.37902367903400286, 0.6614661774323352]","[0.20033155121842627, 0.8577591891930944]","[0.577513765899101, 0.44318707387105805]","[0.00010208436997877228, 0.0003163533732931411]","[0.00010209927397653029, 0.0003163628887803971]","[0.39698017373019623, -0.4365582071225542]",0.14880149648107396
3,1708,"[0.3790234748652629, 0.6614655447255886]","[0.20033155121842627, 0.8577591891930944]","[0.5775135604268069, 0.44318644028682047]","[0.00010167849790704587, 0.0003150896152229654]","[0.00010169328289399981, 0.00031509905477117295]","[0.39698017112308803, -0.43655820887753627]",0.1488016717856802
3,1709,"[0.3790232715082671, 0.6614649145463581]","[0.20033155121842627, 0.8577591891930944]","[0.5775133557766281, 0.44318580923706385]","[0.00010127422970545327, 0.00031383089904200054]","[0.00010128889663180152, 0.0003138402632573145]","[0.396980168536722, -0.43655821061858857]",0.1488018463899693
3,1710,"[0.3790230689598077, 0.66146428688456]","[0.20033155121842627, 0.8577591891930944]","[0.5775131519452743, 0.4431851807116493]","[0.00010087155911469712, 0.0003125772046872569]","[0.00010088610892294847, 0.00031258649417076345]","[0.3969801659709332, -0.4365582123458215]",0.14880202029673548
3,1711,"[0.3790228672166895, 0.6614636617301507]","[0.20033155121842627, 0.8577591891930944]","[0.5775129489294683, 0.44318455470047824]","[0.00010047047989909914, 0.00031132851217489823]","[0.0001004849135246566, 0.00031133772752311994]","[0.39698016342555753, -0.4365582140593449]",0.14880219350876153
3,1712,"[0.37902266627572967, 0.6614630390731263]","[0.20033155121842627, 0.8577591891930944]","[0.577512746725946, 0.44318393119349253]","[0.00010007098584674514, 0.0003100848016002772]","[0.00010008530421740103, 0.0003100939434047545]","[0.39698016090043264, -0.43655821575926756]",0.1488023660288194
3,1713,"[0.37902246613375795, 0.6614624189035231]","[0.20033155121842627, 0.8577591891930944]","[0.5775125453314567, 0.4431833101806743]","[9.967307076954123e-05, 0.00030884605313753993]","[9.968727480563766e-05, 0.0003088551219853075]","[0.39698015839539746, -0.43655821744569756]",0.14880253785966996
3,1714,"[0.3790222667876164, 0.6614618012114168]","[0.20033155121842627, 0.8577591891930944]","[0.5775123447427624, 0.4431826916520458]","[9.92767285027923e-05, 0.0003076122470394165]","[9.92908191175812e-05, 0.0003076212435128567]","[0.3969801559102919, -0.43655821911874204]",0.1488027090040631
3,1715,"[0.3790220682341594, 0.6614611859869227]","[0.20033155121842627, 0.8577591891930944]","[0.5775121449566383, 0.4431820755976692]","[9.88819529053383e-05, 0.0003063833636365596]","[9.889593100426142e-05, 0.0003063922883130843]","[0.39698015344495774, -0.43655822077850703]",0.1488028794647377
3,1716,"[0.3790218704702536, 0.6614605732201955]","[0.20033155121842627, 0.8577591891930944]","[0.5775119459698723, 0.44318146200764635]","[9.848873785933599e-05, 0.0003051593833379094]","[9.850260434091096e-05, 0.00030516823679066496]","[0.39698015099923745, -0.43655822242509823]",0.1488030492444219
3,1717,"[0.3790216734927779, 0.6614599629014288]","[0.20033155121842627, 0.8577591891930944]","[0.5775117477792653, 0.4431808508721188]","[9.809707727013118e-05, 0.0003039402866296876]","[9.81108330258551e-05, 0.00030394906942704525]","[0.3969801485729748, -0.4365582240586201]",0.14880321834583268
3,1718,"[0.37902147729862334, 0.6614593550208556]","[0.20033155121842627, 0.8577591891930944]","[0.577511550381631, 0.4431802421812674]","[9.770696506648048e-05, 0.0003027260540754484]","[9.772061098028972e-05, 0.00030273476678138733]","[0.3969801461660154, -0.43655822567917646]",0.14880338677167662
3,1719,"[0.3790212818846932, 0.6614587495687475]","[0.20033155121842627, 0.8577591891930944]","[0.5775113537737959, 0.4431796359253124]","[9.731839519989644e-05, 0.0003015166663155859]","[9.733193214894742e-05, 0.0003015253094895143]","[0.39698014377820545, -0.4365582272868702]",0.14880355452464922
3,1720,"[0.3790210872479028, 0.6614581465354149]","[0.20033155121842627, 0.8577591891930944]","[0.5775111579525989, 0.44317903209451315]","[9.6931361645288e-05, 0.0003003121040674147]","[9.694479050004201e-05, 0.00030032067826429865]","[0.3969801414093922, -0.4365582288818035]",0.14880372160743527
3,1721,"[0.3790208933851795, 0.6614575459112068]","[0.20033155121842627, 0.8577591891930944]","[0.577510962914892, 0.443178430679168]","[9.654585840060017e-05, 0.00029911234812435544]","[9.655918002399178e-05, 0.00029912085389455223]","[0.396980139059425, -0.4365582304640775]",0.14880388802270902
3,1722,"[0.37902070029346274, 0.6614569476865105]","[0.20033155121842627, 0.8577591891930944]","[0.5775107686575396, 0.4431778316696141]","[9.616187948632314e-05, 0.00029791737935619373]","[9.617509473458519e-05, 0.00029792581724591427]","[0.3969801367281537, -0.43655823203379285]",0.14880405377313405
3,1723,"[0.37902050796970377, 0.6614563518517518]","[0.20033155121842627, 0.8577591891930944]","[0.5775105751774186, 0.4431772350562272]","[9.577941894572526e-05, 0.0002967271787082022]","[9.579252866837029e-05, 0.0002967355492591306]","[0.39698013441542956, -0.43655823359104917]",0.14880421886136316
3,1724,"[0.37902031641086587, 0.6614557583973943]","[0.20033155121842627, 0.8577591891930944]","[0.5775103824714183, 0.44317664082942165]","[9.539847084499534e-05, 0.00029554172720128223]","[9.541147588482124e-05, 0.00029555003095083077]","[0.39698013212110483, -0.4365582351359454]",0.14880438329003876
3,1725,"[0.3790201256139242, 0.6614551673139399]","[0.20033155121842627, 0.8577591891930944]","[0.5775101905364408, 0.4431760489796501]","[9.501902927293795e-05, 0.00029436100593155]","[9.503193046583869e-05, 0.000294369243412973]","[0.3969801298450333, -0.43655823666857974]",0.1488045470617927
3,1726,"[0.3790199355758656, 0.661454578591928]","[0.20033155121842627, 0.8577591891930944]","[0.5775099993694004, 0.4431754594974033]","[9.464108834076743e-05, 0.0002931849960697492]","[9.465388651602735e-05, 0.0002931931678119004]","[0.3969801275870696, -0.4365582381890495]",0.1488047101792464
3,1727,"[0.37901974629368895, 0.6614539922219359]","[0.20033155121842627, 0.8577591891930944]","[0.5775098089672239, 0.44317487237321035]","[9.426464218239013e-05, 0.00029201367886168603]","[9.427733816241846e-05, 0.00029202178538911827]","[0.39698012534706995, -0.4365582396974511]",0.14880487264501074
3,1728,"[0.3790195577644046, 0.6614534081945782]","[0.20033155121842627, 0.8577591891930944]","[0.5775096193268501, 0.44317428759763794]","[9.388968495368039e-05, 0.00029084703562694974]","[9.390227955480279e-05, 0.0002908550774601837]","[0.39698012312489095, -0.43655824119388054]",0.14880503446168628
3,1729,"[0.3790193699850347, 0.661452826500507]","[0.20033155121842627, 0.8577591891930944]","[0.5775094304452304, 0.44317370516129057]","[9.351621083321467e-05, 0.00028968504775938903]","[9.35287048646205e-05, 0.00028969302541476116]","[0.39698012092039137, -0.4365582426784328]",0.14880519563186323
3,1730,"[0.37901918295261305, 0.6614522471304114]","[0.20033155121842627, 0.8577591891930944]","[0.577509242319328, 0.4431731250548103]","[9.31442140215581e-05, 0.00028852769672629207]","[9.315660828668193e-05, 0.00028853561071601197]","[0.39698011873342987, -0.43655824415120215]",0.14880535615812138
3,1731,"[0.37901899666418504, 0.6614516700750179]","[0.20033155121842627, 0.8577591891930944]","[0.5775090549461187, 0.44317254726887684]","[9.27736887414883e-05, 0.0002873749640689326]","[9.278598403689164e-05, 0.00028738281490114925]","[0.39698011656386734, -0.4365582456122822]",0.1488055160430304
3,1732,"[0.3790188111168076, 0.6614510953250898]","[0.20033155121842627, 0.8577591891930944]","[0.5775088683225902, 0.443171971794207]","[9.240462923798063e-05, 0.00028622683140132934]","[9.24168263539138e-05, 0.00028623461958010576]","[0.3969801144115652, -0.4365582470617657]",0.14880567528914967
3,1733,"[0.3790186263075491, 0.661450522871427]","[0.20033155121842627, 0.8577591891930944]","[0.5775086824457422, 0.44317139862155464]","[9.203702977764587e-05, 0.00028508328041026087]","[9.204912949822841e-05, 0.0002850910064356449]","[0.3969801122763861, -0.4365582484997448]",0.1488058338990284
3,1734,"[0.37901844223348957, 0.6614499527048662]","[0.20033155121842627, 0.8577591891930944]","[0.5775084973125865, 0.44317082774171085]","[9.167088464926767e-05, 0.00028394429285529026]","[9.168288775218691e-05, 0.0002839519572232496]","[0.3969801101581938, -0.43655824992631065]",0.14880599187520555
3,1735,"[0.37901825889172025, 0.6614493848162805]","[0.20033155121842627, 0.8577591891930944]","[0.5775083129201468, 0.44317025914550345]","[9.130618816330953e-05, 0.0002828098505681393]","[9.131809542012315e-05, 0.000282817453770845]","[0.39698010805685313, -0.436558251341554]",0.14880614922021007
3,1736,"[0.3790180762793439, 0.6614488191965793]","[0.20033155121842627, 0.8577591891930944]","[0.577508129265459, 0.4431696928237969]","[9.094293465220604e-05, 0.0002816799354525009]","[9.09547468280758e-05, 0.00028168747797807647]","[0.3969801059722302, -0.4365582527455647]",0.14880630593656086
3,1737,"[0.3790178943934746, 0.6614482558367084]","[0.20033155121842627, 0.8577591891930944]","[0.5775079463455706, 0.4431691287674925]","[9.058111846977574e-05, 0.0002805545294841306]","[9.059283632395498e-05, 0.0002805620118168095]","[0.3969801039041919, -0.43655825413843186]",0.14880646202676676
3,1738,"[0.3790177132312377, 0.6614476947276494]","[0.20033155121842627, 0.8577591891930944]","[0.5775077641575406, 0.4431685669675274]","[9.022073399156658e-05, 0.0002794336147095722]","[9.023235827759768e-05, 0.0002794410373297973]","[0.3969801018526058, -0.4365582555202441]",0.1488066174933265
3,1739,"[0.3790175327897697, 0.66144713586042]","[0.20033155121842627, 0.8577591891930944]","[0.5775075826984404, 0.4431680074148755]","[8.986177561456891e-05, 0.0002783171732471664]","[8.987330707954655e-05, 0.00027832453663151346]","[0.3969800998173414, -0.43655825689108907]",0.14880677233872905
3,1740,"[0.3790173530662185, 0.6614465792260735]","[0.20033155121842627, 0.8577591891930944]","[0.577507401965353, 0.44316745010054664]","[8.950423775734783e-05, 0.00027720518728566136]","[8.951567714227116e-05, 0.0002772124919067642]","[0.39698009779826904, -0.43655825825105377]",0.14880692656545344
3,1741,"[0.379017174057743, 0.6614460248156989]","[0.20033155121842627, 0.8577591891930944]","[0.5775072219553727, 0.44316689501558654]","[8.914811485953373e-05, 0.0002760976390844181]","[8.915946289989041e-05, 0.0002761048854114101]","[0.3969800957952595, -0.43655825960022476]",0.14880708017596872
3,1742,"[0.37901699576151326, 0.6614454726204207]","[0.20033155121842627, 0.8577591891930944]","[0.5775070426656057, 0.443166342151077]","[8.879340138217659e-05, 0.00027499451097362206]","[8.880465880756194e-05, 0.0002750016994715887]","[0.3969800938081849, -0.43655826093868755]",0.1488072331727341
3,1743,"[0.3790168181747105, 0.6614449226313988]","[0.20033155121842627, 0.8577591891930944]","[0.57750686409317, 0.4431657914981352]","[8.844009180773446e-05, 0.00027389578535282094]","[8.84512593413711e-05, 0.0002739029164832707]","[0.39698009183691896, -0.43655826226652716]",0.14880738555819922
3,1744,"[0.3790166412945269, 0.6614443748398281]","[0.20033155121842627, 0.8577591891930944]","[0.5775066862351946, 0.44316524304791405]","[8.808818063948406e-05, 0.0002728014446919219]","[8.809925899927462e-05, 0.0002728085189128149]","[0.3969800898813355, -0.4365582635838281]",0.14880753733480367
3,1745,"[0.3790164651181656, 0.6614438292369387]","[0.20033155121842627, 0.8577591891930944]","[0.5775065090888205, 0.44316469679160175]","[8.77376624018457e-05, 0.000271711471529718]","[8.774865229987938e-05, 0.0002717184892951363]","[0.3969800879413098, -0.43655826489067384]",0.14880768850497755
3,1746,"[0.3790162896428408, 0.6614432858139956]","[0.20033155121842627, 0.8577591891930944]","[0.5775063326511999, 0.44316415272042187]","[8.738853164008535e-05, 0.00027062584847466334]","[8.739943378266446e-05, 0.0002706328102351496]","[0.3969800860167182, -0.43655826618714744]",0.14880783907114115
3,1747,"[0.3790161148657775, 0.6614427445622987]","[0.20033155121842627, 0.8577591891930944]","[0.5775061569194964, 0.44316361082563305]","[8.704078292055457e-05, 0.0002695445582042689]","[8.705159800859175e-05, 0.0002695514644068253]","[0.3969800841074377, -0.43655826747333126]",0.1488079890357052
3,1748,"[0.3790159407842117, 0.6614422054731822]","[0.20033155121842627, 0.8577591891930944]","[0.5775059818908849, 0.44316307109852865]","[8.669441083034568e-05, 0.0002684675834639809]","[8.670513955910675e-05, 0.00026847443455219056]","[0.39698008221334635, -0.43655826874930714]",0.14880813840107082
3,1749,"[0.37901576739539006, 0.6614416685380153]","[0.20033155121842627, 0.8577591891930944]","[0.5775058075625519, 0.44316253353043733]","[8.634940997731605e-05, 0.00026739490706866997]","[8.636005303630512e-05, 0.0002674017034823839]","[0.39698008033432364, -0.436558270015156]",0.14880828716962946
3,1750,"[0.3790155946965701, 0.6614411337482012]","[0.20033155121842627, 0.8577591891930944]","[0.5775056339316949, 0.44316199811272217]","[8.600577498973175e-05, 0.00026632651190061906]","[8.601633306304368e-05, 0.000266333254076101]","[0.3969800784702495, -0.43655827127095814]",0.1488084353437632
3,1751,"[0.3790154226850201, 0.6614406010951774]","[0.20033155121842627, 0.8577591891930944]","[0.5775054609955226, 0.44316146483678076]","[8.566350051678811e-05, 0.000265262380910115]","[8.567397428310697e-05, 0.0002652690692802051]","[0.396980076621005, -0.43655827251679336]",0.1488085829258446
3,1752,"[0.37901525135801906, 0.6614400705704157]","[0.20033155121842627, 0.8577591891930944]","[0.5775052887512551, 0.44316093369404524]","[8.53225812281437e-05, 0.0002642024971152068]","[8.533297136076312e-05, 0.0002642091321093387]","[0.396980074786472, -0.4365582737527408]",0.14880872991823663
3,1753,"[0.3790150807128566, 0.6614395421654214]","[0.20033155121842627, 0.8577591891930944]","[0.5775051171961235, 0.44316040467598194]","[8.498301181363946e-05, 0.0002631468436011451]","[8.499331898020879e-05, 0.00026315342564531274]","[0.3969800729665338, -0.436558274978879]",0.14880887632329307
3,1754,"[0.37901491074683297, 0.6614390158717343]","[0.20033155121842627, 0.8577591891930944]","[0.57750494632737, 0.4431598777740914]","[8.46447869836315e-05, 0.0002620954035202307]","[8.465501184662383e-05, 0.0002621019330369956]","[0.39698007116107414, -0.43655827619528575]",0.14880902214335817
3,1755,"[0.379014741457259, 0.6614384916809272]","[0.20033155121842627, 0.8577591891930944]","[0.5775047761422478, 0.44315935297990805]","[8.430790146881709e-05, 0.0002610481600915599]","[8.43180446855607e-05, 0.00026105463750003555]","[0.39698006936997765, -0.43655827740203823]",0.14880916738076683
3,1756,"[0.37901457284145607, 0.661437969584607]","[0.20033155121842627, 0.8577591891930944]","[0.5775046066380212, 0.44315883028500036]","[8.397235002000669e-05, 0.00026000509660108743]","[8.398241224238934e-05, 0.00026001152231719393]","[0.3969800675931302, -0.43655827859921326]",0.14880931203784484
3,1757,"[0.37901440489675603, 0.6614374495744137]","[0.20033155121842627, 0.8577591891930944]","[0.5775044378119651, 0.4431583096809703]","[8.363812740812211e-05, 0.0002589661964005847]","[8.364810928307431e-05, 0.00025897257083701275]","[0.3969800658304182, -0.4365582797868869]",0.14880945611690846
3,1758,"[0.37901423762050124, 0.661436931642021]","[0.20033155121842627, 0.8577591891930944]","[0.5775042696613659, 0.4431577911594538]","[8.330522842442379e-05, 0.0002579314429083417]","[8.33151305935087e-05, 0.0002579377664742588]","[0.39698006408172937, -0.4365582809651344]",0.14880959962026485
3,1759,"[0.37901407101004436, 0.6614364157791351]","[0.20033155121842627, 0.8577591891930944]","[0.5775041021835204, 0.4431572747121198]","[8.297364787963112e-05, 0.00025690081960776144]","[8.298347097923653e-05, 0.0002569070927092021]","[0.39698006234695216, -0.4365582821340307]",0.1488097425502121
3,1760,"[0.3790139050627486, 0.6614359019774959]","[0.20033155121842627, 0.8577591891930944]","[0.5775039353757365, 0.44315676033067086]","[8.264338060492328e-05, 0.0002558743100484327]","[8.265312526645197e-05, 0.00025588053308822634]","[0.3969800606259758, -0.4365582832936501]",0.14880988490903896
3,1761,"[0.3790137397759874, 0.6614353902288758]","[0.20033155121842627, 0.8577591891930944]","[0.5775037692353326, 0.4431562480068428]","[8.23144214510284e-05, 0.0002548518978447563]","[8.23240883008336e-05, 0.00025485807122221926]","[0.3969800589186905, -0.43655828444406597]",0.14881002669902516
3,1762,"[0.3790135751471445, 0.66143488052508]","[0.20033155121842627, 0.8577591891930944]","[0.577503603759638, 0.44315573773240424]","[8.198676528844118e-05, 0.00025383356667624355]","[8.199635494809954e-05, 0.0002538396907877938]","[0.3969800572249871, -0.4365582855853516]",0.14881016792244123
3,1763,"[0.3790134111736139, 0.6614343728579467]","[0.20033155121842627, 0.8577591891930944]","[0.5775034389459928, 0.44315522949915703]","[8.166040700749719e-05, 0.0002528193002873316]","[8.16699200933968e-05, 0.0002528253755261223]","[0.3969800555447577, -0.43655828671757935]",0.14881030858154887
3,1764,"[0.3790132478527999, 0.6614338672193462]","[0.20033155121842627, 0.8577591891930944]","[0.5775032747917477, 0.4431547232989355]","[8.133534151808393e-05, 0.00025180908248658665]","[8.134477864119027e-05, 0.00025181510924277006]","[0.3969800538778956, -0.4365582878408213]",0.14881044867860066
3,1765,"[0.37901308518211685, 0.6614333636011812]","[0.20033155121842627, 0.8577591891930944]","[0.5775031112942637, 0.44315421912360686]","[8.101156374953729e-05, 0.00025080289714706026]","[8.102092551681706e-05, 0.0002508088758075844]","[0.39698005222429367, -0.4365582889551487]",0.14881058821584006
3,1766,"[0.3790129231589893, 0.6614328619953869]","[0.20033155121842627, 0.8577591891930944]","[0.5775029484509127, 0.4431537169650708]","[8.068906865088356e-05, 0.00024980072820547796]","[8.069835566409944e-05, 0.0002498066591540282]","[0.39698005058384667, -0.4365582900606322]",0.14881072719550184
3,1767,"[0.379012761780852, 0.6614323623939304]","[0.20033155121842627, 0.8577591891930944]","[0.577502786259077, 0.44315321681525943]","[8.036785119047589e-05, 0.0002488025596626489]","[8.037706404651068e-05, 0.00024880844328001306]","[0.39698004895645, -0.436558291157342]",0.14881086561981172
3,1768,"[0.37901260104514967, 0.6614318647888111]","[0.20033155121842627, 0.8577591891930944]","[0.5775026247161497, 0.44315271866613715]","[8.004790635598415e-05, 0.0002478083755827298]","[8.00570456467864e-05, 0.00024781421224667755]","[0.396980047342, -0.4365582922453479]",0.1488110034909867
3,1769,"[0.37901244094933695, 0.6614313691720599]","[0.20033155121842627, 0.8577591891930944]","[0.5775024638195336, 0.4431522225097004]","[7.97292291542056e-05, 0.0002468181600928719]","[7.973829546731315e-05, 0.0002468239501782765]","[0.39698004574039336, -0.43655829332471907]",0.1488111408112347
3,1770,"[0.3790122814908786, 0.6614308755357398]","[0.20033155121842627, 0.8577591891930944]","[0.5775023035666426, 0.4431517283379778]","[7.941181461127327e-05, 0.0002458318973838145]","[7.942080852957334e-05, 0.00024583764126240304]","[0.3969800441515279, -0.43655829439552396]",0.14881127758275503
3,1771,"[0.3790121226672494, 0.661430383871945]","[0.20033155121842627, 0.8577591891930944]","[0.5775021439549005, 0.44315123614302976]","[7.90956577725558e-05, 0.0002448495717082462]","[7.910457987414521e-05, 0.0002448552697486561]","[0.3969800425753023, -0.4365582954578304]",0.14881141380773816
3,1772,"[0.3790119644759338, 0.6614298941728015]","[0.20033155121842627, 0.8577591891930944]","[0.5775019849817418, 0.4431507459169485]","[7.878075370236837e-05, 0.00024387116738165796]","[7.878960456081385e-05, 0.00024387681994980648]","[0.3969800410116159, -0.4365582965117061]",0.1488115494883659
3,1773,"[0.37901180691442643, 0.6614294064304668]","[0.20033155121842627, 0.8577591891930944]","[0.577501826644611, 0.4431502576518579]","[7.846709748400555e-05, 0.00024289666878215394]","[7.847587766801611e-05, 0.0002429022762408528]","[0.3969800394603692, -0.43655829755721776]",0.14881168462681132
3,1774,"[0.37901164998023146, 0.6614289206371292]","[0.20033155121842627, 0.8577591891930944]","[0.577501668940963, 0.4431497713399133]","[7.815468421958322e-05, 0.00024192606034921662]","[7.816339429356223e-05, 0.0002419316230584112]","[0.3969800379214631, -0.43655829859443185]",0.1488118192252389
3,1775,"[0.379011493670863, 0.6614284367850085]","[0.20033155121842627, 0.8577591891930944]","[0.5775015118682627, 0.44314928697330125]","[7.784350903033541e-05, 0.0002409593265842546]","[7.78521495540252e-05, 0.00024096484490138126]","[0.3969800363947994, -0.4365582996234145]",0.14881195328580443
3,1776,"[0.37901133798384495, 0.6614279548663553]","[0.20033155121842627, 0.8577591891930944]","[0.5775013554239853, 0.44314880454423994]","[7.753356705589836e-05, 0.00023999645205043557]","[7.75421385847408e-05, 0.0002400019263295583]","[0.39698003488028066, -0.43655830064423073]",0.14881208681065505
3,1777,"[0.3790111829167108, 0.6614274748734512]","[0.20033155121842627, 0.8577591891930944]","[0.577501199605616, 0.4431483240449785]","[7.72248534548749e-05, 0.00023903742137205725]","[7.723335653980756e-05, 0.0002390428519646326]","[0.3969800333778103, -0.4365583016569454]",0.14881221980192946
3,1778,"[0.3790110284670039, 0.6614269967986085]","[0.20033155121842627, 0.8577591891930944]","[0.5775010444106501, 0.443147845467797]","[7.691736340461312e-05, 0.00023808221923428885]","[7.692579859214232e-05, 0.0002380876064890236]","[0.39698003188729236, -0.436558302661623]",0.1488123522617578
3,1779,"[0.3790108746322771, 0.6614265206341701]","[0.20033155121842627, 0.8577591891930944]","[0.577500889836593, 0.4431473688050065]","[7.661109210069078e-05, 0.00023713083038312918]","[7.661945993314712e-05, 0.00023713617464588]","[0.3969800304086317, -0.43655830365832715]",0.14881248419226165
3,1780,"[0.3790107214100929, 0.6614260463725093]","[0.20033155121842627, 0.8577591891930944]","[0.5775007358809598, 0.44314689404894875]","[7.630603475730174e-05, 0.00023618323962525746]","[7.631433577270919e-05, 0.00023618854123907962]","[0.3969800289417339, -0.4365583046471212]",0.1488126155955542
3,1781,"[0.37901056879802336, 0.6614255740060301]","[0.20033155121842627, 0.8577591891930944]","[0.5775005825412762, 0.44314642119199604]","[7.600218660736236e-05, 0.00023523943182733774]","[7.601042133897895e-05, 0.00023524469113272994]","[0.39698002748650574, -0.4365583056280681]",0.14881274647374043
3,1782,"[0.37901041679365016, 0.6614251035271664]","[0.20033155121842627, 0.8577591891930944]","[0.5775004298150772, 0.4431459502265515]","[7.569954290184568e-05, 0.0002342993919165808]","[7.570771187909164e-05, 0.000234304609251057]","[0.3969800260428541, -0.43655830660122985]",0.1488128768289165
3,1783,"[0.37901026539456434, 0.6614246349283825]","[0.20033155121842627, 0.8577591891930944]","[0.5775002776999077, 0.44314548114504826]","[7.539809890995202e-05, 0.0002333631048794151]","[7.540620265800158e-05, 0.00023336828057812786]","[0.3969800246106868, -0.4365583075666686]",0.1488130066631706
3,1784,"[0.37901011459836653, 0.6614241682021728]","[0.20033155121842627, 0.8577591891930944]","[0.577500126193323, 0.4431450139399501]","[7.50978499195216e-05, 0.0002324305557625282]","[7.51058889588152e-05, 0.00023243569015762855]","[0.396980023189913, -0.4365583085244453]",0.1488131359785824
3,1785,"[0.3790099644026667, 0.6614237033410613]","[0.20033155121842627, 0.8577591891930944]","[0.5774999752928875, 0.4431445486037508]","[7.479879123605577e-05, 0.00023150172967159954]","[7.480676608334624e-05, 0.00023150682309269754]","[0.39698002178044167, -0.43655830947462093]",0.1488132647772233
3,1786,"[0.3790098148050842, 0.6614232403376019]","[0.20033155121842627, 0.8577591891930944]","[0.5774998249961756, 0.44314408512897396]","[7.450091818339246e-05, 0.0002305766117712177]","[7.450882935144953e-05, 0.00023058166454542617]","[0.3969800203821827, -0.4365583104172559]",0.1488133930611564
3,1787,"[0.37900966580324785, 0.6614227791843784]","[0.20033155121842627, 0.8577591891930944]","[0.5774996753007713, 0.4431436235081735]","[7.420422610346906e-05, 0.00022965518728550248]","[7.421207410096553e-05, 0.00022966019973702512]","[0.39698001899504687, -0.43655831135240986]",0.1488135208324367
3,1788,"[0.37900951739479566, 0.6614223198740038]","[0.20033155121842627, 0.8577591891930944]","[0.5774995262042686, 0.44314316373393264]","[7.390871035616118e-05, 0.0002287374414963101]","[7.391649568749825e-05, 0.0002287424139469918]","[0.39698001761894586, -0.4365583122801423]",0.148813648093111
3,1789,"[0.37900936957737497, 0.6614218623991208]","[0.20033155121842627, 0.8577591891930944]","[0.577499377704271, 0.4431427057988647]","[7.361436631914959e-05, 0.00022782335974484114]","[7.362208948458182e-05, 0.000227828292513943]","[0.396980016253792, -0.4365583132005122]",0.14881377484521796
3,1790,"[0.3790092223486423, 0.6614214067524014]","[0.20033155121842627, 0.8577591891930944]","[0.5774992297983913, 0.44314224969561233]","[7.332118938789904e-05, 0.0002269129274299377]","[7.332885088390251e-05, 0.00022691782083422707]","[0.39698001489949797, -0.43655831411357804]",0.14881390109078796
3,1791,"[0.3790090757062635, 0.6614209529265465]","[0.20033155121842627, 0.8577591891930944]","[0.5774990824842522, 0.4431417954168476]","[7.302917497570958e-05, 0.0002260061300085548]","[7.303677529485464e-05, 0.00022601098436214606]","[0.39698001355597734, -0.4365583150193977]",0.14881402683184336
3,1792,"[0.37900892964791355, 0.6614205009142864]","[0.20033155121842627, 0.8577591891930944]","[0.5774989357594859, 0.4431413429552721]","[7.273831851373062e-05, 0.00022510295299534404]","[7.274585814437406e-05, 0.0002251077686098446]","[0.3969800122231446, -0.4365583159180286]",0.1488141520703986
3,1793,"[0.37900878417127654, 0.6614200507083804]","[0.20033155121842627, 0.8577591891930944]","[0.5774987896217338, 0.44314089230361636]","[7.244861545063805e-05, 0.00022420338196270888]","[7.245609487738225e-05, 0.00022420815914736547]","[0.3969800109009146, -0.43655831680952806]",0.14881427680846
3,1794,"[0.37900863927404566, 0.6614196023016164]","[0.20033155121842627, 0.8577591891930944]","[0.5774986440686471, 0.4431404434546402]","[7.216006125240942e-05, 0.00022330740253999817]","[7.216748095606462e-05, 0.00022331214160142832]","[0.396980009589203, -0.4365583176939525]",0.14881440104802574
3,1795,"[0.37900849495392314, 0.6614191556868114]","[0.20033155121842627, 0.8577591891930944]","[0.5774984990978862, 0.4431399964011324]","[7.187265140280413e-05, 0.000222415000413983]","[7.188001186020365e-05, 0.00022241970165642888]","[0.3969800082879261, -0.4365583185713581]",0.1488145247910862
3,1796,"[0.3790083512086203, 0.6614187108568106]","[0.20033155121842627, 0.8577591891930944]","[0.5774983547071209, 0.4431395511359103]","[7.158638140297877e-05, 0.00022152616132770615]","[7.159368308706782e-05, 0.0002215308250529957]","[0.3969800069970011, -0.43655831944180057]",0.14881464803962385
3,1797,"[0.3790082080358575, 0.661418267804488]","[0.20033155121842627, 0.8577591891930944]","[0.5774982108940301, 0.4431391076518203]","[7.130124677148317e-05, 0.0002206408710814085]","[7.130849015180019e-05, 0.00022064549758910035]","[0.3969800057163452, -0.43655832030533537]",0.14881477079561317
3,1798,"[0.37900806543336396, 0.6614178265227458]","[0.20033155121842627, 0.8577591891930944]","[0.5774980676563024, 0.4431386659417373]","[7.101724304404443e-05, 0.0002197591155313394]","[7.102442858614166e-05, 0.00021976370511833654]","[0.3969800044458769, -0.4365583211620171]",0.14881489306102078
3,1799,"[0.3790079233988779, 0.6614173870045148]","[0.20033155121842627, 0.8577591891930944]","[0.5774979249916355, 0.44313822599856467]","[7.073436577386815e-05, 0.00021888088059018092]","[7.07414939394857e-05, 0.00021888543355114143]","[0.3969800031855153, -0.43655832201190026]",0.14881501483780557
3,1800,"[0.37900778193014634, 0.6614169492427536]","[0.20033155121842627, 0.8577591891930944]","[0.5774977828977361, 0.4431377878152342]","[7.045261053092579e-05, 0.00021800615222628163]","[7.045968177848971e-05, 0.00021801066885351883]","[0.39698000193517957, -0.4365583228550388]",0.14881513612791836
3,1801,"[0.3790076410249253, 0.6614165132304491]","[0.20033155121842627, 0.8577591891930944]","[0.5774976413723205, 0.443137351384706]","[7.017197290288861e-05, 0.00021713491646377858]","[7.0178987686631e-05, 0.00021713939704726126]","[0.39698000069479045, -0.4365583236914863]",0.14881525693330255
3,1802,"[0.3790075006809795, 0.6614160789606162]","[0.20033155121842627, 0.8577591891930944]","[0.5774975004131138, 0.44313691669996824]","[6.989244849394165e-05, 0.00021626715938246298]","[6.989940726476185e-05, 0.00021627160420989444]","[0.39697999946426854, -0.43655832452129584]",0.14881537725589356
3,1803,"[0.3790073608960825, 0.6614156464262974]","[0.20033155121842627, 0.8577591891930944]","[0.5774973600178501, 0.44313648375403736]","[6.961403292538932e-05, 0.0002154028671173918]","[6.962093613072096e-05, 0.00021540727647401114]","[0.39697999824353525, -0.43655832534452]",0.1488154970976191
3,1804,"[0.37900722166801665, 0.6614152156205632]","[0.20033155121842627, 0.8577591891930944]","[0.5774972201842731, 0.4431360525399576]","[6.933672183566713e-05, 0.00021454202585875065]","[6.93435699191669e-05, 0.0002145464000276598]","[0.39697999703251285, -0.43655832616121115]",0.14881561646039926
3,1805,"[0.379007082994573, 0.6614147865365114]","[0.20033155121842627, 0.8577591891930944]","[0.577497080910135, 0.4431356230508008]","[6.906051087991917e-05, 0.000213684621851157]","[6.906730428180019e-05, 0.00021368896111328972]","[0.396979995831124, -0.4365583269714213]",0.14881573534614645
3,1806,"[0.3790069448735512, 0.6614143591672678]","[0.20033155121842627, 0.8577591891930944]","[0.5774969421931972, 0.44313519527966694]","[6.878539573012765e-05, 0.00021283064139445188]","[6.879213488691915e-05, 0.00021283494602830633]","[0.3969799946392921, -0.43655832777520165]",0.14881585375676548
3,1807,"[0.3790068073027597, 0.661413933505985]","[0.20033155121842627, 0.8577591891930944]","[0.5774968040312303, 0.4431347692196833]","[6.851137207498949e-05, 0.00021198007084236018]","[6.851805741986405e-05, 0.00021198434112429387]","[0.3969799934569411, -0.43655832857260335]",0.14881597169415356
3,1808,"[0.37900667028001556, 0.6614135095458433]","[0.20033155121842627, 0.8577591891930944]","[0.5774966664220135, 0.4431343448640048]","[6.823843561983986e-05, 0.00021113289660306116]","[6.824506758229543e-05, 0.00021113713280723756]","[0.39697999228399583, -0.436558329363677]",0.1488160891602004
3,1809,"[0.3790065338031443, 0.6614130872800501]","[0.20033155121842627, 0.8577591891930944]","[0.5774965293633348, 0.4431339222058137]","[6.796658208662664e-05, 0.00021028910513871745]","[6.797316109308227e-05, 0.0002102933075370239]","[0.39697999112038107, -0.4365583301484728]",0.14881620615678803
3,1810,"[0.37900639786998014, 0.6614126667018398]","[0.20033155121842627, 0.8577591891930944]","[0.5774963928529915, 0.4431335012383195]","[6.769580721396187e-05, 0.00020944868296528252]","[6.770233368730283e-05, 0.0002094528518276073]","[0.3969799899660227, -0.43655833092704066]",0.1488163226857911
3,1811,"[0.3790062624783657, 0.6614122478044739]","[0.20033155121842627, 0.8577591891930944]","[0.5774962568887891, 0.443133081954759]","[6.742610675686531e-05, 0.00020861161665223642]","[6.743258111674422e-05, 0.00020861575224612183]","[0.39697998882084684, -0.4365583316994299]",0.14881643874907663
3,1812,"[0.3790061276261522, 0.6614118305812406]","[0.20033155121842627, 0.8577591891930944]","[0.5774961214685427, 0.44313266434839577]","[6.715747648671042e-05, 0.0002077778928223499]","[6.716389914901422e-05, 0.00020778199541338083]","[0.39697998768478093, -0.43655833246568976]",0.1488165543485045
3,1813,"[0.3790059933111992, 0.661411415025455]","[0.20033155121842627, 0.8577591891930944]","[0.5774959865900753, 0.4431322484125206]","[6.688991219132484e-05, 0.00020694749815156513]","[6.689628356898458e-05, 0.00020695156800315528]","[0.39697998655775213, -0.4365583332258688]",0.14881666948592687
3,1814,"[0.37900585953137483, 0.6614110011304587]","[0.20033155121842627, 0.8577591891930944]","[0.5774958522512192, 0.44313183414045104]","[6.66234096748269e-05, 0.00020612041936902818]","[6.662973017718121e-05, 0.0002061244567425069]","[0.3969799854396888, -0.4365583339800153]",0.14881678416318872
3,1815,"[0.3790057262845555, 0.66141058888962]","[0.20033155121842627, 0.8577591891930944]","[0.5774957184498151, 0.4431314215255315]","[6.635796475746058e-05, 0.0002052966432562205]","[6.636423479111642e-05, 0.00020530064841067786]","[0.3969799843305192, -0.43655833472817707]",0.14881689838212744
3,1816,"[0.37900559356862595, 0.6614101782963335]","[0.20033155121842627, 0.8577591891930944]","[0.5774955851837125, 0.4431310105611327]","[6.60935732759727e-05, 0.00020447615664727318]","[6.609979324362358e-05, 0.00020448012983986796]","[0.39697998323017303, -0.4365583354704017]",0.1488170121445734
3,1817,"[0.3790054613814794, 0.6614097693440202]","[0.20033155121842627, 0.8577591891930944]","[0.5774954524507693, 0.44313060124065207]","[6.583023108280736e-05, 0.000203658946428455]","[6.583640138441149e-05, 0.000203662887914291]","[0.39697998213857977, -0.43655833620673623]",0.14881712545234949
3,1818,"[0.37900532972101725, 0.6614093620261273]","[0.20033155121842627, 0.8577591891930944]","[0.5774953202488522, 0.4431301935575136]","[6.55679340468762e-05, 0.00020284499953859784]","[6.55740550790096e-05, 0.00020284890957067425]","[0.3969799810556699, -0.43655833693722745]",0.14881723830727128
3,1819,"[0.37900519858514914, 0.6614089563361283]","[0.20033155121842627, 0.8577591891930944]","[0.5774951885758361, 0.4431297875051674]","[6.530667805271666e-05, 0.00020203430296812633]","[6.53127502091011e-05, 0.00020203818179748145]","[0.396979979981374, -0.43655833766192176]",0.14881735071114716
3,1820,"[0.379005067971793, 0.6614085522675224]","[0.20033155121842627, 0.8577591891930944]","[0.5774950574296052, 0.44312938307708977]","[6.504645900117316e-05, 0.00020122684375903564]","[6.505248267157926e-05, 0.00020123069163474616]","[0.3969799789156243, -0.4365583383808652]",0.14881746266577853
3,1821,"[0.379004937878875, 0.6614081498138349]","[0.20033155121842627, 0.8577591891930944]","[0.5774949268080511, 0.4431289802667832]","[6.478727280868397e-05, 0.00020042260900513347]","[6.479324838043476e-05, 0.00020042642617412731]","[0.39697997785835226, -0.43655833909410335]",0.14881757417295924
3,1822,"[0.3790048083043294, 0.6614077489686169]","[0.20033155121842627, 0.8577591891930944]","[0.5774947967090747, 0.4431285790677761]","[6.452911540760997e-05, 0.00019962158585105005]","[6.453504326486836e-05, 0.00019962537255846513]","[0.3969799768094905, -0.43655833980168157]",0.14881768523447622
3,1823,"[0.3790046792460986, 0.6614073497254451]","[0.20033155121842627, 0.8577591891930944]","[0.5774946671305847, 0.44312817947362276]","[6.42719827460303e-05, 0.00019882376149290903]","[6.427786326962392e-05, 0.00019882751798183662]","[0.39697997576897226, -0.4365583405036447]",0.14881779585210925
3,1824,"[0.3790045507021331, 0.6614069520779221]","[0.20033155121842627, 0.8577591891930944]","[0.5774945380704986, 0.44312778147790344]","[6.401587078780978e-05, 0.00019802912317757243]","[6.402170435593213e-05, 0.0001980328496891115]","[0.39697997473673086, -0.43655834120003734]",0.14881790602763084
3,1825,"[0.3790044226703915, 0.6614065560196758]","[0.20033155121842627, 0.8577591891930944]","[0.5774944095267418, 0.44312738507422395]","[6.376077551237739e-05, 0.00019723765820283017]","[6.376656250001167e-05, 0.00019724135497622974]","[0.39697997371270055, -0.4365583418909037]",0.14881801576280668
3,1826,"[0.3790042951488405, 0.6614061615443594]","[0.20033155121842627, 0.8577591891930944]","[0.5774942814972486, 0.44312699025621555]","[6.350669291483582e-05, 0.00019644935391638677]","[6.35124336938464e-05, 0.00019645302118898034]","[0.3969799726968162, -0.4365583425762877]",0.1488181250593953
3,1827,"[0.3790041681354547, 0.6614057686456516]","[0.20033155121842627, 0.8577591891930944]","[0.5774941539799612, 0.4431265970175352]","[6.325361900585383e-05, 0.0001956641977167848]","[6.325931394507434e-05, 0.00019566783572400048]","[0.396979971689013, -0.4365583432562328]",0.14881823391914828
3,1828,"[0.37900404162821666, 0.6614053773172561]","[0.20033155121842627, 0.8577591891930944]","[0.5774940269728299, 0.44312620535186503]","[6.300154981135504e-05, 0.00019488217705212503]","[6.300719927687659e-05, 0.00019488578602755435]","[0.3969799706892265, -0.4365583439307822]",0.1488183423438101
3,1829,"[0.37900391562511704, 0.661404987552902]","[0.20033155121842627, 0.8577591891930944]","[0.5774939004738134, 0.44312581525291267]","[6.275048137282626e-05, 0.0001941032794208205]","[6.275608572797742e-05, 0.0001941068595960882]","[0.3969799696973928, -0.43655834459997866]",0.14881845033511837
3,1830,"[0.3790037901241543, 0.6614045993463432]","[0.20033155121842627, 0.8577591891930944]","[0.5774937744808788, 0.44312542671441085]","[6.250040974727738e-05, 0.00019332749237106005]","[6.250596935197805e-05, 0.0001933310439760083]","[0.396979968713449, -0.4365583452638647]",0.1488185578948037
3,1831,"[0.37900366512333483, 0.6614042126913585]","[0.20033155121842627, 0.8577591891930944]","[0.5774936489920008, 0.4431250397301172]","[6.225133100658779e-05, 0.00019255480349996088]","[6.225684621830041e-05, 0.00019255832676273732]","[0.396979967737332, -0.43655834592248266]",0.14881866502458996
3,1832,"[0.3790035406206728, 0.6614038275817515]","[0.20033155121842627, 0.8577591891930944]","[0.5774935240051626, 0.4431246542938144]","[6.200324123813833e-05, 0.00019178520045436793]","[6.200871241140993e-05, 0.0001917886956011583]","[0.3969799667689796, -0.4365583465758742]",0.14881877172619395
3,1833,"[0.37900341661419035, 0.6614034440113506]","[0.20033155121842627, 0.8577591891930944]","[0.5774933995183553, 0.4431242703993103]","[6.175613654461039e-05, 0.00019101867093018475]","[6.176156403120414e-05, 0.00019102213818522618]","[0.39697996580832995, -0.4365583472240807]",0.14881887800132576
3,1834,"[0.37900329310191727, 0.6614030619740088]","[0.20033155121842627, 0.8577591891930944]","[0.5774932755295783, 0.44312388804043706]","[6.151001304352435e-05, 0.00019025520267202176]","[6.151539719212451e-05, 0.00019025864225796774]","[0.39697996485532205, -0.4365583478671434]",0.14881898385168862
3,1835,"[0.37900317008189116, 0.6614026814636035]","[0.20033155121842627, 0.8577591891930944]","[0.5774931520368387, 0.44312350721105187]","[6.12648668676527e-05, 0.0001894947834734478]","[6.127020802415561e-05, 0.00018949819561114856]","[0.3969799639098951, -0.4365583485051032]",0.14881908927897897
3,1836,"[0.3790030475521574, 0.6614023024740365]","[0.20033155121842627, 0.8577591891930944]","[0.5774930290381517, 0.4431231279050363]","[6.102069416475699e-05, 0.00018873740117637797]","[6.10259926725476e-05, 0.00018874078608482892]","[0.39697996297198856, -0.4365583491380005]",0.14881919428488644
3,1837,"[0.3790029255107691, 0.6614019249992342]","[0.20033155121842627, 0.8577591891930944]","[0.5774929065315404, 0.4431227501162964]","[6.0777491097557305e-05, 0.00018798304367124952]","[6.0782747297261075e-05, 0.00018798640156780788]","[0.3969799620415426, -0.4365583497658756]",0.1488192988710939
3,1838,"[0.3790028039557869, 0.6614015490331469]","[0.20033155121842627, 0.8577591891930944]","[0.5774927845150358, 0.44312237383876274]","[6.053525384360105e-05, 0.00018723169889619146]","[6.0540468073133624e-05, 0.00018723502999640207]","[0.39697996111849787, -0.4365583503887682]",0.1488194030392777
3,1839,"[0.3790026828852792, 0.661401174569749]","[0.20033155121842627, 0.8577591891930944]","[0.577492662986677, 0.44312199906639005]","[6.029397859548755e-05, 0.00018648335483782244]","[6.029915118987983e-05, 0.00018648665935544484]","[0.3969799602027956, -0.4365583510067179]",0.14881950679110736
3,1840,"[0.37900256229732204, 0.6614008016030394]","[0.20033155121842627, 0.8577591891930944]","[0.5774925419445107, 0.4431216257931574]","[6.0053661560252003e-05, 0.000185737999530434]","[6.0058792851924725e-05, 0.00018574127767762016]","[0.39697995929437735, -0.436558351619764]",0.14881961012824557
3,1841,"[0.3790024421899989, 0.6614004301270403]","[0.20033155121842627, 0.8577591891930944]","[0.5774924213865915, 0.44312125401306757]","[5.981429895982844e-05, 0.0001849956210554794]","[5.981938927851482e-05, 0.000184998873042852]","[0.39697995839318523, -0.4365583522279455]",0.14881971305234887
3,1842,"[0.379002322561401, 0.6614000601357982]","[0.20033155121842627, 0.8577591891930944]","[0.5774923013109817, 0.44312088372014785]","[5.957588703096756e-05, 0.0001842562075422581]","[5.958093670405118e-05, 0.00018425943357841534]","[0.3969799574991615, -0.43655835283130073]",0.14881981556506674
3,1843,"[0.3790022034096269, 0.6613996916233831]","[0.20033155121842627, 0.8577591891930944]","[0.5774921817157515, 0.44312051490844895]","[5.933842202492999e-05, 0.00018351974716673952]","[5.9343431377145706e-05, 0.00018352294745888065]","[0.39697995661224905, -0.43655835342986826]",0.14881991766804215
3,1844,"[0.37900208473278285, 0.6613993245838887]","[0.20033155121842627, 0.8577591891930944]","[0.5774920625989788, 0.44312014757204576]","[5.9101900207465295e-05, 0.0001827862281526166]","[5.9106869560454633e-05, 0.0001827894029061139]","[0.39697995573239186, -0.4365583540236859]",0.14882001936291178
3,1845,"[0.37900196652898244, 0.6613989590114324]","[0.20033155121842627, 0.8577591891930944]","[0.5774919439587491, 0.4431197817050367]","[5.886631785897403e-05, 0.00018205563876980157]","[5.887124753223283e-05, 0.0001820587881884439]","[0.3969799548595334, -0.43655835461279147]",0.1488201206513055
3,1846,"[0.37900184879634674, 0.6613985949001548]","[0.20033155121842627, 0.8577591891930944]","[0.5774918257931558, 0.4431194173015437]","[5.863167127430718e-05, 0.00018132796733511268]","[5.8636561584557434e-05, 0.00018133109162105088]","[0.3969799539936182, -0.4365583551972223]",0.14882022153484686
3,1847,"[0.3790017315330042, 0.6613982322442202]","[0.20033155121842627, 0.8577591891930944]","[0.5774917081002995, 0.4431190543557124]","[5.839795676250923e-05, 0.00018060320221195027]","[5.840280802432707e-05, 0.00018060630156585544]","[0.39697995313459056, -0.4365583557770156]",0.14882032201515283
3,1848,"[0.37900161473709065, 0.6613978710378158]","[0.20033155121842627, 0.8577591891930944]","[0.5774915908782887, 0.4431186928617117]","[5.816517064713489e-05, 0.0001798813318094043]","[5.816998317220712e-05, 0.00017988440643024184]","[0.39697995228239613, -0.4365583563522082]",0.148820422093834
3,1849,"[0.37900149840674935, 0.6613975112751521]","[0.20033155121842627, 0.8577591891930944]","[0.5774914741252395, 0.44311833281373386]","[5.7933309266055686e-05, 0.000179162344583195]","[5.793808336390649e-05, 0.0001791653946683902]","[0.3969799514369803, -0.4365583569228365]",0.1488205217724945
3,1850,"[0.3790013825401308, 0.661397152950463]","[0.20033155121842627, 0.8577591891930944]","[0.5774913578392755, 0.4431179742059946]","[5.770236897139062e-05, 0.00017844622903506212]","[5.77071049486233e-05, 0.00017844925478038842]","[0.3969799505982894, -0.4365583574889368]",0.14882062105273203
3,1851,"[0.3790012671353929, 0.6613967960580049]","[0.20033155121842627, 0.8577591891930944]","[0.5774912420185279, 0.4431176170327325]","[5.7472346129341905e-05, 0.00017773297371195799]","[5.747704429026612e-05, 0.00017773597531156593]","[0.39697994976626994, -0.4365583580505449]",0.148820719936138
3,1852,"[0.37900115219070063, 0.6613964405920575]","[0.20033155121842627, 0.8577591891930944]","[0.5774911266611349, 0.44311726128820916]","[5.724323712025306e-05, 0.00017702256720655642]","[5.724789776700989e-05, 0.00017702554485327093]","[0.3969799489408685, -0.43655835860769665]",0.14882081842429745
3,1853,"[0.3790010377042264, 0.6613960865469231]","[0.20033155121842627, 0.8577591891930944]","[0.5774910117652428, 0.44311690696670947]","[5.70150383386683e-05, 0.000176314998157081]","[5.7019661770740804e-05, 0.00017631795204187117]","[0.39697994812203274, -0.4365583591604272]",0.14882091651878904
3,1854,"[0.3790009236741497, 0.6613957339169267]","[0.20033155121842627, 0.8577591891930944]","[0.5774908973290049, 0.4431165540625408]","[5.67877461930631e-05, 0.00017561025524679425]","[5.679233270750039e-05, 0.00017561318555947558]","[0.3969799473097104, -0.4365583597087719]",0.14882101422118513
3,1855,"[0.3790008100986573, 0.6613953826964163]","[0.20033155121842627, 0.8577591891930944]","[0.577490783350582, 0.44311620257003365]","[5.656135710579778e-05, 0.00017490832720411213]","[5.656590699765207e-05, 0.00017491123413265752]","[0.3969799465038494, -0.4365583602527653]",0.1488211115330519
3,1856,"[0.37900069697594313, 0.6613950328797619]","[0.20033155121842627, 0.8577591891930944]","[0.5774906698281425, 0.4431158524835408]","[5.633586751346322e-05, 0.00017420920280183808]","[5.634038107493744e-05, 0.0001742120865329544]","[0.39697994570439865, -0.43655836079244215]",0.1488212084559492
3,1857,"[0.3790005843042081, 0.6613946844613563]","[0.20033155121842627, 0.8577591891930944]","[0.5774905567598616, 0.443115503797438]","[5.6111273866053355e-05, 0.00017351287085808816]","[5.611575138725344e-05, 0.0001735157315768121]","[0.39697994491130706, -0.43655836132783654]",0.14882130499143076
3,1858,"[0.3790004720816603, 0.6613943374356146]","[0.20033155121842627, 0.8577591891930944]","[0.5774904441439224, 0.44311515650612326]","[5.588757262782442e-05, 0.00017281932023479512]","[5.589201439643032e-05, 0.00017282215812491897]","[0.3969799441245241, -0.43655836185898267]",0.14882140114104409
3,1859,"[0.37900036030651507, 0.6613939917969741]","[0.20033155121842627, 0.8577591891930944]","[0.5774903319785146, 0.44311481060401703]","[5.566476027655442e-05, 0.00017212853983853435]","[5.5669166578398155e-05, 0.00017213135508226118]","[0.3969799433439991, -0.43655836238591417]",0.14882149690633026
3,1860,"[0.3790002489769945, 0.6613936475398944]","[0.20033155121842627, 0.8577591891930944]","[0.5774902202618359, 0.44311446608556215]","[5.54428333038552e-05, 0.00017144051862002792]","[5.54472044219656e-05, 0.00017144331139806734]","[0.39697994256968283, -0.43655836290866445]",0.14882159228882463
3,1861,"[0.37900013809132793, 0.6613933046588572]","[0.20033155121842627, 0.8577591891930944]","[0.5774901089920907, 0.44311412294522384]","[5.522178821487953e-05, 0.00017075524557405038]","[5.52261244302632e-05, 0.00017075801606558638]","[0.3969799418015256, -0.4365583634272666]",0.14882168729005613
3,1862,"[0.3790000276477515, 0.661392963148366]","[0.20033155121842627, 0.8577591891930944]","[0.5774899981674908, 0.4431137811774892]","[5.500162152833649e-05, 0.00017007270973881604]","[5.500592311963315e-05, 0.0001700754581217545]","[0.39697994103947865, -0.43655836394175374]",0.1488217819115476
3,1863,"[0.3789999176445084, 0.6613926230029465]","[0.20033155121842627, 0.8577591891930944]","[0.577489887786255, 0.4431134407768673]","[5.4782329776646195e-05, 0.00016939290019621508]","[5.478659702040645e-05, 0.00016939562664702867]","[0.39697994028349315, -0.43655836445215845]",0.14882187615481607
3,1864,"[0.37899980807984884, 0.6613922842171461]","[0.20033155121842627, 0.8577591891930944]","[0.5774897778466093, 0.44311310173788954]","[5.456390950576547e-05, 0.00016871580607167203]","[5.45681426763478e-05, 0.0001687185107654421]","[0.39697993953352084, -0.4365583649585132]",0.1488219700213722
3,1865,"[0.37899969895202984, 0.661391946785534]","[0.20033155121842627, 0.8577591891930944]","[0.5774896683467869, 0.4431127640551091]","[5.434635727509384e-05, 0.0001680414165340936]","[5.4350556644322534e-05, 0.00016804409964432665]","[0.3969799387895142, -0.4365583654608499]",0.14882206351272081
3,1866,"[0.3789995902593153, 0.6613916107027009]","[0.20033155121842627, 0.8577591891930944]","[0.577489559285028, 0.44311242772310055]","[5.412966965717547e-05, 0.00016736972079476714]","[5.41338354951848e-05, 0.00016737238249381337]","[0.3969799380514254, -0.4365583659592007]",0.1488221566303607
3,1867,"[0.37899948199997596, 0.6613912759632593]","[0.20033155121842627, 0.8577591891930944]","[0.5774894506595798, 0.4431120927364608]","[5.3913843238098864e-05, 0.0001667007081086459]","[5.3917975812445285e-05, 0.0001667033485672209]","[0.39697993731920767, -0.436558366453597]",0.14882224937578456
3,1868,"[0.37899937417228946, 0.661390942561843]","[0.20033155121842627, 0.8577591891930944]","[0.5774893424686964, 0.4431117590898078]","[5.3698874617259415e-05, 0.0001660343677730781]","[5.3702974193825526e-05, 0.0001660369871608336]","[0.39697993659281394, -0.43655836694407046]",0.14882234175047931
3,1869,"[0.3789992667745402, 0.6613906104931075]","[0.20033155121842627, 0.8577591891930944]","[0.5774892347106394, 0.4431114267777816]","[5.348476040738417e-05, 0.0001653706891281936]","[5.348882724931503e-05, 0.0001653732876131242]","[0.3969799358721984, -0.4365583674306519]",0.1488224337559258
3,1870,"[0.3789991598050194, 0.6613902797517293]","[0.20033155121842627, 0.8577591891930944]","[0.5774891273836767, 0.44311109579504304]","[5.3271497234191686e-05, 0.00016470966155603052]","[5.3275531603058646e-05, 0.00016471223930503154]","[0.39697993515731467, -0.43655836791337244]",0.14882252539359905
3,1871,"[0.37899905326202493, 0.6613899503324061]","[0.20033155121842627, 0.8577591891930944]","[0.5774890204860836, 0.44311076613627476]","[5.3059081736728464e-05, 0.0001640512744813685]","[5.306308389163572e-05, 0.00016405383165996046]","[0.3969799344481174, -0.4365583683922627]",0.14882261666496827
3,1872,"[0.37899894714386145, 0.6613896222298572]","[0.20033155121842627, 0.8577591891930944]","[0.577488914016142, 0.44311043779618065]","[5.2847510566994015e-05, 0.00016339551737107853]","[5.285148076539237e-05, 0.00016339805414350428]","[0.3969799337445611, -0.4365583688673531]",0.14882270757149652
3,1873,"[0.37899884144884033, 0.6613892954388224]","[0.20033155121842627, 0.8577591891930944]","[0.577488807972141, 0.4431101107694856]","[5.263678039024232e-05, 0.00016274237973343394]","[5.264071888694266e-05, 0.00016274489626239008]","[0.3969799330466013, -0.43655836933867365]",0.14882279811464139
3,1874,"[0.37899873617527957, 0.6613889699540629]","[0.20033155121842627, 0.8577591891930944]","[0.577488702352376, 0.44310978505093573]","[5.242688788450584e-05, 0.00016209185111903365]","[5.2430794932945e-05, 0.00016209434756614405]","[0.39697993235419293, -0.4365583698062544]",0.14882288829585436
3,1875,"[0.3789986313215038, 0.6613886457703607]","[0.20033155121842627, 0.8577591891930944]","[0.5774885971551499, 0.4431094606352982]","[5.2217829740921104e-05, 0.0001614439211197317]","[5.2221705592103707e-05, 0.0001614463976452596]","[0.3969799316672922, -0.436558370270125]",0.14882297811658124
3,1876,"[0.3789985268858443, 0.6613883228825185]","[0.20033155121842627, 0.8577591891930944]","[0.5774884923787718, 0.44310913751736103]","[5.2009602663306185e-05, 0.00016079857936874317]","[5.201344756655679e-05, 0.00016080103613164143]","[0.39697993098585493, -0.4365583707303149]",0.14882306757826208
3,1877,"[0.378998422866639, 0.6613880012853597]","[0.20033155121842627, 0.8577591891930944]","[0.577488388021558, 0.44310881569193306]","[5.18022033688804e-05, 0.00016015581554068125]","[5.180601757120984e-05, 0.00016015825269860562]","[0.396979930309838, -0.43655837118685326]",0.14882315668233126
3,1878,"[0.37899831926223226, 0.6613876809737286]","[0.20033155121842627, 0.8577591891930944]","[0.5774882840818314, 0.443108495153844]","[5.1595628586987084e-05, 0.00015951561935118497]","[5.159941233351395e-05, 0.000159518037060713]","[0.39697992963919826, -0.4365583716397692]",0.14882324543021727
3,1879,"[0.3789982160709751, 0.6613873619424899]","[0.20033155121842627, 0.8577591891930944]","[0.5774881805579215, 0.44310817589794427]","[5.138987506021456e-05, 0.00015887798055704423]","[5.139362859418739e-05, 0.00015888037897332508]","[0.3969799289738928, -0.4365583720890913]",0.148823333823343
3,1880,"[0.378998113291225, 0.6613870441865288]","[0.20033155121842627, 0.8577591891930944]","[0.5774880774481645, 0.44310785791910473]","[5.1184939543504774e-05, 0.00015824288895532684]","[5.1188663106327414e-05, 0.00015824526823232654]","[0.39697992831387907, -0.4365583725348482]",0.14882342186312564
3,1881,"[0.37899801092134594, 0.6613867277007509]","[0.20033155121842627, 0.8577591891930944]","[0.5774879747509036, 0.44310754121221685]","[5.0980818804739265e-05, 0.00015761033438402663]","[5.098451263546577e-05, 0.00015761269467445826]","[0.3969799276591154, -0.4365583729770681]",0.14882350955097678
3,1882,"[0.3789979089597083, 0.6613864124800821]","[0.20033155121842627, 0.8577591891930944]","[0.5774878724644881, 0.4431072257721925]","[5.077750962417832e-05, 0.00015698030672141]","[5.0781173960456893e-05, 0.00015698264817681773]","[0.39697992700955953, -0.4365583734157792]",0.1488235968883022
3,1883,"[0.3789978074046891, 0.6613860985194687]","[0.20033155121842627, 0.8577591891930944]","[0.5774877705872743, 0.4431069115939641]","[5.057500879501686e-05, 0.00015635279588637607]","[5.057864387220112e-05, 0.00015635511865708107]","[0.39697992636517043, -0.43655837385100926]",0.14882368387650236
3,1884,"[0.3789977062546715, 0.661385785813877]","[0.20033155121842627, 0.8577591891930944]","[0.5774876691176248, 0.44310659867248403]","[5.037331312252869e-05, 0.000155727791837491]","[5.0376919174421886e-05, 0.0001557300960725594]","[0.3969799257259067, -0.4365583742827859]",0.1488237705169719
3,1885,"[0.37899760550804523, 0.6613854743582933]","[0.20033155121842627, 0.8577591891930944]","[0.5774875680539091, 0.44310628700272503]","[5.0172419424757214e-05, 0.0001551052845734675]","[5.0175996682944035e-05, 0.00015510757042086487]","[0.39697992509172775, -0.43655837471113657]",0.14882385681109994
3,1886,"[0.3789975051632064, 0.6613851641477242]","[0.20033155121842627, 0.8577591891930944]","[0.577487467394503, 0.44310597657968]","[4.997232453207293e-05, 0.0001544852641327781]","[4.997587322647101e-05, 0.00015448753173924468]","[0.3969799244625931, -0.4365583751360884]",0.14882394276027022
3,1887,"[0.37899740521855735, 0.6613848551771959]","[0.20033155121842627, 0.8577591891930944]","[0.5774873671377887, 0.44310566739836166]","[4.977302528704982e-05, 0.00015386772059366424]","[4.977654564569667e-05, 0.00015386997010480297]","[0.3969799238384627, -0.4365583755576685]",0.14882402836586073
3,1888,"[0.3789973056725068, 0.6613845474417547]","[0.20033155121842627, 0.8577591891930944]","[0.5774872672821552, 0.4431053594538029]","[4.9574518544949e-05, 0.00015325264407366874]","[4.957801079391588e-05, 0.00015325487563383478]","[0.39697992321929676, -0.4365583759759035]",0.1488241136292441
3,1889,"[0.3789972065234697, 0.6613842409364665]","[0.20033155121842627, 0.8577591891930944]","[0.5774871678259974, 0.4431050527410565]","[4.93768011728503e-05, 0.0001526400247298761]","[4.938026553691355e-05, 0.00015264223848243663]","[0.39697992260505544, -0.43655837639082007]",0.14882419855178738
3,1890,"[0.37899710776986734, 0.6613839356564171]","[0.20033155121842627, 0.8577591891930944]","[0.5774870687677172, 0.4431047472551949]","[4.917987005051306e-05, 0.0001520298527584255]","[4.918330675240945e-05, 0.00015203204884534083]","[0.39697992199569965, -0.43655837680244436]",0.14882428313485224
3,1891,"[0.37899700941012726, 0.6613836315967115]","[0.20033155121842627, 0.8577591891930944]","[0.5774869701057226, 0.44310444299131024]","[4.898372206978783e-05, 0.0001514221183945035]","[4.898713133039134e-05, 0.00015142429695674808]","[0.39697992139119065, -0.4365583772108026]",0.14882436737979493
3,1892,"[0.3789969114426831, 0.6613833287524747]","[0.20033155121842627, 0.8577591891930944]","[0.5774868718384282, 0.4431041399445144]","[4.878835413432479e-05, 0.00015081681191199306]","[4.879173617250432e-05, 0.00015081897308938386]","[0.39697992079149014, -0.43655837761592065]",0.14882445128796623
3,1893,"[0.37899681386597484, 0.6613830271188509]","[0.20033155121842627, 0.8577591891930944]","[0.5774867739642546, 0.4431038381099387]","[4.859376316029225e-05, 0.00015021392362360903]","[4.8597118193494104e-05, 0.00015021606755499795]","[0.3969799201965596, -0.4365583780178244]",0.14882453486071168
3,1894,"[0.37899671667844853, 0.6613827266910036]","[0.20033155121842627, 0.8577591891930944]","[0.5774866764816291, 0.443103537482734]","[4.839994607570302e-05, 0.0001496134438808404]","[4.840327431948621e-05, 0.00014961557070386489]","[0.39697991960636114, -0.4365583784165392]",0.1488246180993712
3,1895,"[0.3789966198785564, 0.6613824274641159]","[0.20033155121842627, 0.8577591891930944]","[0.577486579388985, 0.4431032380580707]","[4.8206899820569386e-05, 0.00014901536307339105]","[4.8210201488763094e-05, 0.0001490174729244509]","[0.39697991902085716, -0.43655837881209036]",0.1488247010052795
3,1896,"[0.3789965234647567, 0.6613821294333898]","[0.20033155121842627, 0.8577591891930944]","[0.5774864826847617, 0.44310293983113824]","[4.801462134678302e-05, 0.00014841967162905264]","[4.801789665193068e-05, 0.0001484217646437469]","[0.3969799184400099, -0.43655837920450313]",0.14882478357976603
3,1897,"[0.37899642743551404, 0.6613818325940466]","[0.20033155121842627, 0.8577591891930944]","[0.5774863863674055, 0.44310264279714545]","[4.7823107618531605e-05, 0.00014782636001396663]","[4.782635677097469e-05, 0.00014782843632654696]","[0.39697991786378284, -0.4365583795938023]",0.14882486582415483
3,1898,"[0.3789963317892988, 0.6613815369413266]","[0.20033155121842627, 0.8577591891930944]","[0.5774862904353684, 0.44310234695132034]","[4.763235561140759e-05, 0.00014723541873204032]","[4.763557881987124e-05, 0.0001472374784758368]","[0.3969799172921391, -0.43655837998001257]",0.14882494773976473
3,1899,"[0.3789962365245876, 0.6613812424704891]","[0.20033155121842627, 0.8577591891930944]","[0.5774861948871086, 0.44310205228890986]","[4.7442362313011804e-05, 0.0001466468383249789]","[4.74455597847534e-05, 0.00014664888163223866]","[0.39697991672504207, -0.4365583803631585]",0.1488250293279093
3,1900,"[0.37899614163986295, 0.6613809491768124]","[0.20033155121842627, 0.8577591891930944]","[0.5774860997210908, 0.44310175880518027]","[4.725312472268634e-05, 0.00014606060937233546]","[4.7256296663245045e-05, 0.00014606263637412242]","[0.39697991616245565, -0.43655838074326436]",0.1488251105898967
3,1901,"[0.3789960471336135, 0.6613806570555937]","[0.20033155121842627, 0.8577591891930944]","[0.5774860049357855, 0.4431014664954165]","[4.7064639851664676e-05, 0.00014547672249103194]","[4.706778646490495e-05, 0.00014547873331760552]","[0.396979915604344, -0.4365583811203544]",0.1488251915270301
3,1902,"[0.3789959530043338, 0.6613803661021487]","[0.20033155121842627, 0.8577591891930944]","[0.5774859105296695, 0.4431011753549225]","[4.6876904722645274e-05, 0.00014489516833545333]","[4.688002621089371e-05, 0.00014489716311577583]","[0.3969799150506713, -0.43655838149445236]",0.14882527214060726
3,1903,"[0.37899585925052437, 0.6613800763118121]","[0.20033155121842627, 0.8577591891930944]","[0.5774858165012258, 0.4431008853790209]","[4.66899163700813e-05, 0.00014431593759714855]","[4.66930129336407e-05, 0.0001443179164594688]","[0.3969799145014028, -0.43655838186558227]",0.14882535243192108
3,1904,"[0.3789957658706916, 0.6613797876799369]","[0.20033155121842627, 0.8577591891930944]","[0.577485722848943, 0.4431005965630532]","[4.650367183996837e-05, 0.00014373902100457098]","[4.650674367828733e-05, 0.00014374098407576863]","[0.3969799139565027, -0.4365583822337674]",0.14882543240225884
3,1905,"[0.37899567286334795, 0.6613795002018948]","[0.20033155121842627, 0.8577591891930944]","[0.5774856295713162, 0.4431003089023792]","[4.631816818992507e-05, 0.0001431644093230422]","[4.632121550046664e-05, 0.0001431663567291186]","[0.3969799134159365, -0.43655838259903124]",0.14882551205290312
3,1906,"[0.3789955802270116, 0.6613792138730762]","[0.20033155121842627, 0.8577591891930944]","[0.5774855366668467, 0.44310002239237767]","[4.613340248913953e-05, 0.00014259209335494775]","[4.613642546746899e-05, 0.00014259402522104336]","[0.39697991287967016, -0.43655838296139704]",0.14882559138513113
3,1907,"[0.3789954879602066, 0.6613789286888895]","[0.20033155121842627, 0.8577591891930944]","[0.5774854441340411, 0.4430997370284457]","[4.594937181799642e-05, 0.00014202206393913004]","[4.595237065851965e-05, 0.00014202398038909436]","[0.39697991234766905, -0.4365583833208876]",0.14882567040021502
3,1908,"[0.378995396061463, 0.6613786446447616]","[0.20033155121842627, 0.8577591891930944]","[0.5774853519714127, 0.4430994528059986]","[4.576607326849003e-05, 0.00014145431195087513]","[4.57690481638906e-05, 0.00014145621310784895]","[0.39697991181989944, -0.436558383677526]",0.14882574909942198
3,1909,"[0.37899530452931646, 0.6613783617361377]","[0.20033155121842627, 0.8577591891930944]","[0.5774852601774803, 0.4430991697204705]","[4.558350394404006e-05, 0.0001408888283020013]","[4.558645508551118e-05, 0.0001408907142878557]","[0.3969799112963276, -0.4365583840313345]",0.1488258274840139
3,1910,"[0.37899521336230857, 0.6613780799584811]","[0.20033155121842627, 0.8577591891930944]","[0.5774851687507685, 0.4430988877673131]","[4.540166095919444e-05, 0.0001403256039399158]","[4.540458853669049e-05, 0.0001403274748758565]","[0.39697991077691985, -0.43655838438233596]",0.1488259055552479
3,1911,"[0.37899512255898665, 0.6613777993072733]","[0.20033155121842627, 0.8577591891930944]","[0.5774850776898084, 0.44309860694199704]","[4.52205414401303e-05, 0.0001397646298489649]","[4.522344564161784e-05, 0.0001397664858550085]","[0.3969799102616435, -0.4365583847305524]",0.14882598331437596
3,1912,"[0.37899503211790375, 0.6613775197780135]","[0.20033155121842627, 0.8577591891930944]","[0.5774849869931367, 0.44309832724001047]","[4.504014252393337e-05, 0.00013920589704848865]","[4.504302353569578e-05, 0.00013920773824382948]","[0.3969799097504658, -0.4365583850760061]",0.1488260607626452
3,1913,"[0.3789949420376187, 0.6613772413662194]","[0.20033155121842627, 0.8577591891930944]","[0.5774848966592956, 0.44309804865686003]","[4.4860461358968865e-05, 0.0001386493965943301]","[4.486331936637278e-05, 0.0001386512230971415]","[0.3969799092433538, -0.43655838541871883]",0.14882613790129745
3,1914,"[0.378994852316696, 0.6613769640674263]","[0.20033155121842627, 0.8577591891930944]","[0.5774848066868336, 0.44309777118807003]","[4.468149510495772e-05, 0.00013809511957757256]","[4.468433029181096e-05, 0.00013809693150518276]","[0.3969799087402751, -0.43655838575871253]",0.14882621473156982
3,1915,"[0.37899476295370577, 0.6613766878771872]","[0.20033155121842627, 0.8577591891930944]","[0.5774847170743046, 0.44309749482918287]","[4.450324093242306e-05, 0.00013754305712468772]","[4.450605348105263e-05, 0.0001375448545933855]","[0.39697990824119767, -0.4365583860960086]",0.1488262912546944
3,1916,"[0.3789946739472239, 0.661376412791073]","[0.20033155121842627, 0.8577591891930944]","[0.5774846278202689, 0.4430972195757587]","[4.432569602341212e-05, 0.0001369932003977637]","[4.432848611435336e-05, 0.00013699498352287565]","[0.39697990774608993, -0.4365583864306285]",0.1488263674718986
3,1917,"[0.37899458529583185, 0.6613761388046722]","[0.20033155121842627, 0.8577591891930944]","[0.5774845389232919, 0.4430969454233754]","[4.414885757048323e-05, 0.00013644554059376868]","[4.415162538312645e-05, 0.00013644730948980666]","[0.39697990725492005, -0.4365583867625935]",0.14882644338440448
3,1918,"[0.3789944969981167, 0.661375865913591]","[0.20033155121842627, 0.8577591891930944]","[0.5774844503819451, 0.4430966723676287]","[4.397272277748599e-05, 0.00013590006894499337]","[4.3975468489831915e-05, 0.00013590182372547055]","[0.3969799067676567, -0.4365583870919246]",0.14882651899342958
3,1919,"[0.3789944090526712, 0.6613755941134531]","[0.20033155121842627, 0.8577591891930944]","[0.5774843621948056, 0.44309640040413173]","[4.37972888593335e-05, 0.0001353567767185227]","[4.380001264786548e-05, 0.00013535851749613137]","[0.3969799062842688, -0.43655838741864283]",0.14882659430018647
3,1920,"[0.3789943214580935, 0.6613753233998997]","[0.20033155121842627, 0.8577591891930944]","[0.5774842743604564, 0.4430961295285152]","[4.3622553041582856e-05, 0.0001348156552161514]","[4.36252550812255e-05, 0.00013481738210280314]","[0.39697990580472575, -0.436558387742769]",0.14882666930588295
3,1921,"[0.3789942342129874, 0.6613750537685893]","[0.20033155121842627, 0.8577591891930944]","[0.5774841868774858, 0.44309585973642757]","[4.3448512560694986e-05, 0.0001342766957746002]","[4.345119302506806e-05, 0.00013427840888102782]","[0.39697990532899685, -0.43655838806432345]",0.14882674401172183
3,1922,"[0.37899414731596226, 0.6613747852151978]","[0.20033155121842627, 0.8577591891930944]","[0.5774840997444881, 0.44309559102353446]","[4.3275164664022714e-05, 0.0001337398897647101]","[4.327782372542943e-05, 0.0001337415892008198]","[0.3969799048570517, -0.4365583883833266]",0.14882681841890122
3,1923,"[0.3789940607656329, 0.6613745177354182]","[0.20033155121842627, 0.8577591891930944]","[0.5774840129600629, 0.4430953233855188]","[4.310250660967333e-05, 0.0001332052285917666]","[4.3105144439281595e-05, 0.00013320691446666588]","[0.39697990438886, -0.4365583886997988]",0.14882689252861453
3,1924,"[0.3789939745606197, 0.6613742513249611]","[0.20033155121842627, 0.8577591891930944]","[0.5774839265228158, 0.44309505681808103]","[4.293053566664268e-05, 0.0001326727036956594]","[4.293315243381057e-05, 0.00013267437611758082]","[0.3969799039243922, -0.4365583890137601]",0.14882696634205028
3,1925,"[0.37899388869954836, 0.6613739859795537]","[0.20033155121842627, 0.8577591891930944]","[0.5774838404313576, 0.4430947913169384]","[4.275924911451031e-05, 0.00013214230654967147]","[4.2761844987582176e-05, 0.00013214396562605257]","[0.39697990346361844, -0.4365583893252305]",0.1488270398603923
3,1926,"[0.37899380318105014, 0.6613737216949406]","[0.20033155121842627, 0.8577591891930944]","[0.577483754684305, 0.4430945268778258]","[4.2588644243385926e-05, 0.0001316140286618776]","[4.259121938893218e-05, 0.00013161567449904155]","[0.39697990300650976, -0.43655838963422955]",0.1488271130848197
3,1927,"[0.37899371800376164, 0.6613734584668832]","[0.20033155121842627, 0.8577591891930944]","[0.5774836692802798, 0.4430942634964947]","[4.2418718354084685e-05, 0.00013108786157343472]","[4.2421272937964716e-05, 0.00013108949427703687]","[0.3969799025530364, -0.436558389940777]",0.14882718601650677
3,1928,"[0.37899363316632495, 0.6613731962911601]","[0.20033155121842627, 0.8577591891930944]","[0.57748358421791, 0.4430940011687139]","[4.22494687582745e-05, 0.0001305637968597096]","[4.225200294422082e-05, 0.00013056541653466702]","[0.39697990210317013, -0.4365583902448924]",0.14882725865662344
3,1929,"[0.37899354866738744, 0.6613729351635663]","[0.20033155121842627, 0.8577591891930944]","[0.5774834994958283, 0.44309373989026885]","[4.2080892777596754e-05, 0.00013004182612915023]","[4.208340672867683e-05, 0.0001300434328794231]","[0.3969799016568818, -0.43655839054659495]",0.14882733100633466
3,1930,"[0.3789934645056019, 0.661372675079914]","[0.20033155121842627, 0.8577591891930944]","[0.5774834151126734, 0.4430934796569621]","[4.1912987744758673e-05, 0.000129521941024152]","[4.191548162246761e-05, 0.00012952353495288005]","[0.39697990121414306, -0.43655839084590387]",0.14882740306680065
3,1931,"[0.3789933806796264, 0.661372416036032]","[0.20033155121842627, 0.8577591891930944]","[0.5774833310670893, 0.4430932204646131]","[4.174575100251827e-05, 0.0001290041332201238]","[4.1748224967108616e-05, 0.0001290057144294754]","[0.39697990077492573, -0.4365583911428379]",0.1488274748391773
3,1932,"[0.3789932971881244, 0.6613721580277656]","[0.20033155121842627, 0.8577591891930944]","[0.5774832473577252, 0.4430929623090575]","[4.1579179904212075e-05, 0.0001284883944255129]","[4.158163411493998e-05, 0.0001284899630171754]","[0.3969799003392015, -0.43655839143741626]",0.14882754632461576
3,1933,"[0.3789932140297646, 0.6613719010509768]","[0.20033155121842627, 0.8577591891930944]","[0.5774831639832361, 0.4430927051861481]","[4.1413271813637514e-05, 0.0001279747163819108]","[4.1415706428016286e-05, 0.00012797627245647591]","[0.39697989990694293, -0.4365583917296574]",0.14882761752426252
3,1934,"[0.378993131203221, 0.661371645101544]","[0.20033155121842627, 0.8577591891930944]","[0.5774830809422822, 0.4430924490917541]","[4.12480241047201e-05, 0.0001274630908638619]","[4.125043927921679e-05, 0.0001274646345211239]","[0.3969798994781224, -0.4365583920195798]",0.1488276884392596
3,1935,"[0.37899304870717276, 0.6613713901753623]","[0.20033155121842627, 0.8577591891930944]","[0.577482998233529, 0.4430921940217612]","[4.108343416190938e-05, 0.00012695350967862422]","[4.108583005174582e-05, 0.00012695504101783994]","[0.39697989905271247, -0.43655839230720217]",0.14882775907074441
3,1936,"[0.37899296654030445, 0.6613711362683429]","[0.20033155121842627, 0.8577591891930944]","[0.5774829158556474, 0.44309193997207164]","[4.091949937970202e-05, 0.00012644596466589611]","[4.0921876139077273e-05, 0.0001264474837852636]","[0.39697989863068583, -0.4365583925925425]",0.1488278294198498
3,1937,"[0.3789928847013057, 0.6613708833764136]","[0.20033155121842627, 0.8577591891930944]","[0.5774828338073137, 0.4430916869386041]","[4.075621716304599e-05, 0.00012594044769846609]","[4.075857494451052e-05, 0.00012594195469550762]","[0.39697989821201596, -0.43655839287561893]",0.1488278994877041
3,1938,"[0.3789928031888714, 0.6613706314955182]","[0.20033155121842627, 0.8577591891930944]","[0.5774827520872092, 0.4430914349172934]","[4.059358492677004e-05, 0.00012543695068087296]","[4.059592388216959e-05, 0.00012543844565243711]","[0.39697989779667564, -0.4365583931564496]",0.14882796927543113
3,1939,"[0.37899272200170153, 0.6613703806216169]","[0.20033155121842627, 0.8577591891930944]","[0.577482670694021, 0.44309118390409075]","[4.04316000961105e-05, 0.00012493546555014676]","[4.0433920375393395e-05, 0.0001249369485922247]","[0.396979897384639, -0.4365583934350523]",0.14882803878415035
3,1940,"[0.37899264113850134, 0.6613701307506858]","[0.20033155121842627, 0.8577591891930944]","[0.5774825896264411, 0.44309093389496357]","[4.0270260106207086e-05, 0.00012443598427543882]","[4.0272561858623046e-05, 0.00012443745548312846]","[0.39697989697587943, -0.43655839371144456]",0.14882810801497662
3,1941,"[0.37899256059798114, 0.6613698818787173]","[0.20033155121842627, 0.8577591891930944]","[0.5774825088831665, 0.44309068488589526]","[4.010956240244301e-05, 0.00012393849885762023]","[4.011184577601412e-05, 0.00012393995832543636]","[0.3969798965703708, -0.436558393985644]",0.14882817696902034
3,1942,"[0.37899248037885636, 0.6613696340017196]","[0.20033155121842627, 0.8577591891930944]","[0.5774824284629001, 0.4430904368728856]","[3.9949504440145796e-05, 0.0001234430013300415]","[3.995176958143665e-05, 0.00012344444915157737]","[0.3969798961680875, -0.43655839425766796]",0.14882824564738756
3,1943,"[0.3789924004798475, 0.6613693871157169]","[0.20033155121842627, 0.8577591891930944]","[0.5774823483643493, 0.44309018985195]","[3.9790083684516914e-05, 0.00012294948375728666]","[3.9792330739196746e-05, 0.0001229509200256218]","[0.3969798957690036, -0.43655839452753387]",0.1488283140511798
3,1944,"[0.37899232089968016, 0.6613691412167494]","[0.20033155121842627, 0.8577591891930944]","[0.5774822685862271, 0.44308994381912004]","[3.963129761084038e-05, 0.0001224579382356689]","[3.963352672325948e-05, 0.00012245936304294824]","[0.39697989537309386, -0.4365583947952587]",0.14882838218149436
3,1945,"[0.37899224163708495, 0.6613688963008729]","[0.20033155121842627, 0.8577591891930944]","[0.5774821891272515, 0.44308969877044324]","[3.9473143704209265e-05, 0.00012196835689301287]","[3.9475355017581926e-05, 0.00012196977033057665]","[0.39697989498033304, -0.43655839506085936]",0.14882845003942397
3,1946,"[0.37899216269079755, 0.6613686523641591]","[0.20033155121842627, 0.8577591891930944]","[0.5774821099861455, 0.44308945470198263]","[3.93156194596735e-05, 0.00012148073188842042]","[3.931781311627969e-05, 0.00012148213404711283]","[0.3969798945906958, -0.4365583953243529]",0.14882851762605714
3,1947,"[0.37899208405955864, 0.6613684094026954]","[0.20033155121842627, 0.8577591891930944]","[0.5774820311616373, 0.4430892116098173]","[3.91587223821388e-05, 0.00012099505541264321]","[3.916089852312732e-05, 0.00012099644638258189]","[0.39697989420415736, -0.43655839558575615]",0.14882858494247786
3,1948,"[0.3789920057421139, 0.6613681674125845]","[0.20033155121842627, 0.8577591891930944]","[0.5774819526524606, 0.44308896949004184]","[3.900244998618197e-05, 0.00012051131968691061]","[3.900460875111422e-05, 0.000120512699557207]","[0.39697989382069343, -0.4365583958450854]",0.14882865198976608
3,1949,"[0.3789919277372139, 0.6613679263899451]","[0.20033155121842627, 0.8577591891930944]","[0.5774818744573534, 0.44308872833876656]","[3.884679979621467e-05, 0.00012002951696373334]","[3.884894132410999e-05, 0.00012003088582296373]","[0.39697989344027906, -0.43655839610235714]",0.14882871876899711
3,1950,"[0.3789918500436143, 0.6613676863309113]","[0.20033155121842627, 0.8577591891930944]","[0.5774817965750596, 0.4430884881521173]","[3.8691769346389275e-05, 0.00011954963952680608]","[3.8693893774477406e-05, 0.00011955099746291387]","[0.3969798930628906, -0.43655839635758786]",0.14882878528124227
3,1951,"[0.3789917726600756, 0.6613674472316322]","[0.20033155121842627, 0.8577591891930944]","[0.5774817190043273, 0.4430882489262354]","[3.8537356180512744e-05, 0.00011907167968995964]","[3.853946364557048e-05, 0.00011907302679003973]","[0.3969798926885034, -0.43655839661079365]",0.1488288515275683
3,1952,"[0.3789916955853633, 0.6613672090882728]","[0.20033155121842627, 0.8577591891930944]","[0.5774816417439101, 0.4430880106572775]","[3.8383557852009034e-05, 0.00011859562979800152]","[3.8385648489625e-05, 0.00011859696614863191]","[0.39697989231709374, -0.4365583968619907]",0.148828917509038
3,1953,"[0.37899161881824756, 0.6613669718970132]","[0.20033155121842627, 0.8577591891930944]","[0.5774815647925666, 0.4430877733414158]","[3.8230371923848806e-05, 0.00011812148222619572]","[3.8232445868202625e-05, 0.00011812280791306806]","[0.39697989194863814, -0.4365583971111948]",0.14882898322670968
3,1954,"[0.3789915423575037, 0.6613667356540488]","[0.20033155121842627, 0.8577591891930944]","[0.5774814881490602, 0.44308753697483794]","[3.807779596882353e-05, 0.00011764922938035501]","[3.8079853353190085e-05, 0.000117650544488479]","[0.396979891583113, -0.4365583973584217]",0.1488290486816375
3,1955,"[0.37899146620191176, 0.6613665003555901]","[0.20033155121842627, 0.8577591891930944]","[0.5774814118121592, 0.44308730155374637]","[3.792582756891344e-05, 0.00011717886369614197]","[3.792786852563346e-05, 0.00011718016831013811]","[0.3969798912204948, -0.4365583976036874]",0.14882911387487144
3,1956,"[0.37899139035025664, 0.6613662659978626]","[0.20033155121842627, 0.8577591891930944]","[0.577481335780637, 0.443087067074359]","[3.7774464315918885e-05, 0.00011671037763956621]","[3.777648897612673e-05, 0.00011671167184307274]","[0.3969798908607607, -0.43655839784700723]",0.14882917880745733
3,1957,"[0.378991314801328, 0.6613660325771074]","[0.20033155121842627, 0.8577591891930944]","[0.5774812600532717, 0.443086833532909]","[3.76237038108209e-05, 0.00011624376370694784]","[3.762571230486733e-05, 0.00011624504758306342]","[0.3969798905038874, -0.4365583980883967]",0.1488292434804367
3,1958,"[0.3789912395539204, 0.6613658000895799]","[0.20033155121842627, 0.8577591891930944]","[0.5774811846288467, 0.4430866009256444]","[3.747354366418134e-05, 0.00011577901442395008]","[3.747553612087895e-05, 0.00011578028805503404]","[0.3969798901498526, -0.436558398327871]",0.14882930789484697
3,1959,"[0.3789911646068331, 0.661365568531551]","[0.20033155121842627, 0.8577591891930944]","[0.5774811095061498, 0.44308636924882827]","[3.732398149600426e-05, 0.0001153161223465011]","[3.732595804339933e-05, 0.00011531738581438411]","[0.3969798897986335, -0.43655839856544554]",0.14882937205172153
3,1960,"[0.3789910899588701, 0.6613653378993063]","[0.20033155121842627, 0.8577591891930944]","[0.577481034683974, 0.4430861384987387]","[3.717501493552003e-05, 0.00011485508005988741]","[3.717697570054801e-05, 0.00011485633344560098]","[0.3969798894502079, -0.43655839880113523]",0.14882943595208953
3,1961,"[0.37899101560884024, 0.6613651081891462]","[0.20033155121842627, 0.8577591891930944]","[0.5774809601611168, 0.44308590867166864]","[3.702664162118773e-05, 0.00011439588017926731]","[3.702858673004794e-05, 0.00011439712356325904]","[0.3969798891045532, -0.4365583990349551]",0.14882949959697592
3,1962,"[0.378990941555557, 0.6613648793973859]","[0.20033155121842627, 0.8577591891930944]","[0.5774808859363807, 0.4430856797639259]","[3.687885920094949e-05, 0.00011393851534887767]","[3.688078877883694e-05, 0.00011393974881102054]","[0.39697988876164736, -0.43655839926691997]",0.1488295629874017
3,1963,"[0.37899086779783864, 0.6613646515203552]","[0.20033155121842627, 0.8577591891930944]","[0.5774808120085732, 0.4430854517718329]","[3.673166533199886e-05, 0.00011348297824227975]","[3.673357950256806e-05, 0.00011348420186174657]","[0.39697988842146903, -0.43655839949704456]",0.14882962612438383
3,1964,"[0.378990794334508, 0.6613644245543987]","[0.20033155121842627, 0.8577591891930944]","[0.577480738376506, 0.443085224691727]","[3.658505768056155e-05, 0.00011302926156255482]","[3.6586956566941886e-05, 0.00011303047541777467]","[0.3969798880839961, -0.4365583997253434]",0.14882968900893517
3,1965,"[0.37899072116439264, 0.6613641984958756]","[0.20033155121842627, 0.8577591891930944]","[0.5774806650389963, 0.44308499851995997]","[3.6439033922095474e-05, 0.00011257735804143549]","[3.644091764609669e-05, 0.0001125785622105302]","[0.39697988774920734, -0.4365583999518312]",0.14882975164206452
3,1966,"[0.3789906482863248, 0.6613639733411595]","[0.20033155121842627, 0.8577591891930944]","[0.5774805919948653, 0.4430847732528984]","[3.629359174114187e-05, 0.00011212726044004292]","[3.629546042399623e-05, 0.0001121284550001933]","[0.3969798874170811, -0.43655840017652214]",0.14882981402477652
3,1967,"[0.3789905756991413, 0.6613637490866386]","[0.20033155121842627, 0.8577591891930944]","[0.5774805192429394, 0.4430845488869234]","[3.6148728831511e-05, 0.00011167896154817643]","[3.6150582593430514e-05, 0.00011168014657603198]","[0.39697988708759624, -0.4365584003994305]",0.14882987615807197
3,1968,"[0.3789905034016836, 0.6613635257287156]","[0.20033155121842627, 0.8577591891930944]","[0.5774804467820495, 0.44308432541843035]","[3.60044428959103e-05, 0.00011123245418426254]","[3.6006281856126865e-05, 0.00011123362975595796]","[0.3969798867607317, -0.4365584006205705]",0.14882993804294756
3,1969,"[0.3789904313927978, 0.6613633032638072]","[0.20033155121842627, 0.8577591891930944]","[0.5774803746110313, 0.44308410284382915]","[3.5860731646345504e-05, 0.00011078773119526994]","[3.5862555922805406e-05, 0.0001107888973862492]","[0.396979886436467, -0.4365584008399561]",0.14882999968039629
3,1970,"[0.37899035967133454, 0.6613630816883448]","[0.20033155121842627, 0.8577591891930944]","[0.577480302728725, 0.4430838811595441]","[3.571759280348472e-05, 0.00011034478545691846]","[3.571940251373418e-05, 0.00011034594234210493]","[0.39697988611478086, -0.43655840105760135]",0.14883006107140673
3,1971,"[0.37899028823614894, 0.6613628609987738]","[0.20033155121842627, 0.8577591891930944]","[0.5774802311339755, 0.4430836603620139]","[3.55750240971588e-05, 0.00010990360987331847]","[3.5576819357507894e-05, 0.00010990475752686857]","[0.39697988579565313, -0.43655840127351986]",0.14883012221696384
3,1972,"[0.37899021708610076, 0.6613626411915541]","[0.20033155121842627, 0.8577591891930944]","[0.5774801598256325, 0.4430834404476914]","[3.543302326610192e-05, 0.0001094641973767262]","[3.54348041918251e-05, 0.00010946533587230522]","[0.3969798854790635, -0.4365584014877254]",0.14883018311804855
3,1973,"[0.3789901462200542, 0.6613624222631593]","[0.20033155121842627, 0.8577591891930944]","[0.5774800888025502, 0.4430832214130435]","[3.5291588057820014e-05, 0.00010902654092769456]","[3.5293354763155094e-05, 0.00010902767033843519]","[0.39697988516499194, -0.43655840170023164]",0.14883024377563792
3,1974,"[0.3789900756368781, 0.6613622042100775]","[0.20033155121842627, 0.8577591891930944]","[0.5774800180635871, 0.4430830032545515]","[3.5150716228671085e-05, 0.00010859063351477223]","[3.515246882745959e-05, 0.00010859175391314535]","[0.39697988485341795, -0.436558401911052]",0.1488303041907049
3,1975,"[0.37899000533544563, 0.6613619870288104]","[0.20033155121842627, 0.8577591891930944]","[0.5774799476076067, 0.44308278596871054]","[3.501040554412718e-05, 0.00010815646815414013]","[3.5012144148804936e-05, 0.00010815757961202266]","[0.3969798845443221, -0.4365584021201998]",0.14883036436421893
3,1976,"[0.37898993531463454, 0.6613617707158741]","[0.20033155121842627, 0.8577591891930944]","[0.5774798774334768, 0.44308256955202985]","[3.4870653778206455e-05, 0.00010772403789031515]","[3.487237850036129e-05, 0.00010772514047913129]","[0.3969798842376846, -0.4365584023276885]",0.14883042429714527
3,1977,"[0.378989865573327, 0.6613615552677983]","[0.20033155121842627, 0.8577591891930944]","[0.5774798075400698, 0.4430823540010327]","[3.473145871357351e-05, 0.00010729333579531768]","[3.473316966434714e-05, 0.0001072944295859024]","[0.3969798839334856, -0.4365584025335312]",0.1488304839904454
3,1978,"[0.37898979611040956, 0.6613613406811267]","[0.20033155121842627, 0.8577591891930944]","[0.5774797379262625, 0.4430821393122564]","[3.4592818141909855e-05, 0.00010686435496905193]","[3.459451543125214e-05, 0.00010686544003141174]","[0.3969798836317059, -0.4365584027377407]",0.14883054344507696
3,1979,"[0.3789897269247733, 0.6613611269524168]","[0.20033155121842627, 0.8577591891930944]","[0.5774796685909365, 0.4430819254822516]","[3.445472986344234e-05, 0.000106437088538217]","[3.445641360028118e-05, 0.00010643816494215752]","[0.39697988333232637, -0.4365584029403303]",0.14883060266199385
3,1980,"[0.37898965801531354, 0.6613609140782397]","[0.20033155121842627, 0.8577591891930944]","[0.5774795995329773, 0.4430817125075833]","[3.431719168692594e-05, 0.00010601152965761505]","[3.4318861979687476e-05, 0.00010601259747222702]","[0.3969798830353276, -0.4365584031413128]",0.14883066164214603
3,1981,"[0.37898958938093014, 0.6613607020551804]","[0.20033155121842627, 0.8577591891930944]","[0.5774795307512756, 0.44308150038483]","[3.418020142991716e-05, 0.0001055876715090327]","[3.41818583859399e-05, 0.00010558873080274145]","[0.39697988274069085, -0.43655840334070073]",0.14883072038647982
3,1982,"[0.3789895210205273, 0.6613604908798374]","[0.20033155121842627, 0.8577591891930944]","[0.5774794622447259, 0.44308128911058386]","[3.4043756918688994e-05, 0.00010516550730149961]","[3.4045400644555635e-05, 0.00010516655814246656]","[0.3969798824483972, -0.43655840353850706]",0.14883077889593765
3,1983,"[0.37898945293301345, 0.6613602805488228]","[0.20033155121842627, 0.8577591891930944]","[0.5774793940122276, 0.44308107868145075]","[3.390785598768698e-05, 0.00010474503027094993]","[3.3909486588878934e-05, 0.00010474607272653591]","[0.3969798821584283, -0.4365584037347441]",0.14883083717145815
3,1984,"[0.37898938511730146, 0.6613600710587623]","[0.20033155121842627, 0.8577591891930944]","[0.5774793260526843, 0.4430808690940501]","[3.3772496480114935e-05, 0.000104326233680642]","[3.3774114061302374e-05, 0.00010432726781778312]","[0.3969798818707656, -0.43655840392942435]",0.14883089521397647
3,1985,"[0.37898931757230847, 0.6613598624062949]","[0.20033155121842627, 0.8577591891930944]","[0.5774792583650037, 0.4430806603450147]","[3.363767624753546e-05, 0.0001039091108201432]","[3.363928091298929e-05, 0.00010391013670529858]","[0.39697988158539044, -0.4365584041225603]",0.14883095302442356
3,1986,"[0.37898925029695596, 0.6613596545880732]","[0.20033155121842627, 0.8577591891930944]","[0.5774791909480985, 0.4430804524309912]","[3.350339315027407e-05, 0.00010349365500641829]","[3.3504985002763554e-05, 0.00010349467270537316]","[0.3969798813022851, -0.43655840431416404]",0.14883101060372705
3,1987,"[0.3789891832901697, 0.6613594476007633]","[0.20033155121842627, 0.8577591891930944]","[0.5774791238008854, 0.44308024534863943]","[3.3369645056788744e-05, 0.00010307985958274909]","[3.337122419849736e-05, 0.00010308086916072101]","[0.39697988102143145, -0.43655840450424765]",0.14883106795281079
3,1988,"[0.3789891165508796, 0.6613592414410441]","[0.20033155121842627, 0.8577591891930944]","[0.5774790569222852, 0.44308003909463234]","[3.323642984386219e-05, 0.00010266771791864223]","[3.32379963765006e-05, 0.00010266871944059064]","[0.3969798807428112, -0.4365584046928235]",0.14883112507259483
3,1989,"[0.3789890500780199, 0.6613590361056082]","[0.20033155121842627, 0.8577591891930944]","[0.5774789903112233, 0.44307983366565656]","[3.3103745396892496e-05, 0.0001022572234105224]","[3.3105299421187784e-05, 0.00010225821694065385]","[0.39697988046640675, -0.4365584048799033]",0.14883118196399553
3,1990,"[0.37898898387052915, 0.6613588315911614]","[0.20033155121842627, 0.8577591891930944]","[0.5774789239666294, 0.4430796290584119]","[3.2971589609464754e-05, 0.00010184836948105067]","[3.297313122535561e-05, 0.00010184935508311677]","[0.39697988019220043, -0.4365584050654989]",0.1488312386279257
3,1991,"[0.37898891792734996, 0.6613586278944225]","[0.20033155121842627, 0.8577591891930944]","[0.5774788578874375, 0.4430794252696113]","[3.283996038347439e-05, 0.00010144114957896631]","[3.28414896898499e-05, 0.00010144212731627578]","[0.396979879920175, -0.4365584052496223]",0.14883129506529447
3,1992,"[0.3789888522474292, 0.6613584250121233]","[0.20033155121842627, 0.8577591891930944]","[0.5774787920725857, 0.4430792222959808]","[3.2708855628956886e-05, 0.00010103555717910652]","[3.2710372724065184e-05, 0.00010103652711435096]","[0.396979879650313, -0.43655840543228497]",0.14883135127700733
3,1993,"[0.3789887868297179, 0.6613582229410089]","[0.20033155121842627, 0.8577591891930944]","[0.5774787265210164, 0.44307902013425954]","[3.257827326442779e-05, 0.00010063158578232496]","[3.2579778246055735e-05, 0.00010063254797787469]","[0.39697987938259693, -0.4365584056134987]",0.1488314072639662
3,1994,"[0.3789887216731714, 0.6613580216778373]","[0.20033155121842627, 0.8577591891930944]","[0.5774786612316762, 0.4430788187811999]","[3.24482112163689e-05, 0.00010022922891568332]","[3.2449704181480854e-05, 0.00010023018343319201]","[0.3969798791170097, -0.43655840579327476]",0.14883146302706918
3,1995,"[0.3789886567767489, 0.6613578212193795]","[0.20033155121842627, 0.8577591891930944]","[0.5774785962035164, 0.4430786182335671]","[3.231866741971891e-05, 9.982848013165669e-05]","[3.2320148463882425e-05, 9.982942703251618e-05]","[0.3969798788535349, -0.43655840597162476]",0.14883151856721116
3,1996,"[0.3789885921394141, 0.6613576215624192]","[0.20033155121842627, 0.8577591891930944]","[0.5774785314354919, 0.4430784184881392]","[3.218963981728354e-05, 9.94293330086338e-05]","[3.219110903562861e-05, 9.943027235354007e-05]","[0.39697987859215556, -0.4365584061485599]",0.14883157388528323
3,1997,"[0.3789885277601345, 0.6613574227037532]","[0.20033155121842627, 0.8577591891930944]","[0.5774784669265618, 0.44307821954170745]","[3.206112635995803e-05, 9.903178115072418e-05]","[3.206258384719218e-05, 9.903271300004679e-05]","[0.39697987833285464, -0.4365584063240915]",0.1488316289821729
3,1998,"[0.37898846363788175, 0.6613572246401909]","[0.20033155121842627, 0.8577591891930944]","[0.5774784026756898, 0.4430780213910756]","[3.1933125006931246e-05, 9.863581818707492e-05]","[3.193457085637341e-05, 9.863674260052191e-05]","[0.3969798780756162, -0.4365584064982305]",0.1488316838587641
3,1999,"[0.37898839977163173, 0.6613570273685545]","[0.20033155121842627, 0.8577591891930944]","[0.5774783386818434, 0.4430778240330604]","[3.180563372513889e-05, 9.82414377727084e-05]","[3.1807068029909846e-05, 9.824235480970778e-05]","[0.3969798778204233, -0.4365584066709882]",0.1488317385159375
3,2000,"[0.37898833616036426, 0.661356830885679]","[0.20033155121842627, 0.8577591891930944]","[0.5774782749439943, 0.44307762746449125]","[3.167865048974298e-05, 9.784863358773249e-05]","[3.168007334192202e-05, 9.784954330716022e-05]","[0.39697987756726005, -0.43655840684237546]",0.14883179295456994
3,2001,"[0.3789882728030633, 0.6613566351884118]","[0.20033155121842627, 0.8577591891930944]","[0.5774782114611183, 0.44307743168221025]","[3.155217328390246e-05, 9.745739933751698e-05]","[3.155358477496817e-05, 9.745830179774817e-05]","[0.39697987731611006, -0.4365584070124031]",0.14883184717553494
3,2002,"[0.3789882096987167, 0.6613564402736132]","[0.20033155121842627, 0.8577591891930944]","[0.5774781482321953, 0.4430772366830722]","[3.1426200098464864e-05, 9.706772875250147e-05]","[3.142760031932257e-05, 9.706862401143157e-05]","[0.39697987706695725, -0.43655840718108196]",0.14883190117970238
3,2003,"[0.37898814684631654, 0.6613562461381557]","[0.20033155121842627, 0.8577591891930944]","[0.5774780852562096, 0.44307704246394436]","[3.1300728932647405e-05, 9.667961558802373e-05]","[3.130211797303106e-05, 9.668050370309489e-05]","[0.3969798768197861, -0.43655840734842266]",0.14883195496793888
3,2004,"[0.3789880842448587, 0.6613560527789245]","[0.20033155121842627, 0.8577591891930944]","[0.577478022532149, 0.4430768490217065]","[3.117575779307244e-05, 9.629305362441815e-05]","[3.117713574229963e-05, 9.629393465271363e-05]","[0.39697987657458056, -0.436558407514436]",0.1488320085411074
3,2005,"[0.37898802189334313, 0.6613558601928172]","[0.20033155121842627, 0.8577591891930944]","[0.5774779600590056, 0.4430766563532511]","[3.105128469447079e-05, 9.590803666681285e-05]","[3.105265164116133e-05, 9.590891066474372e-05]","[0.39697987633132503, -0.43655840767913223]",0.1488320619000676
3,2006,"[0.37898795979077377, 0.6613556683767439]","[0.20033155121842627, 0.8577591891930944]","[0.5774778978357757, 0.4430764644554829]","[3.092730765929935e-05, 9.552455854516435e-05]","[3.092866369142078e-05, 9.552542556884314e-05]","[0.39697987609000396, -0.436558407842522]",0.14883211504567553
3,2007,"[0.37898789793615845, 0.6613554773276268]","[0.20033155121842627, 0.8577591891930944]","[0.5774778358614595, 0.44307627332531896]","[3.080382471789011e-05, 9.514261311382239e-05]","[3.0805169922432096e-05, 9.514347321898375e-05]","[0.3969798758506021, -0.43655840800461565]",0.14883216797878404
3,2008,"[0.378987836328509, 0.6613552870424005]","[0.20033155121842627, 0.8577591891930944]","[0.5774777741350611, 0.4430760829596888]","[3.0680833908249865e-05, 9.476219425168976e-05]","[3.068216837176507e-05, 9.476304749350684e-05]","[0.3969798756131041, -0.43655840816542346]",0.14883222070024243
3,2009,"[0.3789877749668412, 0.661355097518012]","[0.20033155121842627, 0.8577591891930944]","[0.5774777126555888, 0.4430758933555342]","[3.055833327632647e-05, 9.438329586215583e-05]","[3.055965708426145e-05, 9.43841422954006e-05]","[0.39697987537749513, -0.4365584083249556]",0.14883227321089665
3,2010,"[0.37898771385017466, 0.6613549087514203]","[0.20033155121842627, 0.8577591891930944]","[0.5774776514220545, 0.44307570450980915]","[3.043632087536848e-05, 9.400591187302466e-05]","[3.0437634112978618e-05, 9.400675155207816e-05]","[0.39697987514375976, -0.43655840848322236]",0.14883232551158926
3,2011,"[0.3789876529775329, 0.6613547207395966]","[0.20033155121842627, 0.8577591891930944]","[0.5774775904334744, 0.44307551641947973]","[3.0314794766664882e-05, 9.363003623589593e-05]","[3.031609751863451e-05, 9.363086921471142e-05]","[0.3969798749118829, -0.43655840864023365]",0.14883237760315945
3,2012,"[0.3789875923479434, 0.6613545334795241]","[0.20033155121842627, 0.8577591891930944]","[0.5774775296888686, 0.44307532908152447]","[3.0193753019172577e-05, 9.325566292700824e-05]","[3.0195045368885953e-05, 9.325648925889718e-05]","[0.39697987468185036, -0.4365584087959993]",0.14883242948644307
3,2013,"[0.37898753196043733, 0.6613543469681983]","[0.20033155121842627, 0.8577591891930944]","[0.5774774691872608, 0.44307514249293356]","[3.0073193709096626e-05, 9.288278594618232e-05]","[3.0074475739771955e-05, 9.288360568437959e-05]","[0.396979874453647, -0.43655840895052944]",0.14883248116227263
3,2014,"[0.3789874718140499, 0.6613541612026264]","[0.20033155121842627, 0.8577591891930944]","[0.5774774089276792, 0.4430749566507095]","[2.9953114920596987e-05, 9.251139931733108e-05]","[2.9954386714547976e-05, 9.251221251432851e-05]","[0.39697987422725856, -0.4365584091038337]",0.14883253263147736
3,2015,"[0.37898741190782004, 0.6613539761798277]","[0.20033155121842627, 0.8577591891930944]","[0.5774773489091553, 0.44307477155186675]","[2.9833514745131865e-05, 9.21414970884116e-05]","[2.9834776384130013e-05, 9.214230379650523e-05]","[0.39697987400267043, -0.43655840925592193]",0.14883258389488307
3,2016,"[0.37898735224079055, 0.6613537918968335]","[0.20033155121842627, 0.8577591891930944]","[0.5774772891307247, 0.44307458719343173]","[2.9714391281863993e-05, 9.177307333073739e-05]","[2.9715642847039092e-05, 9.177387360154166e-05]","[0.3969798737798683, -0.43655840940680357]",0.14883263495331234
3,2017,"[0.378987292812008, 0.6613536083506869]","[0.20033155121842627, 0.8577591891930944]","[0.5774772295914271, 0.44307440357244265]","[2.9595742637390223e-05, 9.140612213967119e-05]","[2.959698420901269e-05, 9.140691602477213e-05]","[0.39697987355883824, -0.4365584095564885]",0.14883268580758457
3,2018,"[0.3789872336205227, 0.6613534255384427]","[0.20033155121842627, 0.8577591891930944]","[0.5774771702903057, 0.4430742206859497]","[2.94775669256722e-05, 9.104063763383893e-05]","[2.947879858361535e-05, 9.104142518401304e-05]","[0.39697987333956586, -0.43655840970498594]",0.14883273645851558
3,2019,"[0.3789871746653889, 0.6613532434571674]","[0.20033155121842627, 0.8577591891930944]","[0.5774771112264074, 0.4430740385310147]","[2.935986226829292e-05, 9.067661395518962e-05]","[2.936108409185012e-05, 9.067739522100604e-05]","[0.3969798731220371, -0.43655840985230543]",0.14883278690691826
3,2020,"[0.37898711594566437, 0.6613530621039395]","[0.20033155121842627, 0.8577591891930944]","[0.5774770523987834, 0.44307385710471137]","[2.9242626794067623e-05, 9.031404526941113e-05]","[2.9243838861825466e-05, 9.031482030102955e-05]","[0.39697987290623815, -0.4365584099984563]",0.14883283715360207
3,2021,"[0.3789870574604108, 0.661352881475849]","[0.20033155121842627, 0.8577591891930944]","[0.5774769938064885, 0.4430736764041251]","[2.9125858639357606e-05, 8.995292576524899e-05]","[2.912706102903284e-05, 8.995369461245462e-05]","[0.3969798726921555, -0.4365584101434479]",0.14883288719937338
3,2022,"[0.3789869992086935, 0.6613527015699975]","[0.20033155121842627, 0.8577591891930944]","[0.5774769354485811, 0.4430734964263528]","[2.900955594774114e-05, 8.959324965445982e-05]","[2.9010748736679748e-05, 8.95940123666894e-05]","[0.3969798724797753, -0.43655841028728937]",0.1488329370450352
3,2023,"[0.3789869411895816, 0.6613525223834982]","[0.20033155121842627, 0.8577591891930944]","[0.5774768773241237, 0.4430733171685033]","[2.8893716870231372e-05, 8.923501117238366e-05]","[2.8894900134912582e-05, 8.923576779845677e-05]","[0.39697987226908416, -0.4365584104299898]",0.14883298669138734
3,2024,"[0.37898688340214787, 0.6613523439134759]","[0.20033155121842627, 0.8577591891930944]","[0.5774768194321821, 0.44307313862769676]","[2.8778339564941633e-05, 8.887820457689595e-05]","[2.877951338153828e-05, 8.887895516540567e-05]","[0.39697987206006846, -0.4365584105715582]",0.14883303613922644
3,2025,"[0.3789868258454687, 0.6613521661570667]","[0.20033155121842627, 0.8577591891930944]","[0.5774767617718262, 0.4430729608010649]","[2.8663422197426735e-05, 8.852282414891295e-05]","[2.8664586641469203e-05, 8.852356874800016e-05]","[0.3969798718527149, -0.43655841071200363]",0.14883308538934603
3,2026,"[0.37898676851862434, 0.6613519891114185]","[0.20033155121842627, 0.8577591891930944]","[0.5774767043421295, 0.443072783685751]","[2.8548962940591165e-05, 8.816886419225174e-05]","[2.8550118086834164e-05, 8.816960284968589e-05]","[0.3969798716470103, -0.43655841085133495]",0.1488331344425364
3,2027,"[0.37898671142069845, 0.66135181277369]","[0.20033155121842627, 0.8577591891930944]","[0.5774766471421693, 0.4430726072789095]","[2.8434959974269252e-05, 8.781631903312086e-05]","[2.8436105896867403e-05, 8.781705179633503e-05]","[0.39697987144294167, -0.43655841098956105]",0.14883318329958473
3,2028,"[0.3789866545507785, 0.6613516371410519]","[0.20033155121842627, 0.8577591891930944]","[0.5774765901710264, 0.4430724315777066]","[2.832141148552124e-05, 8.746518302077608e-05]","[2.8322548258297164e-05, 8.746590993680137e-05]","[0.3969798712404957, -0.4365584111266907]",0.148833231961275
3,2029,"[0.3789865979079555, 0.6613514622106859]","[0.20033155121842627, 0.8577591891930944]","[0.5774765334277854, 0.4430722565793196]","[2.8208315668719346e-05, 8.711545052683135e-05]","[2.8209443364735076e-05, 8.711617164230967e-05]","[0.3969798710396597, -0.43655841126273254]",0.148833280428388
3,2030,"[0.3789865414913242, 0.6613512879797848]","[0.20033155121842627, 0.8577591891930944]","[0.5774764769115346, 0.4430720822809372]","[2.80956707253907e-05, 8.676711594543476e-05]","[2.809678941717575e-05, 8.676783130667776e-05]","[0.39697987084042075, -0.43655841139769525]",0.14883332870170163
3,2031,"[0.37898648529998274, 0.661351114445553]","[0.20033155121842627, 0.8577591891930944]","[0.577476420621366, 0.4430719086797592]","[2.798347486391111e-05, 8.642017369292489e-05]","[2.798458462316411e-05, 8.64208833459279e-05]","[0.3969798706427664, -0.4365584115315875]",0.14883337678199046
3,2032,"[0.378986429333033, 0.6613509416052056]","[0.20033155121842627, 0.8577591891930944]","[0.577476364556375, 0.44307173577299674]","[2.787172629986056e-05, 8.607461820800244e-05]","[2.7872827197905625e-05, 8.607532219834235e-05]","[0.3969798704466839, -0.43655841166441767]",0.14883342467002605
3,2033,"[0.3789863735895804, 0.6613507694559692]","[0.20033155121842627, 0.8577591891930944]","[0.5774763087156609, 0.4430715635578721]","[2.7760423256105106e-05, 8.57304439515564e-05]","[2.776151536343363e-05, 8.57311423243523e-05]","[0.39697987025216097, -0.43655841179619415]",0.14883347236657696
3,2034,"[0.3789863180687339, 0.6613505979950812]","[0.20033155121842627, 0.8577591891930944]","[0.5774762530983262, 0.44307139203161855]","[2.764956396187651e-05, 8.538764540652655e-05]","[2.7650647349108937e-05, 8.538833820659342e-05]","[0.39697987005918456, -0.43655841192692535]",0.1488335198724084
3,2035,"[0.37898626276960595, 0.6613504272197904]","[0.20033155121842627, 0.8577591891930944]","[0.5774761977034774, 0.4430712211914806]","[2.7539146654133355e-05, 8.504621707793486e-05]","[2.7540221390842667e-05, 8.504690434979478e-05]","[0.3969798698677428, -0.4365584120566196]",0.14883356718828278
3,2036,"[0.37898620769131264, 0.6613502571273563]","[0.20033155121842627, 0.8577591891930944]","[0.5774761425302244, 0.4430710510347138]","[2.7429169576331544e-05, 8.470615349270963e-05]","[2.7430235731540353e-05, 8.470683528039036e-05]","[0.3969798696778235, -0.436558412185285]",0.1488336143149595
3,2037,"[0.3789861528329735, 0.6613500877150493]","[0.20033155121842627, 0.8577591891930944]","[0.5774760875776808, 0.44307088155858443]","[2.7319630979155224e-05, 8.436744919955433e-05]","[2.7320688621323974e-05, 8.436812554679651e-05]","[0.39697986948941455, -0.4365584123129298]",0.1488336612531948
3,2038,"[0.37898609819371154, 0.6613499189801509]","[0.20033155121842627, 0.8577591891930944]","[0.5774760328449635, 0.44307071276036986]","[2.721052911992895e-05, 8.403009876879321e-05]","[2.7211578316976848e-05, 8.403076971913448e-05]","[0.39697986930250395, -0.43655841243956217]",0.14883370800374185
3,2039,"[0.3789860437726533, 0.6613497509199534]","[0.20033155121842627, 0.8577591891930944]","[0.5774759783311931, 0.4430705446373584]","[2.7101862263007723e-05, 8.369409679269617e-05]","[2.710290308244323e-05, 8.369476238911933e-05]","[0.3969798691170796, -0.43655841256519]",0.14883375456735093
3,2040,"[0.3789859895689288, 0.6613495835317598]","[0.20033155121842627, 0.8577591891930944]","[0.5774759240354937, 0.4430703771868491]","[2.699362867953623e-05, 8.335943788477183e-05]","[2.6994661188217695e-05, 8.336009817000445e-05]","[0.39697986893312986, -0.4365584126898213]",0.14883380094476922
3,2041,"[0.37898593558167143, 0.661349416812884]","[0.20033155121842627, 0.8577591891930944]","[0.5774758699569928, 0.4430702104061519]","[2.6885826647334393e-05, 8.302611668041257e-05]","[2.6886850911733706e-05, 8.302677169685913e-05]","[0.39697986875064284, -0.4365584128134641]",0.14883384713674114
3,2042,"[0.37898588181001813, 0.6613492507606505]","[0.20033155121842627, 0.8577591891930944]","[0.5774758160948217, 0.4430700442925875]","[2.67784544514809e-05, 8.269412783615595e-05]","[2.6779470537308114e-05, 8.269477762584687e-05]","[0.3969798685696071, -0.4365584129361261]",0.1488338931440078
3,2043,"[0.3789858282531092, 0.6613490853723949]","[0.20033155121842627, 0.8577591891930944]","[0.5774757624481146, 0.44306987884348736]","[2.667151038336912e-05, 8.236346603005451e-05]","[2.667251835619666e-05, 8.236411063466953e-05]","[0.39697986839001076, -0.43655841305781506]",0.1488339389673075
3,2044,"[0.37898577491008845, 0.6613489206454628]","[0.20033155121842627, 0.8577591891930944]","[0.5774757090160099, 0.44306971405619344]","[2.6564992741450635e-05, 8.203412596089165e-05]","[2.6565992665761318e-05, 8.20347654217346e-05]","[0.39697986821184283, -0.4365584131785387]",0.14883398460737576
3,2045,"[0.378985721780103, 0.6613487565772109]","[0.20033155121842627, 0.8577591891930944]","[0.5774756557976488, 0.44306954992805847]","[2.645889983068665e-05, 8.170610234934129e-05]","[2.645989177091357e-05, 8.170673670759854e-05]","[0.39697986803509167, -0.4365584132983049]",0.14883403006494497
3,2046,"[0.37898566886230334, 0.6613485931650063]","[0.20033155121842627, 0.8577591891930944]","[0.5774756027921764, 0.4430693864564457]","[2.6353229962773494e-05, 8.13793899364594e-05]","[2.6354213982671126e-05, 8.138001923285731e-05]","[0.39697986785974604, -0.4365584134171211]",0.14883407534074455
3,2047,"[0.3789856161558434, 0.6613484304062264]","[0.20033155121842627, 0.8577591891930944]","[0.5774755499987407, 0.44306922363872897]","[2.6247981456163693e-05, 8.105398348449398e-05]","[2.624895761910162e-05, 8.105460775936768e-05]","[0.39697986768579463, -0.4365584135349948]",0.1488341204355012
3,2048,"[0.3789855636598805, 0.6613482682982594]","[0.20033155121842627, 0.8577591891930944]","[0.5774754974164938, 0.44306906147229264]","[2.6143152635916964e-05, 8.072987777690535e-05]","[2.6144121004434417e-05, 8.073049707041369e-05]","[0.39697986751322667, -0.4365584136519336]",0.14883416534993854
3,2049,"[0.3789855113735752, 0.6613481068385039]","[0.20033155121842627, 0.8577591891930944]","[0.5774754450445907, 0.44306889995453147]","[2.603874183365772e-05, 8.040706761757074e-05]","[2.6039702470059822e-05, 8.040768196937442e-05]","[0.39697986734203095, -0.4365584137679448]",0.1488342100847774
3,2050,"[0.37898545929609156, 0.6613479460243686]","[0.20033155121842627, 0.8577591891930944]","[0.5774753928821899, 0.44306873908285077]","[2.593474738760881e-05, 8.008554783123054e-05]","[2.59357003536409e-05, 8.008615728072321e-05]","[0.3969798671721966, -0.43655841388303573]",0.1488342546407357
3,2051,"[0.3789854074265968, 0.661347785853273]","[0.20033155121842627, 0.8577591891930944]","[0.5774753409284532, 0.44306857885466616]","[2.5831167642699016e-05, 7.976531326350215e-05]","[2.5832112999557566e-05, 7.976591784975007e-05]","[0.3969798670037128, -0.43655841399721373]",0.14883429901852846
3,2052,"[0.3789853557642615, 0.6613476263226465]","[0.20033155121842627, 0.8577591891930944]","[0.577475289182546, 0.4430684192674035]","[2.572800095008296e-05, 7.944635877998997e-05]","[2.5728938758406983e-05, 7.944695854189554e-05]","[0.39697986683656894, -0.4365584141104861]",0.148834343218868
3,2053,"[0.3789853043082596, 0.661347467429929]","[0.20033155121842627, 0.8577591891930944]","[0.5774752376436367, 0.44306826031849894]","[2.5625245667774853e-05, 7.912867926725467e-05]","[2.562617598783623e-05, 7.912927424341687e-05]","[0.39697986667075424, -0.4365584142228601]",0.14883438724246356
3,2054,"[0.37898525305776826, 0.6613473091725705]","[0.20033155121842627, 0.8577591891930944]","[0.5774751863108973, 0.4430681020053991]","[2.5522900160045912e-05, 7.881226963213582e-05]","[2.5523823051598615e-05, 7.881285986066633e-05]","[0.39697986650625816, -0.4365584143343427]",0.1488344310900217
3,2055,"[0.37898520201196795, 0.6613471515480311]","[0.20033155121842627, 0.8577591891930944]","[0.577475135183503, 0.44306794432556057]","[2.5420962797830137e-05, 7.849712480176333e-05]","[2.5421878320219804e-05, 7.849771032064634e-05]","[0.39697986634307014, -0.43655841444494115]",0.1488344747622461
3,2056,"[0.37898515117004233, 0.6613469945537815]","[0.20033155121842627, 0.8577591891930944]","[0.5774750842606322, 0.44306778727645046]","[2.5319431958185247e-05, 7.81832397237355e-05]","[2.532034017033169e-05, 7.818382057034334e-05]","[0.39697986618117975, -0.43655841455466216]",0.14883451825983757
3,2057,"[0.3789851005311784, 0.6613468381873021]","[0.20033155121842627, 0.8577591891930944]","[0.5774750335414667, 0.4430676308555457]","[2.5218306024875364e-05, 7.787060936542879e-05]","[2.5219206985338527e-05, 7.787118557711636e-05]","[0.39697986602057656, -0.43655841466351286]",0.14883456158349426
3,2058,"[0.37898505009456634, 0.6613466824460834]","[0.20033155121842627, 0.8577591891930944]","[0.5774749830251917, 0.4430674750603333]","[2.5117583388081767e-05, 7.755922871453197e-05]","[2.511847715441773e-05, 7.755980032836396e-05]","[0.3969798658612508, -0.43655841477150026]",0.14883460473391152
3,2059,"[0.3789849998593996, 0.661346527327626]","[0.20033155121842627, 0.8577591891930944]","[0.5774749327109956, 0.44306731988831044]","[2.5017262444183838e-05, 7.724909277867835e-05]","[2.5018149073852136e-05, 7.724965983130216e-05]","[0.396979865703192, -0.4365584148786311]",0.14883464771178184
3,2060,"[0.3789849498248747, 0.6613463728294404]","[0.20033155121842627, 0.8577591891930944]","[0.5774748825980696, 0.4430671653369843]","[2.4917341595688136e-05, 7.694019658529698e-05]","[2.4918221146030817e-05, 7.694075911313103e-05]","[0.39697986554638975, -0.4365584149849122]",0.1488346905177949
3,2061,"[0.37898489999019147, 0.6613462189490472]","[0.20033155121842627, 0.8577591891930944]","[0.5774748326856087, 0.44306701140387206]","[2.4817819251934175e-05, 7.663253518191564e-05]","[2.4818691779338042e-05, 7.663309322103462e-05]","[0.3969798653908345, -0.4365584150903503]",0.1488347331526378
3,2062,"[0.378984850354553, 0.6613460656839768]","[0.20033155121842627, 0.8577591891930944]","[0.5774747829728112, 0.44306685808650076]","[2.4718693828277366e-05, 7.632610363556712e-05]","[2.471955938865289e-05, 7.632665722179244e-05]","[0.3969798652365164, -0.4365584151949521]",0.1488347756169947
3,2063,"[0.3789848009171653, 0.6613459130317695]","[0.20033155121842627, 0.8577591891930944]","[0.5774747334588781, 0.44306670538240744]","[2.461996374619471e-05, 7.602089703319278e-05]","[2.4620822394960662e-05, 7.602144620194595e-05]","[0.39697986508342564, -0.4365584152987241]",0.14883481791154718
3,2064,"[0.37898475167723783, 0.6613457609899754]","[0.20033155121842627, 0.8577591891930944]","[0.5774746841430138, 0.44306655328913896]","[2.452162743364427e-05, 7.571691048131887e-05]","[2.452247922629658e-05, 7.571745526785412e-05]","[0.396979864931552, -0.43655841540167295]",0.14883486003697396
3,2065,"[0.378984702633983, 0.6613456095561545]","[0.20033155121842627, 0.8577591891930944]","[0.577474635024426, 0.44306640180425183]","[2.4423683324659063e-05, 7.541413910573091e-05]","[2.442452831602493e-05, 7.541467954513825e-05]","[0.396979864780886, -0.43655841550380536]",0.14883490199395116
3,2066,"[0.37898465378661633, 0.6613454587278763]","[0.20033155121842627, 0.8577591891930944]","[0.5774745861023254, 0.4430662509253125]","[2.4326129859530908e-05, 7.511257805187916e-05]","[2.4326968103838276e-05, 7.511311417879307e-05]","[0.3969798646314181, -0.43655841560512765]",0.14883494378315218
3,2067,"[0.3789846051343566, 0.6613453085027202]","[0.20033155121842627, 0.8577591891930944]","[0.577474537375926, 0.44306610064989704]","[2.4228965484638987e-05, 7.481222248452434e-05]","[2.422979703570194e-05, 7.481275433346424e-05]","[0.3969798644831388, -0.43655841570564635]",0.1488349854052477
3,2068,"[0.37898455667642567, 0.6613451588782753]","[0.20033155121842627, 0.8577591891930944]","[0.577474488844445, 0.4430659509755914]","[2.413218865266611e-05, 7.45130675877774e-05]","[2.4133013564020533e-05, 7.451359519278222e-05]","[0.3969798643360386, -0.4365584158053677]",0.14883502686090583
3,2069,"[0.37898450841204834, 0.6613450098521401]","[0.20033155121842627, 0.8577591891930944]","[0.5774744405071024, 0.443065801899991]","[2.4035797822140305e-05, 7.421510856474588e-05]","[2.40366161468053e-05, 7.42156319597509e-05]","[0.3969798641901081, -0.4365584159042981]",0.14883506815079176
3,2070,"[0.3789844603404527, 0.661344861421923]","[0.20033155121842627, 0.8577591891930944]","[0.5774743923631218, 0.44306565342070103]","[2.39397914580951e-05, 7.391834063809994e-05]","[2.3940603248395753e-05, 7.391885985663649e-05]","[0.39697986404533825, -0.4365584160024438]",0.14883510927556826
3,2071,"[0.3789844124608698, 0.6613447135852417]","[0.20033155121842627, 0.8577591891930944]","[0.5774743444117296, 0.4430655055353362]","[2.3844168031259243e-05, 7.362275904929512e-05]","[2.384497333929314e-05, 7.362327412469005e-05]","[0.3969798639017197, -0.43655841609981105]",0.14883515023589533
3,2072,"[0.3789843647725337, 0.6613445663397236]","[0.20033155121842627, 0.8577591891930944]","[0.5774742966521552, 0.4430653582415206]","[2.3748926018408323e-05, 7.332835905860776e-05]","[2.3749724896215962e-05, 7.332887002392541e-05]","[0.396979863759243, -0.436558416196406]",0.1488351910324304
3,2073,"[0.3789843172746817, 0.6613444196830055]","[0.20033155121842627, 0.8577591891930944]","[0.5774742490836313, 0.4430652115368881]","[2.3654063902546758e-05, 7.303513594555427e-05]","[2.3654856401433833e-05, 7.303564283361874e-05]","[0.3969798636178993, -0.4365584162922348]",0.14883523166582824
3,2074,"[0.3789842699665539, 0.6613442736127336]","[0.20033155121842627, 0.8577591891930944]","[0.5774742017053935, 0.44306506541908186]","[2.3559580172786518e-05, 7.27430850084268e-05]","[2.3560366343822192e-05, 7.27435878517535e-05]","[0.39697986347767933, -0.4365584163873035]",0.14883527213674097
3,2075,"[0.3789842228473935, 0.6613441281265636]","[0.20033155121842627, 0.8577591891930944]","[0.5774741545166808, 0.4430649198857545]","[2.346547332386133e-05, 7.24522015640402e-05]","[2.346625321736351e-05, 7.245270039490936e-05]","[0.3969798633385746, -0.4365584164816182]",0.14883531244581816
3,2076,"[0.3789841759164469, 0.6613439832221605]","[0.20033155121842627, 0.8577591891930944]","[0.5774741075167349, 0.4430647749345681]","[2.3371741856729405e-05, 7.216248094815747e-05]","[2.337251552286812e-05, 7.216297579859532e-05]","[0.396979863200576, -0.4365584165751848]",0.14883535259370684
3,2077,"[0.3789841291729632, 0.6613438388971986]","[0.20033155121842627, 0.8577591891930944]","[0.5774740607048006, 0.44306463056319395]","[2.3278384278076377e-05, 7.187391851509593e-05]","[2.327915176658646e-05, 7.187440941691658e-05]","[0.3969798630636747, -0.4365584166680093]",0.1488353925810513
3,2078,"[0.37898408261619465, 0.6613436951493615]","[0.20033155121842627, 0.8577591891930944]","[0.5774740140801257, 0.44306448676931276]","[2.318539910071057e-05, 7.158650963754572e-05]","[2.3186160460930694e-05, 7.158699662218604e-05]","[0.396979862927862, -0.43655841676009755]",0.14883543240849334
3,2079,"[0.37898403624539645, 0.6613435519763422]","[0.20033155121842627, 0.8577591891930944]","[0.577473967641961, 0.4430643435506145]","[2.3092784843094434e-05, 7.130024970685011e-05]","[2.3093540124141665e-05, 7.130073280553484e-05]","[0.39697986279312913, -0.43655841685145536]",0.14883547207667225
3,2080,"[0.37898399005982675, 0.6613434093758428]","[0.20033155121842627, 0.8577591891930944]","[0.5774739213895607, 0.4430642009047985]","[2.3000540029787872e-05, 7.101513413283762e-05]","[2.3001289279900305e-05, 7.101561337669038e-05]","[0.39697986265946783, -0.43655841694208863]",0.1488355115862247
3,2081,"[0.3789839440587467, 0.6613432673455746]","[0.20033155121842627, 0.8577591891930944]","[0.5774738753221813, 0.4430640588295731]","[2.290866319096057e-05, 7.073115834344712e-05]","[2.2909406458493375e-05, 7.073163376308811e-05]","[0.39697986252686923, -0.43655841703200293]",0.1488355509377847
3,2082,"[0.3789838982414203, 0.6613431258832579]","[0.20033155121842627, 0.8577591891930944]","[0.5774738294390829, 0.4430639173226559]","[2.2817152862858875e-05, 7.044831778493753e-05]","[2.2817890195481194e-05, 7.044878941092625e-05]","[0.3969798623953251, -0.43655841712120413]",0.148835590131984
3,2083,"[0.3789838526071146, 0.6613429849866224]","[0.20033155121842627, 0.8577591891930944]","[0.5774737837395281, 0.4430637763817734]","[2.2726007587197816e-05, 7.016660792146187e-05]","[2.2726739032363774e-05, 7.016707578416659e-05]","[0.39697986226482695, -0.4365584172096979]",0.1488356291694517
3,2084,"[0.37898380715509944, 0.6613428446534065]","[0.20033155121842627, 0.8577591891930944]","[0.5774737382227827, 0.4430636360046617]","[2.263522591180207e-05, 6.98860242357795e-05]","[2.26359515164698e-05, 6.98864883650896e-05]","[0.3969798621353665, -0.4365584172974897]",0.14883566805081427
3,2085,"[0.3789837618846476, 0.661342704881358]","[0.20033155121842627, 0.8577591891930944]","[0.5774736928881153, 0.44306349618906543]","[2.2544806389897273e-05, 6.960656222832506e-05]","[2.2545526200734578e-05, 6.960702265412788e-05]","[0.39697986200693547, -0.43655841738458523]",0.14883570677669583
3,2086,"[0.37898371679503484, 0.6613425656682336]","[0.20033155121842627, 0.8577591891930944]","[0.5774736477347977, 0.4430633569327386]","[2.2454747580777257e-05, 6.932821741762504e-05]","[2.2455461643977603e-05, 6.932867416947763e-05]","[0.3969798618795257, -0.43655841747099]",0.1488357453477179
3,2087,"[0.37898367188553966, 0.6613424270117987]","[0.20033155121842627, 0.8577591891930944]","[0.5774736027621041, 0.44306321823344397]","[2.2365048049070843e-05, 6.905098533993216e-05]","[2.2365756410736015e-05, 6.905143844715411e-05]","[0.39697986175312894, -0.43655841755670943]",0.1488357837644996
3,2088,"[0.3789836271554436, 0.661342288909828]","[0.20033155121842627, 0.8577591891930944]","[0.5774735579693123, 0.44306308008895356]","[2.2275706365542812e-05, 6.877486154987069e-05]","[2.2276409070931535e-05, 6.877531104149126e-05]","[0.39697986162773746, -0.43655841764174896]",0.14883582202765755
3,2089,"[0.37898358260403087, 0.661342151360105]","[0.20033155121842627, 0.8577591891930944]","[0.5774735133557023, 0.44306294249704803]","[2.218672110609233e-05, 6.849984161904294e-05]","[2.2187418200592113e-05, 6.850028752380943e-05]","[0.39697986150334286, -0.4365584177261139]",0.14883586013780586
3,2090,"[0.37898353823058867, 0.6613420143604217]","[0.20033155121842627, 0.8577591891930944]","[0.5774734689205574, 0.4430628054555168]","[2.209809085278347e-05, 6.822592113692564e-05]","[2.2098782381074766e-05, 6.822636348363664e-05]","[0.39697986137993746, -0.43655841780980986]",0.1488358980955563
3,2091,"[0.37898349403440695, 0.6613418779085795]","[0.20033155121842627, 0.8577591891930944]","[0.5774734246631636, 0.44306266896215846]","[2.2009814192743562e-05, 6.795309571100668e-05]","[2.201050019928763e-05, 6.795353452804243e-05]","[0.3969798612575134, -0.436558417892842]",0.14883593590151806
3,2092,"[0.37898345001477857, 0.661341742002388]","[0.20033155121842627, 0.8577591891930944]","[0.5774733805828101, 0.44306253301478027]","[2.1921889719240545e-05, 6.768136096593099e-05]","[2.1922570247912e-05, 6.76817962814158e-05]","[0.396979861136063, -0.43655841797521555]",0.14883597355629796
3,2093,"[0.3789834061709991, 0.6613416066396661]","[0.20033155121842627, 0.8577591891930944]","[0.5774733366787883, 0.44306239761119826]","[2.1834316030671384e-05, 6.741071254390705e-05]","[2.183499112518028e-05, 6.74111443857428e-05]","[0.39697986101557836, -0.43655841805693574]",0.14883601106050043
3,2094,"[0.3789833625023671, 0.661341471818241]","[0.20033155121842627, 0.8577591891930944]","[0.5774732929503928, 0.4430622627492371]","[2.174709173115864e-05, 6.714114610434402e-05]","[2.1747761435209068e-05, 6.714157450027347e-05]","[0.39697986089605153, -0.4365584181380078]",0.14883604841472742
3,2095,"[0.3789833190081836, 0.6613413375359488]","[0.20033155121842627, 0.8577591891930944]","[0.5774732493969211, 0.44306212842673043]","[2.1660215430417902e-05, 6.68726573245349e-05]","[2.1660879787110954e-05, 6.687308230202138e-05]","[0.39697986077747505, -0.4365584182184368]",0.1488360856195784
3,2096,"[0.37898327568775275, 0.6613412037906342]","[0.20033155121842627, 0.8577591891930944]","[0.5774732060176735, 0.44306199464152024]","[2.1573685743616362e-05, 6.660524189844702e-05]","[2.157434479560516e-05, 6.660566348487551e-05]","[0.3969798606598415, -0.43655841829822795]",0.1488361226756507
3,2097,"[0.37898323254038124, 0.6613410705801505]","[0.20033155121842627, 0.8577591891930944]","[0.5774731628119529, 0.4430618613914573]","[2.1487501291385483e-05, 6.633889553747342e-05]","[2.1488155080906512e-05, 6.633931375987778e-05]","[0.3969798605431434, -0.4365584183773863]",0.14883615958353905
3,2098,"[0.3789831895653787, 0.6613409379023594]","[0.20033155121842627, 0.8577591891930944]","[0.5774731197790653, 0.44306172867440097]","[2.140166069986722e-05, 6.607361396995175e-05]","[2.140230926883646e-05, 6.607402885516755e-05]","[0.3969798604273733, -0.4365584184559168]",0.14883619634383594
3,2099,"[0.3789831467620573, 0.6613408057551314]","[0.20033155121842627, 0.8577591891930944]","[0.5774730769183192, 0.44306159648821924]","[2.131616260044081e-05, 6.580939294154285e-05]","[2.131680599065655e-05, 6.580980451609264e-05]","[0.39697986031252375, -0.4365584185338244]",0.14883623295713128
3,2100,"[0.3789831041297321, 0.6613406741363456]","[0.20033155121842627, 0.8577591891930944]","[0.5774730342290257, 0.4430614648307885]","[2.123100563013703e-05, 6.554622821474923e-05]","[2.1231643883012907e-05, 6.55466365051538e-05]","[0.39697986019858733, -0.4365584186111141]",0.14883626942401285
3,2101,"[0.37898306166772083, 0.6613405430438891]","[0.20033155121842627, 0.8577591891930944]","[0.5774729917104994, 0.4430613336999937]","[2.114618843138574e-05, 6.528411556882821e-05]","[2.1146821587714193e-05, 6.52845206013386e-05]","[0.3969798600855571, -0.4365584186877909]",0.148836305745066
3,2102,"[0.37898301937534395, 0.661340412475658]","[0.20033155121842627, 0.8577591891930944]","[0.5774729493620567, 0.44306120309372826]","[2.106170965176291e-05, 6.502305080034092e-05]","[2.106233775234223e-05, 6.502345260084308e-05]","[0.39697985997342555, -0.4365584187638595]",0.1488363419208737
3,2103,"[0.37898297725192465, 0.6613402824295564]","[0.20033155121842627, 0.8577591891930944]","[0.5774729071830174, 0.44306107300989406]","[2.0977567944448143e-05, 6.476302972216526e-05]","[2.0978191029863424e-05, 6.47634283165166e-05]","[0.3969798598621854, -0.4365584188393248]",0.14883637795201657
3,2104,"[0.3789829352967888, 0.661340152903497]","[0.20033155121842627, 0.8577591891930944]","[0.5774728651727037, 0.4430609434464013]","[2.0893761967910813e-05, 6.450404816398833e-05]","[2.089438007818467e-05, 6.450444357763985e-05]","[0.3969798597518298, -0.43655841891419145]",0.14883641383907303
3,2105,"[0.37898289350926484, 0.6613400238954007]","[0.20033155121842627, 0.8577591891930944]","[0.5774728233304407, 0.4430608144011685]","[2.081029038577791e-05, 6.424610197224229e-05]","[2.081090356059745e-05, 6.424649423064643e-05]","[0.3969798596423517, -0.43655841898846437]",0.14883644958261907
3,2106,"[0.3789828518886841, 0.6613398954031967]","[0.20033155121842627, 0.8577591891930944]","[0.5774727816555563, 0.4430606858721226]","[2.0727151867155566e-05, 6.398918700981737e-05]","[2.0727760145666796e-05, 6.398957613812373e-05]","[0.3969798595337444, -0.4365584190621482]",0.1488364851832285
3,2107,"[0.37898281043438037, 0.6613397674248227]","[0.20033155121842627, 0.8577591891930944]","[0.5774727401473807, 0.44306055785719883]","[2.0644345086312133e-05, 6.373329915636219e-05]","[2.0644948507564376e-05, 6.37336851796455e-05]","[0.39697985942600067, -0.43655841913524773]",0.14883652064147285
3,2108,"[0.3789827691456902, 0.6613396399582244]","[0.20033155121842627, 0.8577591891930944]","[0.577472698805247, 0.44306043035434073]","[2.0561868722637254e-05, 6.347843430792084e-05]","[2.056246732556888e-05, 6.347881725082827e-05]","[0.3969798593191136, -0.4365584192077674]",0.148836555957921
3,2109,"[0.3789827280219527, 0.6613395130013558]","[0.20033155121842627, 0.8577591891930944]","[0.577472657628491, 0.4430603033614998]","[2.047972146099042e-05, 6.322458837660977e-05]","[2.0480315283954997e-05, 6.322496826388635e-05]","[0.39697985921307655, -0.43655841927971206]",0.14883659113314013
3,2110,"[0.37898268706250976, 0.661339386552179]","[0.20033155121842627, 0.8577591891930944]","[0.577472616616451, 0.443060176876636]","[2.0397901991338155e-05, 6.297175729090809e-05]","[2.0398491072715075e-05, 6.297213414691027e-05]","[0.39697985910788247, -0.4365584193510861]",0.14883662616769472
3,2111,"[0.3789826462667058, 0.6613392606086644]","[0.20033155121842627, 0.8577591891930944]","[0.5774725757684681, 0.44306005089771744]","[2.0316409009042858e-05, 6.27199369959033e-05]","[2.0316993386892968e-05, 6.272031084475493e-05]","[0.3969798590035246, -0.436558419421894]",0.14883666106214705
3,2112,"[0.3789826056338878, 0.6613391351687904]","[0.20033155121842627, 0.8577591891930944]","[0.5774725350838862, 0.44305992542272027]","[2.0235241214383257e-05, 6.246912345269631e-05]","[2.0235820925973425e-05, 6.246949431831794e-05]","[0.39697985889999676, -0.43655841949214025]",0.14883669581705747
3,2113,"[0.3789825651634054, 0.6613390102305435]","[0.20033155121842627, 0.8577591891930944]","[0.5774724945620514, 0.44305980044962884]","[2.015439731266077e-05, 6.221931263859578e-05]","[2.0154972395380888e-05, 6.221968054481719e-05]","[0.39697985879729203, -0.4365584195618294]",0.14883673043298368
3,2114,"[0.37898252485461076, 0.6613388857919182]","[0.20033155121842627, 0.8577591891930944]","[0.5774724542023127, 0.4430596759764353]","[2.007387601464849e-05, 6.197050054656717e-05]","[2.007444650536927e-05, 6.197086551706921e-05]","[0.396979858695404, -0.43655841963096587]",0.1488367649104814
3,2115,"[0.37898248470685875, 0.6613387618509171]","[0.20033155121842627, 0.8577591891930944]","[0.5774724140040218, 0.4430595520011401]","[1.999367603612028e-05, 6.172268318598225e-05]","[1.999424197141053e-05, 6.172304524415528e-05]","[0.39697985859432616, -0.436558419699554]",0.14883679925010407
3,2116,"[0.37898244471950665, 0.6613386384055507]","[0.20033155121842627, 0.8577591891930944]","[0.5774723739665326, 0.4430594285217517]","[1.9913796097625844e-05, 6.147585658205293e-05]","[1.9914357514028147e-05, 6.147621575108841e-05]","[0.39697985849405193, -0.4365584197675981]",0.14883683345240284
3,2117,"[0.3789824048919145, 0.6613385154538376]","[0.20033155121842627, 0.8577591891930944]","[0.5774723340892021, 0.44305930553628625]","[1.983423492531661e-05, 6.123001677587935e-05]","[1.9834791858741596e-05, 6.123037307892432e-05]","[0.39697985839457517, -0.4365584198351027]",0.14883686751792685
3,2118,"[0.37898236522344464, 0.661338392993804]","[0.20033155121842627, 0.8577591891930944]","[0.5774722943713892, 0.44305918304276815]","[1.975499124999095e-05, 6.09851598241419e-05]","[1.9755543736399428e-05, 6.098551328398427e-05]","[0.3969798582958892, -0.4365584199020718]",0.1488369014472229
3,2119,"[0.37898232571346213, 0.6613382710234844]","[0.20033155121842627, 0.8577591891930944]","[0.5774722548124562, 0.4430590610392295]","[1.9676063807722475e-05, 6.0741281799588405e-05]","[1.9676611882346595e-05, 6.0741632439020865e-05]","[0.3969798581979882, -0.43655841996850986]",0.1488369352408355
3,2120,"[0.3789822863613345, 0.6613381495409208]","[0.20033155121842627, 0.8577591891930944]","[0.5774722154117673, 0.44305893952371034]","[1.9597451339310193e-05, 6.0498378790419816e-05]","[1.9597995037479166e-05, 6.0498726631941224e-05]","[0.39697985810086556, -0.436558420034421]",0.14883696889930728
3,2121,"[0.37898224716643186, 0.6613380285441632]","[0.20033155121842627, 0.8577591891930944]","[0.5774721761686894, 0.44305881849425854]","[1.951915259079025e-05, 6.02564469003963e-05]","[1.9519691947578188e-05, 6.025679196625111e-05]","[0.3969798580045151, -0.4365584200998094]",0.14883700242317843
3,2122,"[0.37898220812812666, 0.6613379080312695]","[0.20033155121842627, 0.8577591891930944]","[0.5774721370825919, 0.4430586979489299]","[1.9441166313075656e-05, 6.001548224917815e-05]","[1.9441701363309694e-05, 6.001582456149901e-05]","[0.39697985790893053, -0.43655842016467916]",0.14883703581298707
3,2123,"[0.37898216924579403, 0.661337788000305]","[0.20033155121842627, 0.8577591891930944]","[0.5774720981528472, 0.4430585778857877]","[1.9363491262083172e-05, 5.977548097141536e-05]","[1.9364022039836115e-05, 5.977582055233244e-05]","[0.3969798578141063, -0.43655842022903457]",0.14883706906926936
3,2124,"[0.3789821305188115, 0.661337668449343]","[0.20033155121842627, 0.8577591891930944]","[0.5774720593788295, 0.4430584583029033]","[1.9286126198678923e-05, 5.953643921778203e-05]","[1.9286652738093046e-05, 5.9536776088942034e-05]","[0.39697985772003597, -0.4365584202928795]",0.1488371021925589
3,2125,"[0.37898209194655913, 0.6613375493764646]","[0.20033155121842627, 0.8577591891930944]","[0.577472020759916, 0.4430583391983555]","[1.9209069888487662e-05, 5.929835315373946e-05]","[1.920959222334595e-05, 5.929868733689503e-05]","[0.39697985762671373, -0.43655842035621817]",0.1488371351833876
3,2126,"[0.37898205352841935, 0.6613374307797583]","[0.20033155121842627, 0.8577591891930944]","[0.577471982295486, 0.44305822057023103]","[1.9132321102062693e-05, 5.9061218960342136e-05]","[1.913283926613385e-05, 5.906155047685768e-05]","[0.39697985753413334, -0.43655842041905446]",0.14883716804228497
3,2127,"[0.37898201526377717, 0.6613373126573203]","[0.20033155121842627, 0.8577591891930944]","[0.5774719439849219, 0.44305810241662413]","[1.9055878615103886e-05, 5.8825032833974146e-05]","[1.9056392641381148e-05, 5.882536170509489e-05]","[0.39697985744228936, -0.4365584204813924]",0.14883720076977847
3,2128,"[0.3789819771520199, 0.6613371950072546]","[0.20033155121842627, 0.8577591891930944]","[0.5774719058276077, 0.4430579847356366]","[1.897974120757114e-05, 5.8589790986006096e-05]","[1.898025112934132e-05, 5.8590117232970584e-05]","[0.39697985735117547, -0.436558420543236]",0.14883723336639354
3,2129,"[0.37898193919253753, 0.6613370778276727]","[0.20033155121842627, 0.8577591891930944]","[0.5774718678229305, 0.4430578675253781]","[1.890390766504972e-05, 5.8355489643261164e-05]","[1.890441351520833e-05, 5.835581328694772e-05]","[0.3969798572607859, -0.43655842060458916]",0.14883726583265328
3,2130,"[0.3789819013847222, 0.6613369611166934]","[0.20033155121842627, 0.8577591891930944]","[0.5774718299702798, 0.44305775078396553]","[1.8828376777338265e-05, 5.812212504704691e-05]","[1.882887858822846e-05, 5.812244610819972e-05]","[0.39697985717111517, -0.4365584206654557]",0.14883729816907895
3,2131,"[0.37898186372796866, 0.6613368448724433]","[0.20033155121842627, 0.8577591891930944]","[0.5774717922690473, 0.4430576345095235]","[1.8753147339164725e-05, 5.788969345417325e-05]","[1.8753645143143594e-05, 5.789001195338761e-05]","[0.39697985708215733, -0.4365584207258395]",0.14883733037618962
3,2132,"[0.378981826221674, 0.6613367290930564]","[0.20033155121842627, 0.8577591891930944]","[0.5774717547186274, 0.4430575187001842]","[1.86782181502411e-05, 5.765819113642563e-05]","[1.867871197919202e-05, 5.7658507094049405e-05]","[0.3969798569939069, -0.43655842078574436]",0.14883736245450233
3,2133,"[0.3789817888652377, 0.6613366137766742]","[0.20033155121842627, 0.8577591891930944]","[0.5774717173184168, 0.44305740335408705]","[1.8603588014790066e-05, 5.742761438005417e-05]","[1.8604077900385985e-05, 5.74279278165446e-05]","[0.3969798569063583, -0.43655842084517427]",0.1488373944045321
3,2134,"[0.3789817516580617, 0.6613364989214454]","[0.20033155121842627, 0.8577591891930944]","[0.5774716800678146, 0.44305728846937903]","[1.852925574186274e-05, 5.719795948625335e-05]","[1.8529741715622716e-05, 5.7198270421610076e-05]","[0.39697985681950576, -0.43655842090413277]",0.14883742622679175
3,2135,"[0.3789817145995502, 0.6613363845255265]","[0.20033155121842627, 0.8577591891930944]","[0.5774716429662221, 0.44305717404421463]","[1.845522014533207e-05, 5.6969222771359664e-05]","[1.845570223846238e-05, 5.696953122552584e-05]","[0.3969798567333438, -0.43655842096262365]",0.1488374579217921
3,2136,"[0.3789816776891099, 0.6613362705870809]","[0.20033155121842627, 0.8577591891930944]","[0.5774716060130434, 0.4430570600767555]","[1.8381480043499776e-05, 5.674140056586613e-05]","[1.838195828696154e-05, 5.6741706558782745e-05]","[0.39697985664786695, -0.4365584210206508]",0.14883748949004194
3,2137,"[0.37898164092614983, 0.6613361571042797]","[0.20033155121842627, 0.8577591891930944]","[0.5774715692076846, 0.4430569465651709]","[1.8308034259761994e-05, 5.651448921549267e-05]","[1.8308508684505842e-05, 5.651479276663762e-05]","[0.39697985656306956, -0.43655842107821763]",0.14883752093204805
3,2138,"[0.3789816043100813, 0.6613360440753013]","[0.20033155121842627, 0.8577591891930944]","[0.5774715325495545, 0.44305683350763736]","[1.8234881621807607e-05, 5.6288485080216e-05]","[1.8235352258311188e-05, 5.628878620911326e-05]","[0.3969798564789464, -0.43655842113532795]",0.14883755224831513
3,2139,"[0.37898156784031806, 0.6613359314983311]","[0.20033155121842627, 0.8577591891930944]","[0.5774714960380642, 0.4430567209023385]","[1.816202096221827e-05, 5.6063384534406096e-05]","[1.816248784042296e-05, 5.6063683260332287e-05]","[0.3969798563954924, -0.4365584211919853]",0.14883758343934608
3,2140,"[0.3789815315162761, 0.661335819371562]","[0.20033155121842627, 0.8577591891930944]","[0.5774714596726269, 0.44305660874746533]","[1.8089451117904573e-05, 5.5839183967239234e-05]","[1.80899142682156e-05, 5.5839480309516354e-05]","[0.3969798563127016, -0.43655842124819344]",0.14883761450564142
3,2141,"[0.37898149533737385, 0.6613357076931942]","[0.20033155121842627, 0.8577591891930944]","[0.5774714234526586, 0.4430564970412163]","[1.8017170930877505e-05, 5.5615879782216204e-05]","[1.801763038267179e-05, 5.561617375976491e-05]","[0.3969798562305694, -0.4365584213039557]",0.1488376454477
3,2142,"[0.378981459303032, 0.6613355964614346]","[0.20033155121842627, 0.8577591891930944]","[0.5774713873775771, 0.4430563857817967]","[1.7945179247378898e-05, 5.539346839699019e-05]","[1.7945635030325313e-05, 5.539376002872132e-05]","[0.39697985614909015, -0.4365584213592758]",0.1488376762660185
3,2143,"[0.3789814234126735, 0.6613354856744977]","[0.20033155121842627, 0.8577591891930944]","[0.5774713514468028, 0.4430562749674192]","[1.7873474918164528e-05, 5.517194624360388e-05]","[1.787392706159574e-05, 5.517223554818429e-05]","[0.3969798560682587, -0.4365584214141571]",0.14883770696109155
3,2144,"[0.37898138766572365, 0.6613353753306053]","[0.20033155121842627, 0.8577591891930944]","[0.5774713156597586, 0.4430561645963036]","[1.7802056798801597e-05, 5.4951309768756635e-05]","[1.780250533178762e-05, 5.4951596764885036e-05]","[0.39697985598806995, -0.43655842146860335]",0.14883773753341203
3,2145,"[0.37898135206161004, 0.6613352654279857]","[0.20033155121842627, 0.8577591891930944]","[0.5774712800158694, 0.44305605466667686]","[1.7730923749214495e-05, 5.4731555432689454e-05]","[1.7731368700590888e-05, 5.4731840138655397e-05]","[0.3969798559085188, -0.4365584215226177]",0.1488377679834707
3,2146,"[0.37898131659976253, 0.6613351559648748]","[0.20033155121842627, 0.8577591891930944]","[0.5774712445145627, 0.44305594517677294]","[1.7660074634040427e-05, 5.451267971012079e-05]","[1.7660516032247386e-05, 5.4512962144259713e-05]","[0.39697985582960027, -0.4365584215762037]",0.14883779831175648
3,2147,"[0.3789812812796133, 0.6613350469395154]","[0.20033155121842627, 0.8577591891930944]","[0.5774712091552678, 0.44305583612483307]","[1.7589508322257066e-05, 5.4294679089990945e-05]","[1.758994619577292e-05, 5.4294959270284604e-05]","[0.3969798557513091, -0.43655842162936465]",0.14883782851875596
3,2148,"[0.37898124610059664, 0.6613349383501572]","[0.20033155121842627, 0.8577591891930944]","[0.5774711739374168, 0.44305572750910516]","[1.7519223687292846e-05, 5.407755007484684e-05]","[1.7519658064513166e-05, 5.407782801947203e-05]","[0.39697985567364025, -0.4365584216821041]",0.14883785860495435
3,2149,"[0.37898121106214927, 0.6613348301950571]","[0.20033155121842627, 0.8577591891930944]","[0.5774711388604438, 0.44305561932784443]","[1.7449219607161152e-05, 5.386128918160683e-05]","[1.744965051586611e-05, 5.386156490838623e-05]","[0.396979855596589, -0.4365584217344254]",0.14883788857083452
3,2150,"[0.3789811761637101, 0.6613347224724787]","[0.20033155121842627, 0.8577591891930944]","[0.5774711039237852, 0.4430555115793129]","[1.7379494964335615e-05, 5.36458929406223e-05]","[1.737992243239228e-05, 5.364616646719167e-05]","[0.39697985552015025, -0.43655842178633164]",0.14883791841687752
3,2151,"[0.37898114140472017, 0.6613346151806928]","[0.20033155121842627, 0.8577591891930944]","[0.57747106912688, 0.4430554042617797]","[1.731004864565762e-05, 5.343135789665303e-05]","[1.7310472700149404e-05, 5.3431629240541234e-05]","[0.3969798554443196, -0.4365584218378262]",0.14883794814356255
3,2152,"[0.3789811067846229, 0.661334508317977]","[0.20033155121842627, 0.8577591891930944]","[0.5774710344691687, 0.4430552973735208]","[1.7240879542316655e-05, 5.321768060792822e-05]","[1.7241300210746324e-05, 5.321794978657701e-05]","[0.39697985536909164, -0.4365584218889125]",0.14883797775136687
3,2153,"[0.3789810723028638, 0.6613344018826158]","[0.20033155121842627, 0.8577591891930944]","[0.5774709999500949, 0.44305519091281903]","[1.7171986550068647e-05, 5.300485764649681e-05]","[1.7172403859178065e-05, 5.300512467720786e-05]","[0.3969798552944621, -0.4365584219395936]",0.14883800724076568
3,2154,"[0.3789810379588907, 0.6613342958729005]","[0.20033155121842627, 0.8577591891930944]","[0.5774709655691036, 0.4430550848779641]","[1.7103368568860255e-05, 5.279288559792499e-05]","[1.7103782545657698e-05, 5.279315049783184e-05]","[0.3969798552204258, -0.4365584219898728]",0.1488380366122325
3,2155,"[0.37898100375215354, 0.6613341902871293]","[0.20033155121842627, 0.8577591891930944]","[0.5774709313256425, 0.4430549792672527]","[1.7035024503142972e-05, 5.25817610617575e-05]","[1.7035435174339586e-05, 5.25820238476693e-05]","[0.396979855146978, -0.43655842203975315]",0.1488380658662387
3,2156,"[0.37898096968210454, 0.6613340851236071]","[0.20033155121842627, 0.8577591891930944]","[0.5774708972191618, 0.44305487407898814]","[1.6966953261818426e-05, 5.237148065086929e-05]","[1.696736065348592e-05, 5.237174133981837e-05]","[0.3969798550741145, -0.436558422089238]",0.14883809500325412
3,2157,"[0.378980935748198, 0.6613339803806458]","[0.20033155121842627, 0.8577591891930944]","[0.577470863249113, 0.44305476931148063]","[1.689915375779313e-05, 5.216204099168121e-05]","[1.6899557896521422e-05, 5.216229960036678e-05]","[0.39697985500183, -0.4365584221383304]",0.14883812402374635
3,2158,"[0.3789809019498905, 0.6613338760565639]","[0.20033155121842627, 0.8577591891930944]","[0.5774708294149506, 0.44305466496304713]","[1.6831624908523042e-05, 5.195343872424844e-05]","[1.6832025820090468e-05, 5.1953695269335576e-05]","[0.39697985493012033, -0.43655842218703356]",0.14883815292818134
3,2159,"[0.3789808682866407, 0.6613337721496865]","[0.20033155121842627, 0.8577591891930944]","[0.5774707957161311, 0.44305456103201124]","[1.67643656358598e-05, 5.17456705017391e-05]","[1.6764763345999967e-05, 5.174592499967989e-05]","[0.3969798548589809, -0.43655842223535046]",0.14883818171702326
3,2160,"[0.3789808347579094, 0.6613336686583454]","[0.20033155121842627, 0.8577591891930944]","[0.5774707621521129, 0.44305445751670325]","[1.669737486554838e-05, 5.153873299081813e-05]","[1.6697769399887097e-05, 5.153898545806612e-05]","[0.396979854788407, -0.43655842228328434]",0.14883821039073408
3,2161,"[0.37898080136315965, 0.6613335655808794]","[0.20033155121842627, 0.8577591891930944]","[0.5774707287223568, 0.4430543544154604]","[1.663065152802131e-05, 5.1332622871724206e-05]","[1.663104291182993e-05, 5.13328733243168e-05]","[0.39697985471839436, -0.43655842233083797]",0.14883823894977427
3,2162,"[0.3789807681018566, 0.6613334629156337]","[0.20033155121842627, 0.8577591891930944]","[0.5774706954263258, 0.4430542517266264]","[1.6564194557674465e-05, 5.112733683762721e-05]","[1.6564582816125384e-05, 5.112758529174366e-05]","[0.39697985464893837, -0.43655842237801457]",0.1488382673946023
3,2163,"[0.37898073497346746, 0.6613333606609599]","[0.20033155121842627, 0.8577591891930944]","[0.5774706622634848, 0.4430541494485515]","[1.649800289320593e-05, 5.092287159493107e-05]","[1.6498388051233714e-05, 5.092311806637051e-05]","[0.3969798545800346, -0.4365584224248169]",0.14883829572567475
3,2164,"[0.3789807019774617, 0.6613332588152168]","[0.20033155121842627, 0.8577591891930944]","[0.577470629233301, 0.4430540475795927]","[1.64320754776145e-05, 5.0719223863483855e-05]","[1.643245756016709e-05, 5.071946836809893e-05]","[0.3969798545116785, -0.4365584224712481]",0.14883832394344648
3,2165,"[0.37898066911331074, 0.661333157376769]","[0.20033155121842627, 0.8577591891930944]","[0.5774705963352438, 0.44305394611811344]","[1.6366411258035448e-05, 5.051639037582375e-05]","[1.6366790289434885e-05, 5.0516632929376026e-05]","[0.3969798544438661, -0.43655842251731114]",0.14883835204837054
3,2166,"[0.37898063638048823, 0.6613330563439883]","[0.20033155121842627, 0.8577591891930944]","[0.5774705635687847, 0.44305384506248385]","[1.6301009185759983e-05, 5.031436787790538e-05]","[1.6301385190320428e-05, 5.031460849597158e-05]","[0.3969798543765929, -0.4365584225630089]",0.1488383800408981
3,2167,"[0.37898060377846987, 0.6613329557152525]","[0.20033155121842627, 0.8577591891930944]","[0.5774705309333972, 0.44305374441108036]","[1.623586821614956e-05, 5.011315312819774e-05]","[1.6236241218048342e-05, 5.0113391826256404e-05]","[0.3969798543098546, -0.4365584226083443]",0.14883840792147868
3,2168,"[0.37898057130673346, 0.6613328554889463]","[0.20033155121842627, 0.8577591891930944]","[0.5774704984285568, 0.4430536441622862]","[1.6170987308882063e-05, 4.991274289871973e-05]","[1.6171357332339653e-05, 4.99129796919795e-05]","[0.3969798542436467, -0.4365584226533201]",0.14883843569055963
3,2169,"[0.37898053896475886, 0.6613327556634605]","[0.20033155121842627, 0.8577591891930944]","[0.5774704660537415, 0.44305354431449084]","[1.6106365427714948e-05, 4.971313397396043e-05]","[1.610673249635708e-05, 4.971336887771294e-05]","[0.39697985417796533, -0.4365584226979393]",0.148838463348587
3,2170,"[0.378980506752028, 0.6613326562371925]","[0.20033155121842627, 0.8577591891930944]","[0.5774704338084311, 0.44305344486609016]","[1.6042001540430062e-05, 4.951432315120069e-05]","[1.604236567781525e-05, 4.951455618051881e-05]","[0.39697985411280623, -0.4365584227422047]",0.14883849089600476
3,2171,"[0.3789804746680249, 0.6613325572085462]","[0.20033155121842627, 0.8577591891930944]","[0.5774704016921075, 0.4430533458154867]","[1.597789461908118e-05, 4.931630724104323e-05]","[1.597825584864765e-05, 4.9316538410837385e-05]","[0.39697985404816516, -0.436558422786119]",0.14883851833325512
3,2172,"[0.3789804427122357, 0.6613324585759317]","[0.20033155121842627, 0.8577591891930944]","[0.5774703697042547, 0.4430532471610892]","[1.591404363963862e-05, 4.9119083066186486e-05]","[1.591440198461802e-05, 4.911931239126588e-05]","[0.396979853984038, -0.43655842282968504]",0.14883854566077856
3,2173,"[0.3789804108841484, 0.6613323603377655]","[0.20033155121842627, 0.8577591891930944]","[0.5774703378443587, 0.4430531489013127]","[1.5850447582163812e-05, 4.892264746232061e-05]","[1.585080306565345e-05, 4.892287495750214e-05]","[0.3969798539204207, -0.4365584228729057]",0.1488385728790139
3,2174,"[0.3789803791832532, 0.6613322624924706]","[0.20033155121842627, 0.8577591891930944]","[0.5774703061119077, 0.4430530510345788]","[1.5787105430800412e-05, 4.872699727783067e-05]","[1.578745807573334e-05, 4.8727222957622995e-05]","[0.39697985385730905, -0.4365584229157835]",0.14883859998839805
3,2175,"[0.37898034760904237, 0.661332165038476]","[0.20033155121842627, 0.8577591891930944]","[0.577470274506392, 0.44305295355931534]","[1.57240161738645e-05, 4.853212937364832e-05]","[1.572436600283389e-05, 4.853235325258387e-05]","[0.39697985379469924, -0.43655842295832137]",0.14883862698936626
3,2176,"[0.37898031616101, 0.6613320679742173]","[0.20033155121842627, 0.8577591891930944]","[0.5774702430273038, 0.4430528564739563]","[1.5661178803550557e-05, 4.8338040623118486e-05]","[1.566152583876157e-05, 4.833826271560815e-05]","[0.3969798537325875, -0.43655842300052194]",0.148838653882352
3,2177,"[0.3789802848386524, 0.661331971298136]","[0.20033155121842627, 0.8577591891930944]","[0.577470211674137, 0.44305275977694214]","[1.5598592315802185e-05, 4.814472791220894e-05]","[1.559893657998579e-05, 4.8144948232409224e-05]","[0.3969798536709692, -0.4365584230423878]",0.1488386806677871
3,2178,"[0.3789802536414678, 0.6613318750086802]","[0.20033155121842627, 0.8577591891930944]","[0.5774701804463883, 0.44305266346671934]","[1.5536255711098036e-05, 4.795218813907376e-05]","[1.5536597226140092e-05, 4.79524067011905e-05]","[0.396979853609841, -0.4365584230839217]",0.1488387073461015
3,2179,"[0.3789802225689564, 0.6613317791043039]","[0.20033155121842627, 0.8577591891930944]","[0.5774701493435557, 0.44305256754174077]","[1.547416799347156e-05, 4.776041821455302e-05]","[1.547450678163198e-05, 4.776063503253436e-05]","[0.3969798535491985, -0.43655842312512616]",0.14883873391772356
3,2180,"[0.3789801916206204, 0.6613316835834674]","[0.20033155121842627, 0.8577591891930944]","[0.5774701183651396, 0.44305247200046544]","[1.5412328170925077e-05, 4.7569415061826344e-05]","[1.5412664253700026e-05, 4.756963014962423e-05]","[0.3969798534890384, -0.4365584231660039]",0.14883876038307992
3,2181,"[0.3789801607959641, 0.6613315884446372]","[0.20033155121842627, 0.8577591891930944]","[0.5774700875106424, 0.44305237684135845]","[1.5350735255660772e-05, 4.737917561611743e-05]","[1.5351068654578803e-05, 4.737938898763394e-05]","[0.3969798534293567, -0.4365584232065576]",0.14883878674259543
3,2182,"[0.37898013009449355, 0.661331493686286]","[0.20033155121842627, 0.8577591891930944]","[0.5774700567795683, 0.4430522820628912]","[1.5289388263481667e-05, 4.7189696825063415e-05]","[1.528971900000009e-05, 4.718990849378324e-05]","[0.3969798533701495, -0.4365584232467895]",0.14883881299669327
3,2183,"[0.37898009951571704, 0.6613313993068923]","[0.20033155121842627, 0.8577591891930944]","[0.5774700261714235, 0.4430521876635411]","[1.5228286214407957e-05, 4.700097564854704e-05]","[1.5228614309859001e-05, 4.700118562817046e-05]","[0.39697985331141294, -0.43655842328670247]",0.14883883914579493
3,2184,"[0.3789800690591446, 0.661331305304941]","[0.20033155121842627, 0.8577591891930944]","[0.5774699956857163, 0.44305209364179154]","[1.5167428132129105e-05, 4.681300905834957e-05]","[1.5167753607547851e-05, 4.681321736232924e-05]","[0.39697985325314344, -0.4365584233262989]",0.14883886519032039
3,2185,"[0.37898003872428837, 0.6613312116789228]","[0.20033155121842627, 0.8577591891930944]","[0.577469965321957, 0.44305199999613215]","[1.5106813044403432e-05, 4.662579403849159e-05]","[1.5107135920566783e-05, 4.662600068022771e-05]","[0.39697985319533735, -0.43655842336558137]",0.14883889113068766
3,2186,"[0.37898000851066227, 0.6613311184273347]","[0.20033155121842627, 0.8577591891930944]","[0.5774699350796575, 0.4430519067250585]","[1.5046439982506876e-05, 4.643932758507921e-05]","[1.5046760280579274e-05, 4.643953257793543e-05]","[0.39697985313799045, -0.4365584234045524]",0.14883891696731316
3,2187,"[0.3789799784177823, 0.6613310255486795]","[0.20033155121842627, 0.8577591891930944]","[0.5774699049583322, 0.44305181382707237]","[1.4986307982012467e-05, 4.62536067062541e-05]","[1.4986625722301916e-05, 4.62538100631793e-05]","[0.39697985308109973, -0.43655842344321427]",0.1488389427006118
3,2188,"[0.37897994844516636, 0.6613309330414661]","[0.20033155121842627, 0.8577591891930944]","[0.577469874957497, 0.44305172130068127]","[1.4926416082007257e-05, 4.606862842192122e-05]","[1.4926731284947703e-05, 4.606883015606522e-05]","[0.3969798530246613, -0.4365584234815696]",0.14883896833099675
3,2189,"[0.3789799185923342, 0.6613308409042092]","[0.20033155121842627, 0.8577591891930944]","[0.57746984507667, 0.4430516291443989]","[1.4866763325533249e-05, 4.5884389764152705e-05]","[1.4867076011448876e-05, 4.588458988841193e-05]","[0.39697985296867155, -0.4365584235196207]",0.14883899385887936
3,2190,"[0.37897988885880757, 0.6613307491354297]","[0.20033155121842627, 0.8577591891930944]","[0.577469815315371, 0.4430515373567446]","[1.4807348759378438e-05, 4.570088777647773e-05]","[1.4807658948401414e-05, 4.570108630380654e-05]","[0.3969798529131269, -0.4365584235573702]",0.14883901928466967
3,2191,"[0.37897985924411004, 0.6613306577336541]","[0.20033155121842627, 0.8577591891930944]","[0.5774697856731219, 0.4430514459362439]","[1.4748171434031735e-05, 4.5518119514627416e-05]","[1.4748479146176052e-05, 4.5518316457771046e-05]","[0.39697985285802373, -0.43655842359482033]",0.14883904460877578
3,2192,"[0.37897982974776717, 0.6613305666974151]","[0.20033155121842627, 0.8577591891930944]","[0.5774697561494466, 0.4430513548814283]","[1.4689230403933682e-05, 4.533608204601366e-05]","[1.4689535658751751e-05, 4.533627741759583e-05]","[0.3969798528033589, -0.4365584236319735]",0.14883906983160433
3,2193,"[0.37897980036930634, 0.661330476025251]","[0.20033155121842627, 0.8577591891930944]","[0.5774697267438706, 0.44305126419083496]","[1.4630524727209155e-05, 4.5154772449556415e-05]","[1.463082754438183e-05, 4.515496626206206e-05]","[0.3969798527491286, -0.436558423668832]",0.14883909495356024
3,2194,"[0.37897977110825687, 0.661330385715706]","[0.20033155121842627, 0.8577591891930944]","[0.5774696974559217, 0.44305117386300685]","[1.457205346562891e-05, 4.497418781585308e-05]","[1.4572353864483745e-05, 4.49743800818303e-05]","[0.39697985269532965, -0.4365584237053983]",0.14883911997504695
3,2195,"[0.37897974196414996, 0.6613302957673304]","[0.20033155121842627, 0.8577591891930944]","[0.5774696682851291, 0.4430510838964931]","[1.4513815684922843e-05, 4.47943252475678e-05]","[1.451411368486033e-05, 4.479451597916295e-05]","[0.39697985264195834, -0.43655842374167453]",0.14883914489646605
3,2196,"[0.3789797129365186, 0.6613302061786799]","[0.20033155121842627, 0.8577591891930944]","[0.5774696392310243, 0.4430509942898483]","[1.4455810454241217e-05, 4.461518185832771e-05]","[1.4456106074312025e-05, 4.4615371067924237e-05]","[0.3969798525890115, -0.4365584237776632]",0.14883916971821776
3,2197,"[0.3789796840248977, 0.6613301169483161]","[0.20033155121842627, 0.8577591891930944]","[0.5774696102931405, 0.4430509050416329]","[1.4398036846577788e-05, 4.443675477364518e-05]","[1.4398330105747092e-05, 4.4436942473302654e-05]","[0.3969798525364856, -0.4365584238133664]",0.1488391944407006
3,2198,"[0.378979655228824, 0.6613300280748066]","[0.20033155121842627, 0.8577591891930944]","[0.5774695814710125, 0.4430508161504133]","[1.434049393865556e-05, 4.4259041130494665e-05]","[1.4340784856181621e-05, 4.425922733231058e-05]","[0.39697985248437695, -0.4365584238487865]",0.1488392190643114
3,2199,"[0.3789796265478361, 0.6613299395567243]","[0.20033155121842627, 0.8577591891930944]","[0.5774695527641776, 0.4430507276147614]","[1.428318081084632e-05, 4.408203807709906e-05]","[1.42834694051297e-05, 4.408222279300711e-05]","[0.39697985243268286, -0.43655842388392574]",0.1488392435894456
3,2200,"[0.3789795979814745, 0.6613298513926481]","[0.20033155121842627, 0.8577591891930944]","[0.5774695241721743, 0.44305063943325496]","[1.422609654710294e-05, 4.390574277336545e-05]","[1.4226382836768359e-05, 4.390592601516419e-05]","[0.39697985238139966, -0.4365584239187863]",0.14883926801649694
3,2201,"[0.3789795695292814, 0.6613297635811626]","[0.20033155121842627, 0.8577591891930944]","[0.5774694956945434, 0.4430505516044773]","[1.4169240235015416e-05, 4.373015239035136e-05]","[1.4169524238660802e-05, 4.373033416993355e-05]","[0.396979852330524, -0.4365584239533705]",0.14883929234585758
3,2202,"[0.37897954119080096, 0.6613296761208578]","[0.20033155121842627, 0.8577591891930944]","[0.5774694673308275, 0.44305046412701754]","[1.4112610965951886e-05, 4.3555264110355025e-05]","[1.4112892701589885e-05, 4.3555444439402624e-05]","[0.39697985228005306, -0.4365584239876805]",0.14883931657791816
3,2203,"[0.378979512965579, 0.6613295890103296]","[0.20033155121842627, 0.8577591891930944]","[0.5774694390805707, 0.44305037699947036]","[1.4056207834736958e-05, 4.338107512699046e-05]","[1.4056487320501798e-05, 4.338125401698312e-05]","[0.39697985222998333, -0.4365584240217184]",0.1488393407130678
3,2204,"[0.37897948485316335, 0.6613295022481793]","[0.20033155121842627, 0.8577591891930944]","[0.5774694109433192, 0.4430502902204361]","[1.400002993977152e-05, 4.3207582645253043e-05]","[1.40003071936734e-05, 4.3207760107688564e-05]","[0.3969798521803116, -0.4365584240554864]",0.14883936475169393
3,2205,"[0.37897945685310347, 0.6613294158330141]","[0.20033155121842627, 0.8577591891930944]","[0.5774693829186208, 0.4430502037885207]","[1.394407638315867e-05, 4.30347838811691e-05]","[1.394435142315631e-05, 4.303495992752371e-05]","[0.3969798521310347, -0.4365584240889867]",0.1488393886941825
3,2206,"[0.3789794289649507, 0.6613293297634463]","[0.20033155121842627, 0.8577591891930944]","[0.5774693550060256, 0.4430501177023356]","[1.388834627050924e-05, 4.286267606151812e-05]","[1.3888619113999745e-05, 4.286285070304041e-05]","[0.3969798520821498, -0.43655842412222134]",0.14883941254091806
3,2207,"[0.3789794011882581, 0.6613292440380941]","[0.20033155121842627, 0.8577591891930944]","[0.5774693272050848, 0.4430500319604979]","[1.3832838710958032e-05, 4.2691256424857315e-05]","[1.3833109375638308e-05, 4.2691429672725434e-05]","[0.3969798520336534, -0.4365584241551924]",0.14883943629228336
3,2208,"[0.3789793735225807, 0.6613291586555813]","[0.20033155121842627, 0.8577591891930944]","[0.577469299515352, 0.44304994656163027]","[1.3777552817296521e-05, 4.252052222037968e-05]","[1.3777821320559713e-05, 4.2520694085723676e-05]","[0.39697985198554253, -0.436558424187902]",0.14883945994865977
3,2209,"[0.37897934596747507, 0.6613290736145369]","[0.20033155121842627, 0.8577591891930944]","[0.5774692719363822, 0.4430498615043607]","[1.372248770570699e-05, 4.235047070821335e-05]","[1.3722754064748877e-05, 4.2350641202060224e-05]","[0.39697985193781427, -0.4365584242203523]",0.14883948351042706
3,2210,"[0.37897931852249966, 0.6613289889135955]","[0.20033155121842627, 0.8577591891930944]","[0.5774692444677324, 0.4430497767873228]","[1.366764249594392e-05, 4.2181099159711565e-05]","[1.366790672785445e-05, 4.218126829308444e-05]","[0.3969798518904655, -0.4365584242525453]",0.14883950697796366
3,2211,"[0.3789792911872147, 0.6613289045513971]","[0.20033155121842627, 0.8577591891930944]","[0.5774692171089613, 0.4430496924091556]","[1.3613016311259352e-05, 4.201240485661231e-05]","[1.361327843296678e-05, 4.201257264041525e-05]","[0.39697985184349316, -0.4365584242844831]",0.14883953035164632
3,2212,"[0.3789792639611821, 0.6613288205265875]","[0.20033155121842627, 0.8577591891930944]","[0.5774691898596291, 0.4430496083685037]","[1.3558608278406319e-05, 4.1844385092214804e-05]","[1.3558868306950966e-05, 4.1844551537051355e-05]","[0.3969798517968941, -0.43655842431616754]",0.14883955363185025
3,2213,"[0.3789792368439655, 0.6613287368378173]","[0.20033155121842627, 0.8577591891930944]","[0.5774691627192984, 0.4430495246640169]","[1.3504417527418321e-05, 4.167703717008976e-05]","[1.3504675479281136e-05, 4.167720228676064e-05]","[0.39697985175066575, -0.43655842434760084]",0.14883957681894938
3,2214,"[0.37897920983513045, 0.661328653483743]","[0.20033155121842627, 0.8577591891930944]","[0.5774691356875329, 0.4430494412943506]","[1.3450443192091423e-05, 4.1510358404714226e-05]","[1.345069908392782e-05, 4.151052220380258e-05]","[0.3969798517048049, -0.4365584243787849]",0.14883959991331586
3,2215,"[0.37897918293424404, 0.6613285704630262]","[0.20033155121842627, 0.8577591891930944]","[0.5774691087638983, 0.4430493582581654]","[1.33966844095826e-05, 4.13443461211829e-05]","[1.3396938257803637e-05, 4.13445086130948e-05]","[0.3969798516593086, -0.4365584244097216]",0.14883962291532057
3,2216,"[0.37897915614087524, 0.661328487774334]","[0.20033155121842627, 0.8577591891930944]","[0.5774690819479622, 0.4430492755541275]","[1.33431403202958e-05, 4.1178997655677916e-05]","[1.3343392141373922e-05, 4.117915885082368e-05]","[0.39697985161417393, -0.43655842444041293]",0.14883964582533277
3,2217,"[0.3789791294545946, 0.6613284054163386]","[0.20033155121842627, 0.8577591891930944]","[0.5774690552392937, 0.44304919318090813]","[1.328981006827093e-05, 4.101431035465722e-05]","[1.3290059878268146e-05, 4.101447026350069e-05]","[0.3969798515693982, -0.436558424470861]",0.1488396686437204
3,2218,"[0.3789791028749745, 0.661328323387718]","[0.20033155121842627, 0.8577591891930944]","[0.5774690286374637, 0.44304911113718415]","[1.3236692800902511e-05, 4.0850281575391696e-05]","[1.3236940615779513e-05, 4.085044020812889e-05]","[0.3969798515249785, -0.43655842450106763]",0.14883969137084974
3,2219,"[0.3789790764015889, 0.6613282416871548]","[0.20033155121842627, 0.8577591891930944]","[0.5774690021420448, 0.4430490294216374]","[1.3183787668723037e-05, 4.068690868527192e-05]","[1.3184033504642922e-05, 4.068706605214745e-05]","[0.39697985148091175, -0.43655842453103477]",0.14883971400708573
3,2220,"[0.37897905003401355, 0.6613281603133374]","[0.20033155121842627, 0.8577591891930944]","[0.5774689757526112, 0.4430489480329553]","[1.313109382605036e-05, 4.052418906293549e-05]","[1.3131337698701895e-05, 4.052434517393122e-05]","[0.3969798514371954, -0.4365584245607642]",0.14883973655279184
3,2221,"[0.3789790237718259, 0.6613280792649593]","[0.20033155121842627, 0.8577591891930944]","[0.5774689494687392, 0.44304886696983026]","[1.3078610430234213e-05, 4.036212009682442e-05]","[1.3078852355408177e-05, 4.0362274962124634e-05]","[0.3969798513938265, -0.43655842459025807]",0.14883975900833007
3,2222,"[0.3789789976146051, 0.6613279985407191]","[0.20033155121842627, 0.8577591891930944]","[0.5774689232900063, 0.44304878623096017]","[1.3026336642188262e-05, 4.0200699186276904e-05]","[1.302657663532214e-05, 4.0200852815641674e-05]","[0.3969798513508025, -0.4365584246195179]",0.14883978137406095
3,2223,"[0.3789789715619318, 0.6613279181393207]","[0.20033155121842627, 0.8577591891930944]","[0.577468897215992, 0.4430487058150478]","[1.2974271625948965e-05, 4.0039923740478505e-05]","[1.2974509702501358e-05, 4.004007614388794e-05]","[0.3969798513081205, -0.4365584246485458]",0.14883980365034372
3,2224,"[0.3789789456133885, 0.6613278380594731]","[0.20033155121842627, 0.8577591891930944]","[0.5774688712462774, 0.4430486257208014]","[1.2922414549179786e-05, 3.9879791179522425e-05]","[1.2922650724445095e-05, 3.9879942366760623e-05]","[0.39697985126577784, -0.4365584246773435]",0.1488398258375358
3,2225,"[0.3789789197685594, 0.6613277582998908]","[0.20033155121842627, 0.8577591891930944]","[0.5774688453804453, 0.4430485459469343]","[1.2870764582430617e-05, 3.972029893370332e-05]","[1.2870998871650219e-05, 3.97204489144265e-05]","[0.3969798512237718, -0.4365584247059129]",0.14883984793599364
3,2226,"[0.3789788940270302, 0.6613276788592929]","[0.20033155121842627, 0.8577591891930944]","[0.5774688196180802, 0.44304846649216506]","[1.2819320900000215e-05, 3.9561444443403944e-05]","[1.2819553317999777e-05, 3.9561593227155356e-05]","[0.3969798511820999, -0.43655842473425566]",0.148839869946072
3,2227,"[0.3789788683883884, 0.661327599736404]","[0.20033155121842627, 0.8577591891930944]","[0.5774687939587679, 0.4430483873552171]","[1.276808267909123e-05, 3.940322515919722e-05]","[1.2768313241096063e-05, 3.9403372755597577e-05]","[0.39697985114075907, -0.4365584247623737]",0.14883989186812427
3,2228,"[0.37897884285222305, 0.6613275209299536]","[0.20033155121842627, 0.8577591891930944]","[0.5774687684020965, 0.4430483085348192]","[1.2717049100567816e-05, 3.9245638541977765e-05]","[1.2717277821372441e-05, 3.924578496050657e-05]","[0.39697985109974687, -0.43655842479026885]",0.14883991370250244
3,2229,"[0.37897881741812484, 0.6613274424386766]","[0.20033155121842627, 0.8577591891930944]","[0.5774687429476553, 0.44304823002970517]","[1.266621934810669e-05, 3.9088682062920516e-05]","[1.2666446242315388e-05, 3.908882731301633e-05]","[0.39697985105906086, -0.4365584248179428]",0.14883993544955715
3,2230,"[0.37897879208568613, 0.6613273642613124]","[0.20033155121842627, 0.8577591891930944]","[0.5774687175950353, 0.4430481518386138]","[1.261559260906249e-05, 3.893235320282126e-05]","[1.261581769129716e-05, 3.8932497293753254e-05]","[0.39697985101869826, -0.4365584248453973]",0.1488399571096375
3,2231,"[0.37897876685450094, 0.661327286396606]","[0.20033155121842627, 0.8577591891930944]","[0.5774686923438292, 0.44304807396028895]","[1.2565168073711684e-05, 3.877664945295858e-05]","[1.256539135835455e-05, 3.877679239394638e-05]","[0.3969798509786566, -0.4365584248726341]",0.14883997868309137
3,2232,"[0.3789787417241648, 0.6613272088433071]","[0.20033155121842627, 0.8577591891930944]","[0.5774686671936314, 0.44304799639347964]","[1.2514944935679282e-05, 3.862156831468135e-05]","[1.2515166437077063e-05, 3.8621710114927765e-05]","[0.3969798509389333, -0.4365584248996549]",0.14884000017026505
3,2233,"[0.3789787166942749, 0.6613271316001704]","[0.20033155121842627, 0.8577591891930944]","[0.5774686421440378, 0.4430479191369397]","[1.2464922391702636e-05, 3.846710729890721e-05]","[1.2465142124051809e-05, 3.846724796746637e-05]","[0.3969798508995258, -0.43655842492646146]",0.1488400215715036
3,2234,"[0.3789786917644301, 0.6613270546659559]","[0.20033155121842627, 0.8577591891930944]","[0.5774686171946459, 0.4430478421894281]","[1.2415099641764653e-05, 3.831326392704925e-05]","[1.2415317619196564e-05, 3.8313403473044794e-05]","[0.39697985086043164, -0.4365584249530555]",0.1488400428871507
3,2235,"[0.3789786669342308, 0.661326978039428]","[0.20033155121842627, 0.8577591891930944]","[0.5774685923450549, 0.4430477655497086]","[1.2365475889164207e-05, 3.81600357297271e-05]","[1.2365692125815286e-05, 3.816017416213846e-05]","[0.3969798508216481, -0.43655842497943875]",0.14884006411754852
3,2236,"[0.37897864220327904, 0.6613269017193565]","[0.20033155121842627, 0.8577591891930944]","[0.5774685675948654, 0.44304768921655013]","[1.2316050340111635e-05, 3.800742024808632e-05]","[1.2316264850043002e-05, 3.800755757571439e-05]","[0.39697985078317277, -0.4365584250056127]",0.148840085263038
3,2237,"[0.37897861757117834, 0.661326825704516]","[0.20033155121842627, 0.8577591891930944]","[0.5774685429436801, 0.4430476131887264]","[1.2266822204234995e-05, 3.7855415032788027e-05]","[1.2267035000956827e-05, 3.785555126445406e-05]","[0.3969798507450035, -0.43655842503157916]",0.14884010632395867
3,2238,"[0.37897859303753395, 0.6613267499936859]","[0.20033155121842627, 0.8577591891930944]","[0.5774685183911028, 0.443047537465016]","[1.2217790694130986e-05, 3.7704017644401934e-05]","[1.221800179140864e-05, 3.770415278891992e-05]","[0.3969798507071377, -0.43655842505733977]",0.14884012730064872
3,2239,"[0.37897856860195256, 0.6613266745856506]","[0.20033155121842627, 0.8577591891930944]","[0.5774684939367389, 0.4430474620442026]","[1.2168955025554855e-05, 3.755322565309787e-05]","[1.2169164437081381e-05, 3.7553359719111334e-05]","[0.39697985066957275, -0.4365584250828961]",0.14884014819344488
3,2240,"[0.3789785442640425, 0.6613265994791994]","[0.20033155121842627, 0.8577591891930944]","[0.5774684695801957, 0.44304738692507445]","[1.2120314417393575e-05, 3.740303663869125e-05]","[1.2120522156600089e-05, 3.740316963485313e-05]","[0.39697985063230645, -0.4365584251082498]",0.14884016900268265
3,2241,"[0.37897852002341365, 0.6613265246731261]","[0.20033155121842627, 0.8577591891930944]","[0.577468445321082, 0.4430473121064249]","[1.2071868091765315e-05, 3.72534481910059e-05]","[1.2072074171698421e-05, 3.7253580125795605e-05]","[0.3969798505953367, -0.4365584251334025]",0.14884018972869634
3,2242,"[0.37897849587967747, 0.6613264501662297]","[0.20033155121842627, 0.8577591891930944]","[0.5774684211590078, 0.44304723758705183]","[1.2023615273601436e-05, 3.710445790898622e-05]","[1.2023819707829286e-05, 3.710458879091494e-05]","[0.3969798505586606, -0.43655842515835575]",0.1488402103718185
3,2243,"[0.37897847183244693, 0.6613263759573139]","[0.20033155121842627, 0.8577591891930944]","[0.5774683970935851, 0.44304716336575833]","[1.1975555191280178e-05, 3.695606340170178e-05]","[1.1975757992555014e-05, 3.6956193239179314e-05]","[0.39697985052227636, -0.43655842518311117]",0.14884023093238075
3,2244,"[0.37897844788133656, 0.6613263020451872]","[0.20033155121842627, 0.8577591891930944]","[0.5774683731244272, 0.44304708944135196]","[1.1927687075873581e-05, 3.6808262287555536e-05]","[1.1927888257323715e-05, 3.680839108899381e-05]","[0.39697985048618134, -0.4365584252076704]",0.14884025141071322
3,2245,"[0.3789784240259624, 0.6613262284286626]","[0.20033155121842627, 0.8577591891930944]","[0.577468349251149, 0.4430470158126452]","[1.1880010161664866e-05, 3.666105219433625e-05]","[1.1880209736303549e-05, 3.666117996786733e-05]","[0.3969798504503732, -0.4365584252320348]",0.1488402718071446
3,2246,"[0.37897840026594204, 0.6613261551065582]","[0.20033155121842627, 0.8577591891930944]","[0.5774683254733668, 0.44304694247845516]","[1.1832523686005589e-05, 3.6514430759356214e-05]","[1.1832721666937829e-05, 3.6514557513300794e-05]","[0.3969798504148495, -0.43655842525620614]",0.1488402921220025
3,2247,"[0.3789783766008947, 0.6613260820776967]","[0.20033155121842627, 0.8577591891930944]","[0.5774683017906989, 0.44304686943760385]","[1.1785226889466394e-05, 3.6368395629516955e-05]","[1.1785423289278896e-05, 3.636852137189894e-05]","[0.39697985037960837, -0.43655842528018574]",0.1488403123556131
3,2248,"[0.3789783530304409, 0.6613260093409055]","[0.20033155121842627, 0.8577591891930944]","[0.5774682782027647, 0.4430467966889179]","[1.1738119015369219e-05, 3.622294446100115e-05]","[1.1738313846487713e-05, 3.622306919986995e-05]","[0.39697985034464756, -0.43655842530397515]",0.14884033250830128
3,2249,"[0.3789783295542029, 0.6613259368950165]","[0.20033155121842627, 0.8577591891930944]","[0.5774682547091852, 0.44304672423122854]","[1.1691199310069553e-05, 3.607807491935014e-05]","[1.1691392585166938e-05, 3.607819866269235e-05]","[0.3969798503099645, -0.43655842532757594]",0.1488403525803907
3,2250,"[0.3789783061718043, 0.6613258647388667]","[0.20033155121842627, 0.8577591891930944]","[0.5774682313095829, 0.4430466520633718]","[1.1644467022996822e-05, 3.5933784679487094e-05]","[1.1644658754472736e-05, 3.593390743544811e-05]","[0.39697985027555727, -0.43655842535098976]",0.14884037257220356
3,2251,"[0.3789782828828702, 0.6613257928712973]","[0.20033155121842627, 0.8577591891930944]","[0.577468208003582, 0.44304658018418847]","[1.1597921406578453e-05, 3.579007142574488e-05]","[1.1598111606669903e-05, 3.579019320193444e-05]","[0.39697985024142357, -0.43655842537421774]",0.1488403924840609
3,2252,"[0.3789782596870274, 0.6613257212911545]","[0.20033155121842627, 0.8577591891930944]","[0.577468184790808, 0.4430465085925237]","[1.1551561716152186e-05, 3.564693285148352e-05]","[1.1551750397298388e-05, 3.564705365582954e-05]","[0.3969798502075611, -0.43655842539726164]",0.14884041231628248
3,2253,"[0.378978236583904, 0.6613256499972888]","[0.20033155121842627, 0.8577591891930944]","[0.5774681616708879, 0.44304643728722737]","[1.1505387210086278e-05, 3.5504366659218955e-05]","[1.1505574384451656e-05, 3.550448649958238e-05]","[0.39697985017396775, -0.4365584254201229]",0.14884043206918673
3,2254,"[0.3789782135731296, 0.6613255789885555]","[0.20033155121842627, 0.8577591891930944]","[0.5774681386434504, 0.44304636626715405]","[1.1459397149759261e-05, 3.536237056086183e-05]","[1.1459582829276282e-05, 3.536248944485676e-05]","[0.3969798501406415, -0.4365584254428029]",0.14884045174309085
3,2255,"[0.3789781906543353, 0.6613255082638143]","[0.20033155121842627, 0.8577591891930944]","[0.5774681157081254, 0.4430462955311628]","[1.1413590799246965e-05, 3.5220942277414256e-05]","[1.1413774995860937e-05, 3.5221060212642374e-05]","[0.3969798501075802, -0.436558425465303]",0.1488404713383107
3,2256,"[0.3789781678271537, 0.6613254378219298]","[0.20033155121842627, 0.8577591891930944]","[0.5774680928645446, 0.4430462250781174]","[1.1367967425849656e-05, 3.5080079538994134e-05]","[1.136815015129189e-05, 3.508019653303274e-05]","[0.39697985007478176, -0.4365584254876247]",0.14884049085516093
3,2257,"[0.37897814509121885, 0.6613253676617706]","[0.20033155121842627, 0.8577591891930944]","[0.5774680701123409, 0.4430461549068859]","[1.132252629938589e-05, 3.4939780084728955e-05]","[1.1322707565430967e-05, 3.493989614505866e-05]","[0.3969798500422441, -0.4365584255097694]",0.148840510293955
3,2258,"[0.37897812244616624, 0.6613252977822105]","[0.20033155121842627, 0.8577591891930944]","[0.5774680474511488, 0.44304608501634124]","[1.1277266692987509e-05, 3.480004166292374e-05]","[1.1277446511359646e-05, 3.48001567969658e-05]","[0.39697985000996505, -0.4365584255317385]",0.14884052965500494
3,2259,"[0.37897809989163284, 0.6613252281821271]","[0.20033155121842627, 0.8577591891930944]","[0.5774680248806041, 0.44304601540536037]","[1.1232187882552496e-05, 3.466086203051134e-05]","[1.1232366264823934e-05, 3.466097624577058e-05]","[0.39697984997794256, -0.4365584255535335]",0.14884054893862175
3,2260,"[0.3789780774272571, 0.6613251588604031]","[0.20033155121842627, 0.8577591891930944]","[0.5774680024003445, 0.4430459460728253]","[1.1187289146796748e-05, 3.452223895392726e-05]","[1.11874661043454e-05, 3.452235225753775e-05]","[0.39697984994617475, -0.43655842557515556]",0.148840568145115
3,2261,"[0.3789780550526788, 0.6613250898159252]","[0.20033155121842627, 0.8577591891930944]","[0.5774679800100084, 0.44304587701762205]","[1.1142569767301628e-05, 3.438417020795761e-05]","[1.1142745311665259e-05, 3.4384282607380356e-05]","[0.3969798499146593, -0.4365584255966063]",0.1488405872747931
3,2262,"[0.3789780327675393, 0.6613250210475847]","[0.20033155121842627, 0.8577591891930944]","[0.5774679577092365, 0.44304580823864126]","[1.109802902861603e-05, 3.424665357662281e-05]","[1.1098203170911702e-05, 3.4246765079015695e-05]","[0.3969798498833945, -0.43655842561788694]",0.14884060632796328
3,2263,"[0.3789780105714812, 0.6613249525542776]","[0.20033155121842627, 0.8577591891930944]","[0.5774679354976704, 0.4430457397347782]","[1.1053666217953994e-05, 3.410968685292597e-05]","[1.1053838969377061e-05, 3.410979746543141e-05]","[0.39697984985237833, -0.4365584256389988]",0.14884062530493145
3,2264,"[0.3789779884641488, 0.6613248843349039]","[0.20033155121842627, 0.8577591891930944]","[0.5774679133749531, 0.4430456715049322]","[1.1009480625552003e-05, 3.397326783834597e-05]","[1.1009651997406777e-05, 3.3973377568163876e-05]","[0.3969798498216085, -0.4365584256599434]",0.14884064420600235
3,2265,"[0.37897796644518755, 0.6613248163883682]","[0.20033155121842627, 0.8577591891930944]","[0.5774678913407292, 0.4430456035480072]","[1.096547154432503e-05, 3.383739434318275e-05]","[1.0965641547622251e-05, 3.383750319729817e-05]","[0.39697984979108325, -0.4365584256807219]",0.14884066303147936
3,2266,"[0.3789779445142445, 0.6613247487135795]","[0.20033155121842627, 0.8577591891930944]","[0.5774678693946449, 0.44304553586291173]","[1.0921638270225453e-05, 3.370206418697449e-05]","[1.0921806915697996e-05, 3.370217217224525e-05]","[0.3969798497608008, -0.4365584257013355]",0.14884068178166499
3,2267,"[0.37897792267096797, 0.6613246813094511]","[0.20033155121842627, 0.8577591891930944]","[0.5774678475363476, 0.4430454684485582]","[1.0877980101693724e-05, 3.35672751972108e-05]","[1.087814740002857e-05, 3.3567382320742745e-05]","[0.3969798497307593, -0.4365584257217858]",0.14884070045686015
3,2268,"[0.37897790091500777, 0.6613246141749007]","[0.20033155121842627, 0.8577591891930944]","[0.5774678257654859, 0.4430454013038637]","[1.083449634003061e-05, 3.343302521076045e-05]","[1.0834662302283693e-05, 3.343313147941007e-05]","[0.39697984970095634, -0.43655842574207404]",0.1488407190573648
3,2269,"[0.3789778792460151, 0.6613245473088503]","[0.20033155121842627, 0.8577591891930944]","[0.5774678040817103, 0.4430453344277496]","[1.0791186289555866e-05, 3.3299312072504795e-05]","[1.0791350926353527e-05, 3.329941749297127e-05]","[0.39697984967139033, -0.4365584257622013]",0.1488407375834776
3,2270,"[0.37897785766364256, 0.6613244807102261]","[0.20033155121842627, 0.8577591891930944]","[0.5774677824846722, 0.44304526781914155]","[1.0748049257221761e-05, 3.3166133636409854e-05]","[1.0748212579125838e-05, 3.3166238215642796e-05]","[0.39697984964205935, -0.4365584257821691]",0.14884075603549607
3,2271,"[0.37897783616754405, 0.6613244143779589]","[0.20033155121842627, 0.8577591891930944]","[0.5774677609740249, 0.44304520147696963]","[1.07050845526872e-05, 3.30334877650795e-05]","[1.0705246570097415e-05, 3.3033591509634697e-05]","[0.3969798496129616, -0.43655842580197846]",0.1488407744137164
3,2272,"[0.37897781475737496, 0.6613243483109833]","[0.20033155121842627, 0.8577591891930944]","[0.5774677395494225, 0.4430451354001679]","[1.0662291488306757e-05, 3.290137232901341e-05]","[1.066245221170714e-05, 3.2901475245650236e-05]","[0.39697984958409516, -0.43655842582163085]",0.14884079271843378
3,2273,"[0.378977793432792, 0.6613242825082386]","[0.20033155121842627, 0.8577591891930944]","[0.5774677182105211, 0.44304506958767487]","[1.061966937933608e-05, 3.27697852078529e-05]","[1.0619828818947408e-05, 3.276988730321895e-05]","[0.3969798495554583, -0.4365584258411275]",0.14884081094994223
3,2274,"[0.37897777219345324, 0.6613242169686682]","[0.20033155121842627, 0.8577591891930944]","[0.5774676969569777, 0.4430450040384335]","[1.0577217543651545e-05, 3.263872428961581e-05]","[1.0577375709808212e-05, 3.2638825570030505e-05]","[0.396979849527049, -0.43655842586046933]",0.14884082910853436
3,2275,"[0.37897775103901815, 0.6613241516912196]","[0.20033155121842627, 0.8577591891930944]","[0.5774676757884509, 0.4430449387513906]","[1.0534935301834606e-05, 3.250818747054172e-05]","[1.053509220472204e-05, 3.250828794271188e-05]","[0.39697984949886556, -0.436558425879658]",0.1488408471945018
3,2276,"[0.3789777299691475, 0.6613240866748447]","[0.20033155121842627, 0.8577591891930944]","[0.5774676547046006, 0.4430448737254974]","[1.0492821977295056e-05, 3.2378172655361e-05]","[1.0492977626952449e-05, 3.2378272325717106e-05]","[0.39697984947090614, -0.43655842589869454]",0.14884086520813503
3,2277,"[0.3789777089835036, 0.6613240219184994]","[0.20033155121842627, 0.8577591891930944]","[0.5774676337050881, 0.4430448089597093]","[1.0450876896055697e-05, 3.2248677757277e-05]","[1.0451031302427527e-05, 3.224877663215997e-05]","[0.3969798494431691, -0.4365584259175801]",0.1488408831497232
3,2278,"[0.3789776880817498, 0.6613239574211438]","[0.20033155121842627, 0.8577591891930944]","[0.577467612789576, 0.4430447444529858]","[1.0409099386746549e-05, 3.211970069745449e-05]","[1.0409252559850923e-05, 3.211979878331439e-05]","[0.39697984941565245, -0.436558425936316]",0.14884090101955455
3,2279,"[0.37897766726355103, 0.6613238931817425]","[0.20033155121842627, 0.8577591891930944]","[0.5774675919577283, 0.44304468020429083]","[1.036748878077545e-05, 3.199123940611568e-05]","[1.0367640730368777e-05, 3.1991336709114027e-05]","[0.3969798493883546, -0.43655842595490324]",0.1488409188179159
3,2280,"[0.37897764652857346, 0.6613238291992637]","[0.20033155121842627, 0.8577591891930944]","[0.5774675712092103, 0.44304461621259206]","[1.0326044412058475e-05, 3.186329182110608e-05]","[1.0326195148013806e-05, 3.186338834765268e-05]","[0.39697984936127373, -0.43655842597334327]",0.14884093654509317
3,2281,"[0.37897762587648465, 0.66132376547268]","[0.20033155121842627, 0.8577591891930944]","[0.5774675505436887, 0.44304455247686153]","[1.02847656174236e-05, 3.173585588851768e-05]","[1.0284915149427754e-05, 3.173595164462917e-05]","[0.3969798493344081, -0.43655842599163697]",0.1488409542013709
3,2282,"[0.3789776053069534, 0.6613237020009682]","[0.20033155121842627, 0.8577591891930944]","[0.5774675299608314, 0.4430444889960754]","[1.0243651736142083e-05, 3.160892956298868e-05]","[1.0243800073861387e-05, 3.1609024554901666e-05]","[0.396979849307756, -0.43655842600978567]",0.1488409717870327
3,2283,"[0.37897758481964994, 0.6613236387831091]","[0.20033155121842627, 0.8577591891930944]","[0.5774675094603079, 0.4430444257692138]","[1.0202702110219444e-05, 3.148251080705926e-05]","[1.0202849263007963e-05, 3.1482605040877853e-05]","[0.3969798492813159, -0.4365584260277905]",0.14884098930236095
3,2284,"[0.37897756441424574, 0.6613235758180874]","[0.20033155121842627, 0.8577591891930944]","[0.5774674890417886, 0.44304436279526116]","[1.0161916084162534e-05, 3.1356597591737856e-05]","[1.0162062061835897e-05, 3.135669107345862e-05]","[0.39697984925508567, -0.43655842604565254]",0.1488410067476369
3,2285,"[0.37897754409041357, 0.6613235131048922]","[0.20033155121842627, 0.8577591891930944]","[0.5774674687049457, 0.4430443000732057]","[1.0121293005170298e-05, 3.123118789580456e-05]","[1.0121437816756895e-05, 3.123128063148295e-05]","[0.39697984922906426, -0.43655842606337303]",0.1488410241231407
3,2286,"[0.37897752384782757, 0.6613234506425164]","[0.20033155121842627, 0.8577591891930944]","[0.5774674484494524, 0.4430442376020399]","[1.0080832222985283e-05, 3.110627970626177e-05]","[1.0080975877846399e-05, 3.110637170178343e-05]","[0.3969798492032497, -0.43655842608095297]",0.1488410414291514
3,2287,"[0.3789775036861631, 0.661323388429957]","[0.20033155121842627, 0.8577591891930944]","[0.5774674282749832, 0.44304417538076024]","[1.0040533089982336e-05, 3.098187101812601e-05]","[1.0040675597511317e-05, 3.098196227935279e-05]","[0.3969798491776402, -0.43655842609839346]",0.14884105866594677
3,2288,"[0.3789774836050969, 0.661323326466215]","[0.20033155121842627, 0.8577591891930944]","[0.5774674081812141, 0.4430441134083671]","[1.0000394961154552e-05, 3.0857959834516405e-05]","[1.0000536330323495e-05, 3.08580503673439e-05]","[0.3969798491522344, -0.43655842611569573]",0.14884107583380374
3,2289,"[0.378977463604307, 0.6613232647502952]","[0.20033155121842627, 0.8577591891930944]","[0.5774673881678223, 0.44304405168386485]","[9.960417194040659e-06, 3.073454416627104e-05]","[9.960557433963402e-06, 3.073463397645915e-05]","[0.39697984912703055, -0.4365584261328608]",0.14884109293299796
3,2290,"[0.37897744368347264, 0.6613232032812069]","[0.20033155121842627, 0.8577591891930944]","[0.5774673682344862, 0.44304399020626195]","[9.92059914860654e-06, 3.061162203246063e-05]","[9.920738268331952e-06, 3.0611711125894114e-05]","[0.3969798491020271, -0.4365584261498898]",0.148841109963804
3,2291,"[0.37897742384227434, 0.6613231420579628]","[0.20033155121842627, 0.8577591891930944]","[0.5774673483808854, 0.4430439289745709]","[9.880940187508475e-06, 3.0489191460056667e-05]","[9.88107819616113e-06, 3.0489279842449424e-05]","[0.39697984907722217, -0.43655842616678386]",0.14884112692649526
3,2292,"[0.378977404080394, 0.6613230810795799]","[0.20033155121842627, 0.8577591891930944]","[0.5774673286067014, 0.4430438679878079]","[9.84143967604591e-06, 3.0367250483739344e-05]","[9.84157658212581e-06, 3.0367338160808277e-05]","[0.39697984905261474, -0.436558426183544]",0.14884114382134433
3,2293,"[0.37897738439751466, 0.661323020345079]","[0.20033155121842627, 0.8577591891930944]","[0.577467308911616, 0.44304380724499337]","[9.80209698176468e-06, 3.0245797146053877e-05]","[9.802232794342558e-06, 3.0245884123258904e-05]","[0.3969798490282027, -0.43655842620017116]",0.1488411606486223
3,2294,"[0.37897736479332067, 0.6613229598534847]","[0.20033155121842627, 0.8577591891930944]","[0.577467289295313, 0.44304374674515135]","[9.762911474686635e-06, 3.0124829497480915e-05]","[9.763046202593273e-06, 3.012491578058274e-05]","[0.39697984900398464, -0.43655842621666663]",0.1488411774085995
3,2295,"[0.3789773452674977, 0.6613228996038256]","[0.20033155121842627, 0.8577591891930944]","[0.5774672697574774, 0.44304368648730996]","[9.72388252787657e-06, 3.000434559620922e-05]","[9.724016179379902e-06, 3.000443119072216e-05]","[0.3969798489799594, -0.4365584262330313]",0.14884119410154512
3,2296,"[0.37897732581973265, 0.6613228395951344]","[0.20033155121842627, 0.8577591891930944]","[0.5774672502977951, 0.4430436264705013]","[9.685009516287258e-06, 2.9884343508302563e-05]","[9.685142100313016e-06, 2.988442841966865e-05]","[0.3969798489561249, -0.4365584262492662]",0.14884121072772707
3,2297,"[0.3789773064497136, 0.6613227798264474]","[0.20033155121842627, 0.8577591891930944]","[0.5774672309159536, 0.44304356669376116]","[9.646291817760066e-06, 2.9764821307568235e-05]","[9.646423342613009e-06, 2.9764905541296294e-05]","[0.39697984893248006, -0.43655842626537245]",0.14884122728741245
3,2298,"[0.37897728715712997, 0.6613227202968047]","[0.20033155121842627, 0.8577591891930944]","[0.5774672116116415, 0.4430435071561293]","[9.607728812358725e-06, 2.9645777075167954e-05]","[9.60785928666441e-06, 2.9645860636529076e-05]","[0.39697984890902305, -0.4365584262813509]",0.1488412437808671
3,2299,"[0.37897726794167236, 0.6613226610052506]","[0.20033155121842627, 0.8577591891930944]","[0.5774671923845487, 0.4430434478566493]","[9.569319882805443e-06, 2.952720890051305e-05]","[9.569449314739131e-06, 2.9527291794895216e-05]","[0.39697984888575266, -0.43655842629720265]",0.148841260208356
3,2300,"[0.3789772488030326, 0.6613226019508328]","[0.20033155121842627, 0.8577591891930944]","[0.5774671732343661, 0.4430433887943684]","[9.531064414130602e-06, 2.940911488005949e-05]","[9.531192812162192e-06, 2.940919711291734e-05]","[0.39697984886266713, -0.43655842631292885]",0.14884127657014284
3,2301,"[0.37897722974090375, 0.6613225431326031]","[0.20033155121842627, 0.8577591891930944]","[0.5774671541607863, 0.44304332996833795]","[9.492961794019009e-06, 2.9291493118251515e-05]","[9.49308916636804e-06, 2.92915746947231e-05]","[0.3969798488397651, -0.43655842632853026]",0.1488412928664903
3,2302,"[0.37897721075498014, 0.6613224845496168]","[0.20033155121842627, 0.8577591891930944]","[0.5774671351635027, 0.4430432713776128]","[9.455011412237964e-06, 2.91743417268084e-05]","[9.455137767178101e-06, 2.9174422652267218e-05]","[0.39697984881704507, -0.4365584263440081]",0.1488413090976603
3,2303,"[0.3789771918449573, 0.6613224262009334]","[0.20033155121842627, 0.8577591891930944]","[0.5774671162422103, 0.4430432130212518]","[9.417212661394245e-06, 2.905765882541139e-05]","[9.41733800680078e-06, 2.9057739104942915e-05]","[0.3969798487945059, -0.43655842635936315]",0.14884132526391336
3,2304,"[0.378977173010532, 0.6613223680856157]","[0.20033155121842627, 0.8577591891930944]","[0.5774670973966047, 0.44304315489831747]","[9.37956493619923e-06, 2.8941442540805863e-05]","[9.379689280608616e-06, 2.8941522179637413e-05]","[0.3969798487721454, -0.4365584263745965]",0.14884134136550903
3,2305,"[0.37897715425140216, 0.6613223102027307]","[0.20033155121842627, 0.8577591891930944]","[0.5774670786263838, 0.44304309700787614]","[9.342067634053692e-06, 2.882569100769694e-05]","[9.34219098480682e-06, 2.8825770010898477e-05]","[0.3969798487499633, -0.4365584263897091]",0.14884135740270601
3,2306,"[0.37897713556726687, 0.6613222525513487]","[0.20033155121842627, 0.8577591891930944]","[0.5774670599312455, 0.4430430393489978]","[9.30472015427284e-06, 2.8710402367705186e-05]","[9.304842519652912e-06, 2.8710480740268274e-05]","[0.3969798487279572, -0.43655842640470177]",0.1488413733757617
3,2307,"[0.37897711695782654, 0.6613221951305439]","[0.20033155121842627, 0.8577591891930944]","[0.5774670413108896, 0.4430429819207561]","[9.267521899206983e-06, 2.8595574770210108e-05]","[9.26764328712526e-06, 2.8595652517227066e-05]","[0.396979848706126, -0.43655842641957565]",0.1488413892849327
3,2308,"[0.37897709842278277, 0.6613221379393943]","[0.20033155121842627, 0.8577591891930944]","[0.5774670227650169, 0.44304292472222845]","[9.230472273156834e-06, 2.8481206371932476e-05]","[9.23059269147819e-06, 2.8481283498527077e-05]","[0.39697984868446834, -0.43655842643433174]",0.14884140513047445
3,2309,"[0.3789770799618382, 0.6613220809769815]","[0.20033155121842627, 0.8577591891930944]","[0.5774670042933296, 0.44304286775249613]","[9.19357068291571e-06, 2.8367295337057878e-05]","[9.193690139297495e-06, 2.836737184808147e-05]","[0.39697984866298286, -0.4365584264489708]",0.14884142091264144
3,2310,"[0.37897706157469685, 0.6613220242423908]","[0.20033155121842627, 0.8577591891930944]","[0.5774669858955309, 0.443042811010644]","[9.156816537706809e-06, 2.8253839837035902e-05]","[9.156935039833503e-06, 2.8253915737241897e-05]","[0.39697984864166813, -0.43655842646349363]",0.14884143663168703
3,2311,"[0.3789770432610638, 0.6613219677347112]","[0.20033155121842627, 0.8577591891930944]","[0.5774669675713252, 0.4430427544957604]","[9.12020924897579e-06, 2.8140838050534833e-05]","[9.120326804501477e-06, 2.814091334507607e-05]","[0.3969798486205228, -0.43655842647790155]",0.14884145228786372
3,2312,"[0.3789770250206453, 0.6613219114530351]","[0.20033155121842627, 0.8577591891930944]","[0.5774669493204181, 0.44304269820693754]","[9.083748230475795e-06, 2.8028288163576924e-05]","[9.08386484699264e-06, 2.8028362857090983e-05]","[0.3969798485995456, -0.4365584264921951]",0.14884146788142286
3,2313,"[0.37897700685314883, 0.6613218553964587]","[0.20033155121842627, 0.8577591891930944]","[0.5774669311425165, 0.44304264214327105]","[9.047432898570936e-06, 2.7916188369243555e-05]","[9.04754858338519e-06, 2.791626246650969e-05]","[0.39697984857873525, -0.43655842650637533]",0.148841483412615
3,2314,"[0.37897698875828306, 0.661321799564082]","[0.20033155121842627, 0.8577591891930944]","[0.5774669130373282, 0.4430425863038604]","[9.0112626716583e-06, 2.7804536868294524e-05]","[9.01137743225533e-06, 2.7804610374160266e-05]","[0.3969798485580903, -0.4365584265204432]",0.14884149888168943
3,2315,"[0.3789769707357577, 0.6613217439550082]","[0.20033155121842627, 0.8577591891930944]","[0.5774668950045624, 0.4430425306878084]","[8.975236970522337e-06, 2.769333186812129e-05]","[8.975350814399707e-06, 2.7693404787310083e-05]","[0.39697984853760937, -0.4365584265343996]",0.14884151428889458
3,2316,"[0.37897695278528376, 0.6613216885683445]","[0.20033155121842627, 0.8577591891930944]","[0.5774668770439293, 0.44304247529422186]","[8.939355218337763e-06, 2.7582571583899448e-05]","[8.93946815300195e-06, 2.7582643921053585e-05]","[0.39697984851729107, -0.4365584265482453]",0.14884152963447783
3,2317,"[0.3789769349065733, 0.6613216334032014]","[0.20033155121842627, 0.8577591891930944]","[0.5774668591551406, 0.4430424201222108]","[8.90361684059704e-06, 2.747225423741169e-05]","[8.90372887285551e-06, 2.747232599714655e-05]","[0.39697984849713464, -0.4365584265619812]",0.14884154491868576
3,2318,"[0.3789769170993396, 0.6613215784586929]","[0.20033155121842627, 0.8577591891930944]","[0.5774668413379087, 0.44304236517088874]","[8.868021264940298e-06, 2.736237805746084e-05]","[8.86813240230655e-06, 2.7362449244505704e-05]","[0.3969798484771382, -0.4365584265756083]",0.1488415601417637
3,2319,"[0.3789768993632971, 0.6613215237339368]","[0.20033155121842627, 0.8577591891930944]","[0.5774668235919475, 0.4430423104393732]","[8.83256792139933e-06, 2.725294128070699e-05]","[8.832678170977992e-06, 2.7253011899486257e-05]","[0.3969798484573007, -0.43655842658912725]",0.14884157530395603
3,2320,"[0.37897688169816124, 0.6613214692280542]","[0.20033155121842627, 0.8577591891930944]","[0.5774668059169719, 0.44304225592678464]","[8.797256242278178e-06, 2.7143942149824334e-05]","[8.797365610824226e-06, 2.714401220504925e-05]","[0.39697984843762124, -0.4365584266025392]",0.14884159040550654
3,2321,"[0.3789768641036488, 0.6613214149401699]","[0.20033155121842627, 0.8577591891930944]","[0.5774667883126978, 0.4430422016322476]","[8.762085662041459e-06, 2.7035378915367403e-05]","[8.762194156741732e-06, 2.7035448411372176e-05]","[0.3969798484180981, -0.43655842661584465]",0.1488416054466575
3,2322,"[0.37897684657947744, 0.6613213608694121]","[0.20033155121842627, 0.8577591891930944]","[0.5774667707788425, 0.4430421475548897]","[8.727055617359596e-06, 2.69272498343606e-05]","[8.727163245292324e-06, 2.6927318775737952e-05]","[0.39697984839873, -0.43655842662904476]",0.14884162042765048
3,2323,"[0.37897682912536623, 0.6613213070149124]","[0.20033155121842627, 0.8577591891930944]","[0.5774667533151241, 0.44304209369384234]","[8.69216554745791e-06, 2.6819553171208294e-05]","[8.692272315757865e-06, 2.681962156231288e-05]","[0.3969798483795157, -0.4365584266421402]",0.14884163534872602
3,2324,"[0.37897681174103515, 0.661321253375806]","[0.20033155121842627, 0.8577591891930944]","[0.5774667359212623, 0.44304204004824016]","[8.657414893523451e-06, 2.6712287196814725e-05]","[8.657520808863506e-06, 2.6712355042035618e-05]","[0.3969798483604543, -0.4365584266551318]",0.1488416502101239
3,2325,"[0.37897679442620535, 0.6613211999512316]","[0.20033155121842627, 0.8577591891930944]","[0.5774667185969775, 0.44304198661722144]","[8.622803098983906e-06, 2.6605450189242845e-05]","[8.622908168276489e-06, 2.6605517492894748e-05]","[0.3969798483415443, -0.43655842666802036]",0.14884166501208262
3,2326,"[0.37897677718059913, 0.6613211467403313]","[0.20033155121842627, 0.8577591891930944]","[0.5774667013419914, 0.44304193339992787]","[8.588329609515772e-06, 2.649904043353011e-05]","[8.588433839606946e-06, 2.6499107199984273e-05]","[0.39697984832278455, -0.4365584266808068]",0.14884167975483992
3,2327,"[0.3789767600039399, 0.6613210937422505]","[0.20033155121842627, 0.8577591891930944]","[0.577466684156027, 0.4430418803955045]","[8.553993873280561e-06, 2.6393056221361923e-05]","[8.554097270629946e-06, 2.6393122454893003e-05]","[0.3969798483041741, -0.4365584266934919]",0.14884169443863257
3,2328,"[0.3789767428959522, 0.661321040956138]","[0.20033155121842627, 0.8577591891930944]","[0.577466667038808, 0.4430418276030998]","[8.519795340142162e-06, 2.6287495851191542e-05]","[8.519897911341001e-06, 2.628756155598211e-05]","[0.39697984828571165, -0.43655842670607636]",0.14884170906369645
3,2329,"[0.3789767258563615, 0.6613209883811463]","[0.20033155121842627, 0.8577591891930944]","[0.5774666499900594, 0.4430417750218657]","[8.485733462402622e-06, 2.618235762850257e-05]","[8.485835214289139e-06, 2.618242280888472e-05]","[0.39697984826739574, -0.43655842671856115]",0.14884172363026632
3,2330,"[0.3789767088848946, 0.661320936016431]","[0.20033155121842627, 0.8577591891930944]","[0.5774666330095073, 0.4430417226509576]","[8.451807694658232e-06, 2.6077639865541263e-05]","[8.451908633799743e-06, 2.607770452561775e-05]","[0.3969798482492254, -0.4365584267309469]",0.14884173813857618
3,2331,"[0.3789766919812792, 0.6613208838611513]","[0.20033155121842627, 0.8577591891930944]","[0.577466616096879, 0.443041670489534]","[8.418017493491723e-06, 2.5973340880970766e-05]","[8.418117626196597e-06, 2.5973405024970475e-05]","[0.3969798482311996, -0.43655842674323453]",0.14884175258885896
3,2332,"[0.3789766751452442, 0.6613208319144696]","[0.20033155121842627, 0.8577591891930944]","[0.5774665992519028, 0.4430416185367573]","[8.384362317696404e-06, 2.586945900066965e-05]","[8.384461650301489e-06, 2.5869522632504527e-05]","[0.3969798482133172, -0.43655842675542456]",0.1488417669813467
3,2333,"[0.37897665837651956, 0.6613207801755515]","[0.20033155121842627, 0.8577591891930944]","[0.5774665824743079, 0.44304156679179246]","[8.350841628333328e-06, 2.5765992556637153e-05]","[8.350940167489718e-06, 2.5766055680609412e-05]","[0.39697984819557675, -0.4365584267675181]",0.14884178131627063
3,2334,"[0.3789766416748363, 0.6613207286435664]","[0.20033155121842627, 0.8577591891930944]","[0.577466565763825, 0.4430415152538085]","[8.31745488850292e-06, 2.5662939888155968e-05]","[8.317552640302317e-06, 2.5663002508224952e-05]","[0.3969798481779775, -0.43655842677951573]",0.1488417955938609
3,2335,"[0.3789766250399265, 0.6613206773176866]","[0.20033155121842627, 0.8577591891930944]","[0.5774665491201855, 0.44304146392197746]","[8.284201563372317e-06, 2.5560299340786407e-05]","[8.284298534388945e-06, 2.556036146106333e-05]","[0.3969798481605179, -0.4365584267914183]",0.1488418098143468
3,2336,"[0.37897660847152337, 0.661320626197088]","[0.20033155121842627, 0.8577591891930944]","[0.5774665325431221, 0.4430414127954747]","[8.251081120467287e-06, 2.545806926673642e-05]","[8.251177316509484e-06, 2.5458130891165e-05]","[0.3969798481431974, -0.43655842680322654]",0.14884182397795676
3,2337,"[0.3789765919693611, 0.6613205752809495]","[0.20033155121842627, 0.8577591891930944]","[0.5774665160323684, 0.44304136187347887]","[8.218093029181643e-06, 2.5356248024720607e-05]","[8.218188456532438e-06, 2.535630915728726e-05]","[0.3969798481260146, -0.43655842681494117]",0.14884183808491816
3,2338,"[0.37897657553317504, 0.6613205245684534]","[0.20033155121842627, 0.8577591891930944]","[0.577466499587659, 0.4430413111551719]","[8.185236761143547e-06, 2.5254833980073134e-05]","[8.185331426324716e-06, 2.525489462462671e-05]","[0.396979848108968, -0.4365584268265629]",0.14884185213545748
3,2339,"[0.3789765591627015, 0.6613204740587854]","[0.20033155121842627, 0.8577591891930944]","[0.5774664832087301, 0.44304126063973914]","[8.152511790252114e-06, 2.5153825504767687e-05]","[8.152605699085491e-06, 2.515388566520782e-05]","[0.3969798480920571, -0.43655842683809243]",0.1488418661298005
3,2340,"[0.37897654285767796, 0.6613204237511343]","[0.20033155121842627, 0.8577591891930944]","[0.5774664668953182, 0.443041210326369]","[8.11991759225607e-06, 2.5053220977265978e-05]","[8.12001075090052e-06, 2.5053280657494348e-05]","[0.39697984807528053, -0.4365584268495306]",0.1488418800681719
3,2341,"[0.37897652661784276, 0.6613203736446923]","[0.20033155121842627, 0.8577591891930944]","[0.5774664506471614, 0.4430411602142532]","[8.087453644974942e-06, 2.4953018782417482e-05]","[8.087546059409867e-06, 2.4953077986333838e-05]","[0.3969798480586373, -0.4365584268608782]",0.14884189395079553
3,2342,"[0.37897651044293545, 0.6613203237386548]","[0.20033155121842627, 0.8577591891930944]","[0.5774664344639987, 0.4430411103025869]","[8.055119428495513e-06, 2.4853217311794957e-05]","[8.055211104529558e-06, 2.485327604306864e-05]","[0.3969798480421265, -0.43655842687213575]",0.1488419077778943
3,2343,"[0.3789764943326966, 0.6613202740322202]","[0.20033155121842627, 0.8577591891930944]","[0.57746641834557, 0.4430410605905681]","[8.022914424819453e-06, 2.475381496284893e-05]","[8.023005368507086e-06, 2.475387322536937e-05]","[0.3969798480257468, -0.43655842688330415]",0.1488419215496903
3,2344,"[0.37897647828686776, 0.6613202245245903]","[0.20033155121842627, 0.8577591891930944]","[0.5774664022916165, 0.4430410110773983]","[7.99083811824384e-06, 2.4654810139979974e-05]","[7.990928335199765e-06, 2.465486793740146e-05]","[0.3969798480094975, -0.43655842689438396]",0.14884193526640474
3,2345,"[0.3789764623051915, 0.66132017521497]","[0.20033155121842627, 0.8577591891930944]","[0.5774663863018801, 0.443040961762282]","[7.958889994789904e-06, 2.4556201253605198e-05]","[7.958979491018425e-06, 2.4556258589658597e-05]","[0.39697984799337716, -0.43655842690537594]",0.14884194892825778
3,2346,"[0.3789764463874115, 0.6613201261025675]","[0.20033155121842627, 0.8577591891930944]","[0.577466370376104, 0.44304091264442713]","[7.927069542826366e-06, 2.4457986720671702e-05]","[7.927158323928207e-06, 2.4458043599018264e-05]","[0.39697984797738506, -0.4365584269162808]",0.14884196253546894
3,2347,"[0.3789764305332724, 0.661320077186594]","[0.20033155121842627, 0.8577591891930944]","[0.5774663545140324, 0.4430408637230444]","[7.895376252447555e-06, 2.4360164964308202e-05]","[7.895464324281232e-06, 2.436022138868621e-05]","[0.39697984796151997, -0.43655842692709923]",0.14884197608825667
3,2348,"[0.3789764147425199, 0.6613200284662641]","[0.20033155121842627, 0.8577591891930944]","[0.5774663387154104, 0.44304081499734826]","[7.863809616149666e-06, 2.4262734414369104e-05]","[7.86389698437251e-06, 2.4262790388196454e-05]","[0.396979847945781, -0.43655842693783176]",0.14884198958683864
3,2349,"[0.3789763990149007, 0.6613199799407953]","[0.20033155121842627, 0.8577591891930944]","[0.5774663229799843, 0.44304076646655566]","[7.832369128244129e-06, 2.4165693506239797e-05]","[7.832455798328919e-06, 2.4165749033189243e-05]","[0.3969798479301673, -0.43655842694847924]",0.1488420030314317
3,2350,"[0.3789763833501625, 0.6613199316094083]","[0.20033155121842627, 0.8577591891930944]","[0.5774663073075013, 0.44304071812988705]","[7.801054284975834e-06, 2.406904068229257e-05]","[7.801140262608808e-06, 2.4069095766077186e-05]","[0.39697984791467755, -0.43655842695904246]",0.14884201642225164
3,2351,"[0.37897636774805393, 0.6613198834713269]","[0.20033155121842627, 0.8577591891930944]","[0.5774662916977094, 0.4430406699865659]","[7.769864584772144e-06, 2.3972774390665098e-05]","[7.769949875557902e-06, 2.3972829034824006e-05]","[0.39697984789931084, -0.43655842696952196]",0.14884202975951363
3,2352,"[0.37897635220832476, 0.6613198355257781]","[0.20033155121842627, 0.8577591891930944]","[0.577466276150358, 0.443040622035819]","[7.738799527875683e-06, 2.3876893086050978e-05]","[7.738884137242774e-06, 2.387694729388823e-05]","[0.3969798478840664, -0.4365584269799182]",0.14884204304343174
3,2353,"[0.3789763367307257, 0.661319787771992]","[0.20033155121842627, 0.8577591891930944]","[0.5774662606651972, 0.4430405742768759]","[7.70785861676593e-06, 2.3781395228991487e-05]","[7.707942550172486e-06, 2.3781449004167676e-05]","[0.396979847868943, -0.4365584269902322]",0.14884205627421937
3,2354,"[0.37897632131500847, 0.6613197402092015]","[0.20033155121842627, 0.8577591891930944]","[0.5774662452419784, 0.4430405267089693]","[7.677041355695865e-06, 2.3686279286308107e-05]","[7.677124618465925e-06, 2.3686332632166796e-05]","[0.3969798478539399, -0.4365584270004643]",0.148842069452089
3,2355,"[0.37897630596092574, 0.6613196928366429]","[0.20033155121842627, 0.8577591891930944]","[0.5774662298804538, 0.4430404793313353]","[7.646347251001157e-06, 2.3591543730981146e-05]","[7.64642984840691e-06, 2.359159665094035e-05]","[0.39697984783905615, -0.4365584270106153]",0.1488420825772522
3,2356,"[0.37897629066823124, 0.6613196456535555]","[0.20033155121842627, 0.8577591891930944]","[0.5774662145803766, 0.44304043214321254]","[7.615775810929406e-06, 2.3497187042087038e-05]","[7.615857748277666e-06, 2.349723953964933e-05]","[0.39697984782429074, -0.4365584270206859]",0.1488420956499199
3,2357,"[0.3789762754366796, 0.6613195986591814]","[0.20033155121842627, 0.8577591891930944]","[0.5774661993415009, 0.44304038514384314]","[7.5853265456639e-06, 2.340320770473243e-05]","[7.5854078283588144e-06, 2.340325978311686e-05]","[0.39697984780964257, -0.4365584270306766]",0.1488421086703019
3,2358,"[0.37897626026602654, 0.661319551852766]","[0.20033155121842627, 0.8577591891930944]","[0.577466184163582, 0.443040338332472]","[7.554998967536085e-06, 2.3309604210055584e-05]","[7.5550796007628485e-06, 2.3309655872660873e-05]","[0.39697984779511086, -0.4365584270405881]",0.14884212163860738
3,2359,"[0.3789762451560286, 0.6613195052335576]","[0.20033155121842627, 0.8577591891930944]","[0.5774661690463759, 0.4430402917083471]","[7.524792590593268e-06, 2.3216375055421988e-05]","[7.52487257954515e-06, 2.3216426305650018e-05]","[0.3969798477806946, -0.43655842705042114]",0.14884213455504458
3,2360,"[0.37897623010644343, 0.6613194588008076]","[0.20033155121842627, 0.8577591891930944]","[0.57746615398964, 0.44304024527071945]","[7.494706930773645e-06, 2.312351874387187e-05]","[7.494786280537458e-06, 2.3123569585004056e-05]","[0.39697984776639306, -0.4365584270601762]",0.14884214741982094
3,2361,"[0.37897621511702956, 0.66131941255377]","[0.20033155121842627, 0.8577591891930944]","[0.5774661389931321, 0.443040199018843]","[7.464741506240067e-06, 2.30310337846169e-05]","[7.464820221902979e-06, 2.303108421997102e-05]","[0.3969798477522052, -0.43655842706985404]",0.14884216023314312
3,2362,"[0.3789762001875465, 0.6613193664917024]","[0.20033155121842627, 0.8577591891930944]","[0.5774661240566115, 0.4430401529519749]","[7.434895836735002e-06, 2.2938918693004492e-05]","[7.434973923581278e-06, 2.293896872568313e-05]","[0.3969798477381299, -0.436558427079455]",0.1488421729952167
3,2363,"[0.37897618531775484, 0.661319320613865]","[0.20033155121842627, 0.8577591891930944]","[0.5774661091798381, 0.443040107069375]","[7.405169444317015e-06, 2.2847171989978334e-05]","[7.4052469072882765e-06, 2.28472216232678e-05]","[0.3969798477241665, -0.43655842708897996]",0.1488421857062469
3,2364,"[0.37897617050741594, 0.661319274919521]","[0.20033155121842627, 0.8577591891930944]","[0.5774660943625731, 0.4430400613703064]","[7.375561852570847e-06, 2.275579220277739e-05]","[7.375638696405229e-06, 2.2755841439736635e-05]","[0.39697984771031436, -0.4365584270984293]",0.14884219836643764
3,2365,"[0.37897615575629223, 0.6613192294079366]","[0.20033155121842627, 0.8577591891930944]","[0.5774660796045783, 0.44304001585403474]","[7.346072587112236e-06, 2.2664777864103166e-05]","[7.3461488169779265e-06, 2.266482670798542e-05]","[0.39697984769657213, -0.4365584271078038]",0.14884221097599237
3,2366,"[0.37897614106414707, 0.6613191840783809]","[0.20033155121842627, 0.8577591891930944]","[0.5774660649056166, 0.4430399705198289]","[7.3167011755640624e-06, 2.2574127512713307e-05]","[7.316776796439939e-06, 2.2574175966572074e-05]","[0.39697984768293904, -0.4365584271171039]",0.14884222353511356
3,2367,"[0.3789761264307447, 0.6613191389301258]","[0.20033155121842627, 0.8577591891930944]","[0.577466050265452, 0.44303992536696063]","[7.28744714726194e-06, 2.248383969328897e-05]","[7.2875221637236365e-06, 2.2483887760382792e-05]","[0.3969798476694145, -0.4365584271263304]",0.14884223604400287
3,2368,"[0.3789761118558504, 0.6613190939624465]","[0.20033155121842627, 0.8577591891930944]","[0.5774660356838491, 0.44303988039470454]","[7.258310033535174e-06, 2.239391295626288e-05]","[7.2583844504814365e-06, 2.239396063974386e-05]","[0.3969798476559975, -0.4365584271354839]",0.14884224850286126
3,2369,"[0.3789760973392303, 0.6613190491746206]","[0.20033155121842627, 0.8577591891930944]","[0.5774660211605738, 0.4430398356023383]","[7.229289367498187e-06, 2.2304345857921846e-05]","[7.229363189864557e-06, 2.23043931606437e-05]","[0.3969798476426869, -0.4365584271445646]",0.14884226091188874
3,2370,"[0.3789760828806516, 0.6613190045659288]","[0.20033155121842627, 0.8577591891930944]","[0.5774660066953927, 0.4430397909891421]","[7.200384684209992e-06, 2.2215136959987225e-05]","[7.20045791663404e-06, 2.221518388517696e-05]","[0.39697984762948224, -0.4365584271535735]",0.1488422732712847
3,2371,"[0.37897606847988224, 0.6613189601356549]","[0.20033155121842627, 0.8577591891930944]","[0.5774659922880735, 0.4430397465543995]","[7.171595520427801e-06, 2.2126284830504215e-05]","[7.17166816766035e-06, 2.2126331381044917e-05]","[0.3969798476163825, -0.4365584271625109]",0.14884228558124754
3,2372,"[0.3789760541366912, 0.6613189158830853]","[0.20033155121842627, 0.8577591891930944]","[0.5774659779383846, 0.44303970229739664]","[7.142921414961447e-06, 2.2037788042797164e-05]","[7.142993481756843e-06, 2.2037834221610986e-05]","[0.3969798476033868, -0.4365584271713774]",0.1488422978419749
3,2373,"[0.3789760398508484, 0.6613188718075093]","[0.20033155121842627, 0.8577591891930944]","[0.5774659636460957, 0.4430396582174224]","[7.114361908335751e-06, 2.1949645175965152e-05]","[7.114433399013631e-06, 2.194969098612276e-05]","[0.39697984759049465, -0.4365584271801737]",0.14884231005366388
3,2374,"[0.37897602562212457, 0.6613188279082189]","[0.20033155121842627, 0.8577591891930944]","[0.5774659494109771, 0.4430396143137688]","[7.085916542858545e-06, 2.1861854814978363e-05]","[7.085987462074339e-06, 2.1861900259434464e-05]","[0.396979847577705, -0.43655842718890026]",0.14884232221651045
3,2375,"[0.3789760114502915, 0.6613187841845093]","[0.20033155121842627, 0.8577591891930944]","[0.5774659352328, 0.44303957058573046]","[7.057584862800363e-06, 2.177441555011967e-05]","[7.057655215081393e-06, 2.1774460631784898e-05]","[0.39697984756501703, -0.43655842719755766]",0.14884233433070998
3,2376,"[0.3789759973351218, 0.6613187406356782]","[0.20033155121842627, 0.8577591891930944]","[0.5774659211113367, 0.443039527032605]","[7.0293664141498735e-06, 2.1687325977737395e-05]","[7.029436204175621e-06, 2.168737069940807e-05]","[0.39697984755242977, -0.43655842720614635]",0.14884234639645705
3,2377,"[0.37897598327638893, 0.6613186972610262]","[0.20033155121842627, 0.8577591891930944]","[0.5774659070463601, 0.4430394836536927]","[7.001260744712908e-06, 2.160058469947198e-05]","[7.001329977107673e-06, 2.1600629064033594e-05]","[0.3969798475399424, -0.436558427214667]",0.14884235841394539
3,2378,"[0.37897596927386745, 0.6613186540598568]","[0.20033155121842627, 0.8577591891930944]","[0.5774658930376446, 0.44303944044829674]","[6.973267404262404e-06, 2.151419032264712e-05]","[6.973336083460069e-06, 2.1514234332997706e-05]","[0.39697984752755433, -0.4365584272231201]",0.148842370383368
3,2379,"[0.37897595532733264, 0.6613186110314762]","[0.20033155121842627, 0.8577591891930944]","[0.577465879084965, 0.443039397415723]","[6.945385944084024e-06, 2.142814146027029e-05]","[6.945454074369639e-06, 2.142818511929878e-05]","[0.3969798475152648, -0.4365584272315063]",0.14884238230491714
3,2380,"[0.37897594143656077, 0.6613185681751932]","[0.20033155121842627, 0.8577591891930944]","[0.5774658651880973, 0.4430393545552802]","[6.917615917509401e-06, 2.1342436730590348e-05]","[6.917683503249172e-06, 2.1342480041042222e-05]","[0.396979847503073, -0.43655842723982596]",0.1488423941787843
3,2381,"[0.3789759276013289, 0.6613185254903198]","[0.20033155121842627, 0.8577591891930944]","[0.5774658513468179, 0.44303931186628]","[6.889956879403808e-06, 2.1257074757917935e-05]","[6.890023925065769e-06, 2.1257117722495167e-05]","[0.39697984749097803, -0.4365584272480796]",0.14884240600516008
3,2382,"[0.37897591382141516, 0.6613184829761702]","[0.20033155121842627, 0.8577591891930944]","[0.5774658375609047, 0.44303926934803634]","[6.862408386685364e-06, 2.1172054171283802e-05]","[6.862474896507376e-06, 2.1172096792809736e-05]","[0.3969798474789792, -0.4365584272562678]",0.14884241778423452
3,2383,"[0.3789759000965984, 0.6613184406320619]","[0.20033155121842627, 0.8577591891930944]","[0.5774658238301362, 0.4430392269998663]","[6.8349699977789706e-06, 2.108737360593916e-05]","[6.835035976038295e-06, 2.1087415887188765e-05]","[0.3969798474670757, -0.4365584272643912]",0.14884242951619667
3,2384,"[0.37897588642665836, 0.6613183984573147]","[0.20033155121842627, 0.8577591891930944]","[0.5774658101542918, 0.4430391848210896]","[6.80764127300194e-06, 2.1003031702182006e-05]","[6.80770672401021e-06, 2.1003073645720072e-05]","[0.3969798474552668, -0.4365584272724501]",0.14884244120123502
3,2385,"[0.3789758728113758, 0.6613183564512513]","[0.20033155121842627, 0.8577591891930944]","[0.5774657965331517, 0.4430391428110287]","[6.780421774431831e-06, 2.091902710583931e-05]","[6.780486702440136e-06, 2.0919068714431166e-05]","[0.39697984744355175, -0.43655842728044514]",0.14884245283953726
3,2386,"[0.37897585925053223, 0.661318314613197]","[0.20033155121842627, 0.8577591891930944]","[0.5774657829664972, 0.44303910096900856]","[6.753311065985925e-06, 2.0835358468130436e-05]","[6.753375474954915e-06, 2.0835399744567606e-05]","[0.39697984743192993, -0.4365584272883769]",0.1488424644312903
3,2387,"[0.3789758457439101, 0.66131827294248]","[0.20033155121842627, 0.8577591891930944]","[0.5774657694541103, 0.44303905929435716]","[6.726308713087318e-06, 2.0752024445665612e-05]","[6.726372607179787e-06, 2.0752065392481978e-05]","[0.3969798474204005, -0.4365584272962457]",0.14884247597668024
3,2388,"[0.37897583229129267, 0.6613182314384312]","[0.20033155121842627, 0.8577591891930944]","[0.5774657559957739, 0.4430390177864051]","[6.6994142829722216e-06, 2.066902370073007e-05]","[6.699477666627374e-06, 2.066906432057758e-05]","[0.3969798474089624, -0.43655842730405214]",0.14884248747589252
3,2389,"[0.3789758188924641, 0.6613181901003837]","[0.20033155121842627, 0.8577591891930944]","[0.5774657425912719, 0.44303897644448537]","[6.672627344767631e-06, 2.0586354900300976e-05]","[6.672690221642963e-06, 2.0586395195809626e-05]","[0.3969798473976156, -0.4365584273117967]",0.14884249892911186
3,2390,"[0.37897580554720944, 0.6613181489276739]","[0.20033155121842627, 0.8577591891930944]","[0.5774657292403889, 0.4430389352679339]","[6.645947469060632e-06, 2.0504016717314662e-05]","[6.646009843402911e-06, 2.0504056691184047e-05]","[0.39697984738635883, -0.43655842731948]",0.14884251033652224
3,2391,"[0.3789757922553145, 0.6613181079196405]","[0.20033155121842627, 0.8577591891930944]","[0.5774657159429103, 0.44303889425608933]","[6.619374228306555e-06, 2.0422007829743593e-05]","[6.6194361040827765e-06, 2.0422047484480732e-05]","[0.39697984737519154, -0.43655842732710237]",0.1488425216983068
3,2392,"[0.3789757790165661, 0.6613180670756249]","[0.20033155121842627, 0.8577591891930944]","[0.5774657026986226, 0.44303885340829274]","[6.592907196692491e-06, 2.034032692088355e-05]","[6.592968577856517e-06, 2.0340366259030684e-05]","[0.39697984736411307, -0.4365584273346643]",0.14884253301464792
3,2393,"[0.3789757658307517, 0.6613180263949711]","[0.20033155121842627, 0.8577591891930944]","[0.5774656895073129, 0.44303881272388795]","[6.566545949973409e-06, 2.0258972679024247e-05]","[6.566606840674449e-06, 2.025901170299438e-05]","[0.3969798473531224, -0.4365584273421662]",0.1488425442857275
3,2394,"[0.3789757526976598, 0.6613179858770257]","[0.20033155121842627, 0.8577591891930944]","[0.5774656763687696, 0.4430387722022213]","[6.540290065728156e-06, 2.017794379821494e-05]","[6.5403504695416e-06, 2.0177982510694026e-05]","[0.39697984734221947, -0.4365584273496088]",0.14884255551172648
3,2395,"[0.3789757396170797, 0.6613179455211381]","[0.20033155121842627, 0.8577591891930944]","[0.5774656632827813, 0.4430387318426419]","[6.514139123101602e-06, 2.0097238977242394e-05]","[6.514199044016511e-06, 2.0097277380615175e-05]","[0.3969798473314031, -0.43655842735699235]",0.14884256669282525
3,2396,"[0.37897572658880146, 0.6613179053266601]","[0.20033155121842627, 0.8577591891930944]","[0.5774656502491378, 0.44303869164450144]","[6.488092703030882e-06, 2.0016856920436136e-05]","[6.4881521450455e-06, 2.0016895017183067e-05]","[0.3969798473206726, -0.4365584273643174]",0.14884257782920324
3,2397,"[0.37897571361261606, 0.6613178652929463]","[0.20033155121842627, 0.8577591891930944]","[0.5774656372676297, 0.44303865160715417]","[6.462150388052558e-06, 1.9936796337326583e-05]","[6.462209355073689e-06, 1.993683412987446e-05]","[0.3969798473100272, -0.43655842737158435]",0.1488425889210393
3,2398,"[0.37897570068831526, 0.6613178254193537]","[0.20033155121842627, 0.8577591891930944]","[0.5774656243380485, 0.4430386117299569]","[6.436311762329713e-06, 1.98570559422129e-05]","[6.436370258156021e-06, 1.9857093432884554e-05]","[0.39697984729946645, -0.4365584273787936]",0.14884259996851162
3,2399,"[0.37897568781569174, 0.6613177857052418]","[0.20033155121842627, 0.8577591891930944]","[0.5774656114601866, 0.4430385720122689]","[6.41057641189394e-06, 1.9777634454746705e-05]","[6.410634440179308e-06, 1.9777671646070694e-05]","[0.3969798472889897, -0.43655842738594575]",0.14884261097179766
3,2400,"[0.37897567499453894, 0.6613177461499729]","[0.20033155121842627, 0.8577591891930944]","[0.5774655986338371, 0.44303853245345226]","[6.3849439241773485e-06, 1.9698530599783227e-05]","[6.385001488695696e-06, 1.969856749406418e-05]","[0.39697984727859625, -0.4365584273930412]",0.14884262193107414
3,2401,"[0.37897566222465107, 0.6613177067529117]","[0.20033155121842627, 0.8577591891930944]","[0.5774655858587938, 0.44303849305287146]","[6.359413888352876e-06, 1.961974310739348e-05]","[6.359470992645111e-06, 1.9619779707047424e-05]","[0.3969798472682855, -0.43655842740008044]",0.14884263284651705
3,2402,"[0.3789756495058233, 0.6613176675134255]","[0.20033155121842627, 0.8577591891930944]","[0.5774655731348516, 0.4430384538098935]","[6.333985895223036e-06, 1.9541270712357406e-05]","[6.334042543132412e-06, 1.9541307019810272e-05]","[0.3969798472580566, -0.43655842740706396]",0.1488426437183017
3,2403,"[0.3789756368378515, 0.661317628430884]","[0.20033155121842627, 0.8577591891930944]","[0.577465560461806, 0.443038414723888]","[6.3086595372510745e-06, 1.9463112154710063e-05]","[6.308715732428194e-06, 1.946314817224959e-05]","[0.3969798472479089, -0.4365584274139921]",0.14884265454660267
3,2404,"[0.37897562422053244, 0.6613175895046597]","[0.20033155121842627, 0.8577591891930944]","[0.5774655478394535, 0.443038375794227]","[6.283434408589057e-06, 1.9385266179533223e-05]","[6.283490154468385e-06, 1.93853019095358e-05]","[0.3969798472378421, -0.43655842742086537]",0.14884266533159393
3,2405,"[0.3789756116536636, 0.6613175507341273]","[0.20033155121842627, 0.8577591891930944]","[0.5774655352675913, 0.44303833702028533]","[6.258310104734654e-06, 1.9307731537002662e-05]","[6.25836540490976e-06, 1.9307766981613295e-05]","[0.3969798472278553, -0.436558427427684]",0.1488426760734486
3,2406,"[0.37897559913704343, 0.6613175121186643]","[0.20033155121842627, 0.8577591891930944]","[0.5774655227460173, 0.44303829840144]","[6.233286223215593e-06, 1.92305069821637e-05]","[6.233341081407495e-06, 1.9230542143644502e-05]","[0.39697984721794766, -0.4365584274344486]",0.1488426867723392
3,2407,"[0.378975586670471, 0.6613174736576504]","[0.20033155121842627, 0.8577591891930944]","[0.5774655102745304, 0.4430382599370705]","[6.208362362799866e-06, 1.915359127508719e-05]","[6.208416782449433e-06, 1.9153626155787862e-05]","[0.39697984720811885, -0.4365584274411597]",0.14884269742843764
3,2408,"[0.3789755742537463, 0.6613174353504678]","[0.20033155121842627, 0.8577591891930944]","[0.5774654978529303, 0.4430382216265591]","[6.1835381240556865e-06, 1.9076983180600297e-05]","[6.183592108743863e-06, 1.9077017782698213e-05]","[0.3969798471983681, -0.4365584274478175]",0.14884270804191502
3,2409,"[0.37897556188667003, 0.6613173971965015]","[0.20033155121842627, 0.8577591891930944]","[0.5774654854810175, 0.44303818346929025]","[6.158813108989575e-06, 1.900068146883441e-05]","[6.158866662053786e-06, 1.9000715794581513e-05]","[0.39697984718869495, -0.4365584274544225]",0.14884271861294177
3,2410,"[0.37897554956904383, 0.6613173591951386]","[0.20033155121842627, 0.8577591891930944]","[0.5774654731585931, 0.4430381454646509]","[6.134186921376105e-06, 1.8924684914563006e-05]","[6.134240046473671e-06, 1.892471896619563e-05]","[0.3969798471790985, -0.4365584274609753]",0.14884272914168772
3,2411,"[0.37897553730067, 0.6613173213457687]","[0.20033155121842627, 0.8577591891930944]","[0.5774654608854592, 0.44303810761203066]","[6.109659166479504e-06, 1.884899229750424e-05]","[6.109711866875145e-06, 1.8849026077183417e-05]","[0.39697984716957846, -0.4365584274674761]",0.14884273962832195
3,2412,"[0.3789755250813517, 0.6613172836477841]","[0.20033155121842627, 0.8577591891930944]","[0.5774654486614187, 0.4430380699108214]","[6.085229451039381e-06, 1.8773602402363935e-05]","[6.085281730183745e-06, 1.877363591229475e-05]","[0.396979847160134, -0.43655842747392537]",0.1488427500730129
3,2413,"[0.37897551291089276, 0.6613172461005793]","[0.20033155121842627, 0.8577591891930944]","[0.5774654364862752, 0.44303803236041756]","[6.060897383514092e-06, 1.8698514018734775e-05]","[6.060949244490743e-06, 1.8698547260997955e-05]","[0.39697984715076495, -0.4365584274803235]",0.14884276047592832
3,2414,"[0.378975500789098, 0.6613172087035513]","[0.20033155121842627, 0.8577591891930944]","[0.5774654243598331, 0.4430379949602158]","[6.036662573871195e-06, 1.8623725940872334e-05]","[6.036714020218881e-06, 1.862375891770185e-05]","[0.39697984714147017, -0.43655842748667095]",0.14884277083723518
3,2415,"[0.3789754887157728, 0.6613171714560994]","[0.20033155121842627, 0.8577591891930944]","[0.5774654122818974, 0.44303795770961535]","[6.012524633704938e-06, 1.8549236967825873e-05]","[6.012575668734588e-06, 1.8549269681256142e-05]","[0.3969798471322492, -0.436558427492968]",0.14884278115710003
3,2416,"[0.3789754766907235, 0.6613171343576254]","[0.20033155121842627, 0.8577591891930944]","[0.5774654002522742, 0.4430379206080178]","[5.988483176011221e-06, 1.8475045903655777e-05]","[5.988533803180651e-06, 1.8475078355839614e-05]","[0.3969798471231014, -0.43655842749921525]",0.14884279143568846
3,2417,"[0.37897546471375715, 0.6613170974075336]","[0.20033155121842627, 0.8577591891930944]","[0.5774653882707703, 0.44303788365482716]","[5.964537815536829e-06, 1.8401151557214934e-05]","[5.964588038032126e-06, 1.840118375023847e-05]","[0.39697984711402634, -0.43655842750541296]",0.14884280167316571
3,2418,"[0.37897545278468153, 0.6613170606052305]","[0.20033155121842627, 0.8577591891930944]","[0.5774653763371933, 0.4430378468494498]","[5.9406881683812165e-06, 1.8327552741875246e-05]","[5.940737989318379e-06, 1.832758467773532e-05]","[0.39697984710502354, -0.4365584275115615]",0.14884281186969614
3,2419,"[0.3789754409033052, 0.661317023950125]","[0.20033155121842627, 0.8577591891930944]","[0.5774653644513513, 0.4430378101912944]","[5.916933852203583e-06, 1.825424827580415e-05]","[5.916983274845133e-06, 1.8254279956553265e-05]","[0.39697984709609224, -0.4365584275176613]",0.14884282202544352
3,2420,"[0.3789754290694375, 0.6613169874416285]","[0.20033155121842627, 0.8577591891930944]","[0.5774653526130535, 0.44303777367977204]","[5.893274486176869e-06, 1.818123698197999e-05]","[5.893323513528337e-06, 1.81812684098559e-05]","[0.3969798470872321, -0.4365584275237129]",0.14884283214057092
3,2421,"[0.3789754172828885, 0.6613169510791546]","[0.20033155121842627, 0.8577591891930944]","[0.5774653408221097, 0.44303773731429635]","[5.869709691088767e-06, 1.8108517688363247e-05]","[5.869758326448871e-06, 1.8108548865192198e-05]","[0.39697984707844225, -0.4365584275297164]",0.14884284221524083
3,2422,"[0.37897540554346915, 0.6613169148621192]","[0.20033155121842627, 0.8577591891930944]","[0.5774653290783303, 0.443037701094283]","[5.846239089273344e-06, 1.8036089227007877e-05]","[5.846287335742328e-06, 1.8036120154885094e-05]","[0.3969798470697222, -0.4365584275356724]",0.14884285224961505
3,2423,"[0.378975393850991, 0.6613168787899407]","[0.20033155121842627, 0.8577591891930944]","[0.5774653173815267, 0.4430376650191501]","[5.822862304320467e-06, 1.7963950434937516e-05]","[5.822910165098616e-06, 1.7963981115864947e-05]","[0.3969798470610715, -0.43655842754158125]",0.14884286224385468
3,2424,"[0.3789753822052664, 0.6613168428620398]","[0.20033155121842627, 0.8577591891930944]","[0.5774653057315111, 0.44303762908831823]","[5.799578961525616e-06, 1.7892100153996374e-05]","[5.79962643970644e-06, 1.7892130589891586e-05]","[0.39697984705248945, -0.43655842754744323]",0.14884287219812034
3,2425,"[0.3789753706061085, 0.6613168070778396]","[0.20033155121842627, 0.8577591891930944]","[0.5774652941280964, 0.44303759330121023]","[5.776388687712388e-06, 1.7820537230459675e-05]","[5.776435786031264e-06, 1.7820567423276756e-05]","[0.39697984704397593, -0.4365584275532587]",0.14884288211257188
3,2426,"[0.3789753590533311, 0.6613167714367651]","[0.20033155121842627, 0.8577591891930944]","[0.577465282571096, 0.4430375576572511]","[5.7532911109570555e-06, 1.7749260515192195e-05]","[5.753337832758998e-06, 1.7749290466884116e-05]","[0.3969798470355298, -0.4365584275590281]",0.14884289198736844
3,2427,"[0.37897534754674883, 0.6613167359382441]","[0.20033155121842627, 0.8577591891930944]","[0.5774652710603242, 0.4430375221558682]","[5.7302858611118484e-06, 1.7678268863643435e-05]","[5.730332209463729e-06, 1.767829857624026e-05]","[0.3969798470271507, -0.4365584275647518]",0.14884290182266863
3,2428,"[0.3789753360861771, 0.6613167005817064]","[0.20033155121842627, 0.8577591891930944]","[0.5774652595955964, 0.44303748679649135]","[5.707372569452105e-06, 1.760756113605213e-05]","[5.707418547051812e-06, 1.7607590611368185e-05]","[0.3969798470188385, -0.4365584275704302]",0.14884291161863056
3,2429,"[0.37897532467143197, 0.6613166653665842]","[0.20033155121842627, 0.8577591891930944]","[0.5774652481767281, 0.44303745157855245]","[5.6845508684573654e-06, 1.7537136196905077e-05]","[5.684596478428006e-06, 1.7537165436787294e-05]","[0.3969798470105922, -0.43655842757606345]",0.14884292137541144
3,2430,"[0.37897531330233025, 0.6613166302923118]","[0.20033155121842627, 0.8577591891930944]","[0.577465236803536, 0.44303741650148576]","[5.661820392406295e-06, 1.7466992915470064e-05]","[5.6618656376072884e-06, 1.746702192179095e-05]","[0.3969798470024115, -0.4365584275816521]",0.148842931093168
3,2431,"[0.37897530197868945, 0.661316595358326]","[0.20033155121842627, 0.8577591891930944]","[0.5774652254758373, 0.4430373815647278]","[5.639180776722167e-06, 1.739713016539246e-05]","[5.639225660158953e-06, 1.739715894005789e-05]","[0.3969798469942958, -0.43655842758719643]",0.1488429407720563
3,2432,"[0.37897529070032787, 0.6613165605640656]","[0.20033155121842627, 0.8577591891930944]","[0.5774652141934501, 0.44303734676771717]","[5.616631658552569e-06, 1.7327546824845352e-05]","[5.616676183206604e-06, 1.732757536976326e-05]","[0.39697984698624444, -0.4365584275926969]",0.14884295041223178
3,2433,"[0.37897527946706455, 0.6613165259089719]","[0.20033155121842627, 0.8577591891930944]","[0.5774652029561931, 0.44303731210989505]","[5.594172676465483e-06, 1.7258241776638542e-05]","[5.5942168452061125e-06, 1.725827009357861e-05]","[0.39697984697825706, -0.4365584275981538]",0.14884296001384933
3,2434,"[0.3789752682787192, 0.6613164913924884]","[0.20033155121842627, 0.8577591891930944]","[0.5774651917638858, 0.44303727759070477]","[5.571803470330075e-06, 1.7189213907924337e-05]","[5.571847285945619e-06, 1.7189241998560867e-05]","[0.3969798469703332, -0.4365584276035672]",0.14884296957706303
3,2435,"[0.37897525713511226, 0.6613164570140606]","[0.20033155121842627, 0.8577591891930944]","[0.5774651806163484, 0.4430372432095917]","[5.5495236816652705e-06, 1.712046211031373e-05]","[5.549567146878598e-06, 1.712048997654092e-05]","[0.39697984696247235, -0.4365584276089378]",0.1488429791020266
3,2436,"[0.3789752460360649, 0.6613164227731364]","[0.20033155121842627, 0.8577591891930944]","[0.577465169513402, 0.44303720896600346]","[5.527332953125976e-06, 1.7051985279725103e-05]","[5.527376070568746e-06, 1.705201292340197e-05]","[0.39697984695467414, -0.4365584276142659]",0.14884298858889305
3,2437,"[0.378975234981399, 0.6613163886691659]","[0.20033155121842627, 0.8577591891930944]","[0.577465158454868, 0.44303717485939]","[5.505230928807461e-06, 1.6983782316742545e-05]","[5.505273701245095e-06, 1.6983809739634648e-05]","[0.396979846946938, -0.43655842761955177]",0.14884299803781464
3,2438,"[0.37897522397093714, 0.6613163547016012]","[0.20033155121842627, 0.8577591891930944]","[0.5774651474405686, 0.4430371408892033]","[5.483217254482337e-06, 1.691585212604075e-05]","[5.4832596849685444e-06, 1.6915879329948424e-05]","[0.396979846939263, -0.4365584276247958]",0.14884300744894322
3,2439,"[0.37897521300450265, 0.661316320869897]","[0.20033155121842627, 0.8577591891930944]","[0.5774651364703272, 0.4430371070548979]","[5.461291577314151e-06, 1.684819361707081e-05]","[5.461333668632662e-06, 1.6848220603660202e-05]","[0.396979846931649, -0.4365584276299982]",0.14884301682242979
3,2440,"[0.3789752020819195, 0.6613162871735098]","[0.20033155121842627, 0.8577591891930944]","[0.5774651255439672, 0.44303707335593007]","[5.439453545622881e-06, 1.6780805703266957e-05]","[5.439495300463282e-06, 1.678083247430573e-05]","[0.3969798469240955, -0.4365584276351594]",0.14884302615842498
3,2441,"[0.3789751912030124, 0.6613162536118984]","[0.20033155121842627, 0.8577591891930944]","[0.5774651146613135, 0.44303703979175857]","[5.417702809387181e-06, 1.6713687302599773e-05]","[5.417744230240551e-06, 1.6713713859750623e-05]","[0.39697984691660215, -0.43655842764027963]",0.14884303545707883
3,2442,"[0.37897518036760675, 0.6613162201845237]","[0.20033155121842627, 0.8577591891930944]","[0.577465103822191, 0.44303700636184407]","[5.396039019837051e-06, 1.6646837337152512e-05]","[5.39608010935444e-06, 1.664686368219037e-05]","[0.39697984690916843, -0.43655842764535935]",0.14884304471854057
3,2443,"[0.3789751695755287, 0.661316186890849]","[0.20033155121842627, 0.8577591891930944]","[0.5774650930264256, 0.44303697306564965]","[5.374461829541114e-06, 1.6580254733703055e-05]","[5.374502590416164e-06, 1.6580280868261354e-05]","[0.3969798469017938, -0.43655842765039876]",0.14884305394295902
3,2444,"[0.37897515882660504, 0.6613161537303396]","[0.20033155121842627, 0.8577591891930944]","[0.5774650822738439, 0.4430369399026405]","[5.352970892727785e-06, 1.6513938423128016e-05]","[5.353011327646762e-06, 1.651396434887431e-05]","[0.39697984689447763, -0.4365584276553982]",0.1488430631304823
3,2445,"[0.37897514812066324, 0.6613161207024627]","[0.20033155121842627, 0.8577591891930944]","[0.5774650715642731, 0.4430369068722837]","[5.331565864664524e-06, 1.644788734036134e-05]","[5.3316059762109624e-06, 1.644791305893678e-05]","[0.39697984688721966, -0.436558427660358]",0.14884307228125793
3,2446,"[0.37897513745753153, 0.661316087806688]","[0.20033155121842627, 0.8577591891930944]","[0.5774650608975412, 0.4430368739740488]","[5.310246402341692e-06, 1.638210042498616e-05]","[5.310286193049851e-06, 1.6382125938074754e-05]","[0.3969798468800194, -0.4365584276652785]",0.14884308139543295
3,2447,"[0.3789751268370387, 0.6613160550424872]","[0.20033155121842627, 0.8577591891930944]","[0.5774650502734769, 0.4430368412074072]","[5.289012163682159e-06, 1.6316576620584896e-05]","[5.289051636048203e-06, 1.6316601929855512e-05]","[0.39697984687287646, -0.43655842767016007]",0.14884309047315367
3,2448,"[0.37897511625901437, 0.661316022409334]","[0.20033155121842627, 0.8577591891930944]","[0.5774650396919094, 0.4430368085718325]","[5.267862808304289e-06, 1.6251314874758148e-05]","[5.267901965033683e-06, 1.625133998189865e-05]","[0.39697984686579013, -0.43655842767500297]",0.14884309951456595
3,2449,"[0.37897510572328874, 0.6613159899067043]","[0.20033155121842627, 0.8577591891930944]","[0.5774650291526688, 0.4430367760668006]","[5.2467979971719305e-06, 1.618631413997706e-05]","[5.2468368407221355e-06, 1.6186339046431186e-05]","[0.3969798468587602, -0.43655842767980735]",0.14884310851981497
3,2450,"[0.37897509522969275, 0.661315957534076]","[0.20033155121842627, 0.8577591891930944]","[0.5774650186555857, 0.44303674369178914]","[5.2258173925670915e-06, 1.6121573372206448e-05]","[5.225855925550249e-06, 1.6121598079732458e-05]","[0.396979846851786, -0.43655842768457376]",0.14884311748904533
3,2451,"[0.37897508477805797, 0.6613159252909293]","[0.20033155121842627, 0.8577591891930944]","[0.5774650082004916, 0.4430367114462781]","[5.2049206580696025e-06, 1.6057091531922974e-05]","[5.2049588827873805e-06, 1.60571160420786e-05]","[0.3969798468448673, -0.4365584276893024]",0.1488431264224012
3,2452,"[0.37897507436821665, 0.6613158931767462]","[0.20033155121842627, 0.8577591891930944]","[0.5774649977872185, 0.44303667932974944]","[5.184107458520528e-06, 1.5992867583643773e-05]","[5.184145377423732e-06, 1.59928918979646e-05]","[0.3969798468380037, -0.43655842769399356]",0.14884313532002602
3,2453,"[0.37897506400000175, 0.661315861191011]","[0.20033155121842627, 0.8577591891930944]","[0.577464987415599, 0.44303664734168724]","[5.163377460235115e-06, 1.5928900496092407e-05]","[5.1634150758372854e-06, 1.5928924616270823e-05]","[0.3969798468311946, -0.4365584276986476]",0.14884314418206268
3,2454,"[0.37897505367324685, 0.6613158293332101]","[0.20033155121842627, 0.8577591891930944]","[0.5774649770854666, 0.44303661548157774]","[5.142730330856919e-06, 1.58651892422483e-05]","[5.142767645571755e-06, 1.5865213169707904e-05]","[0.39697984682443954, -0.4365584277032647]",0.14884315300865342
3,2455,"[0.3789750433877862, 0.6613157976028317]","[0.20033155121842627, 0.8577591891930944]","[0.5774649667966554, 0.4430365837489091]","[5.1221657392317e-06, 1.580173279899535e-05]","[5.122202755336591e-06, 1.5801756535260836e-05]","[0.39697984681773835, -0.43655842770784514]",0.14884316179994012
3,2456,"[0.3789750331434547, 0.661315765999366]","[0.20033155121842627, 0.8577591891930944]","[0.5774649565489998, 0.44303655214317134]","[5.101683355603802e-06, 1.5738530147164586e-05]","[5.101720075784133e-06, 1.5738553693855906e-05]","[0.3969798468110901, -0.4365584277123894]",0.14884317055606397
3,2457,"[0.378975022940088, 0.6613157345223057]","[0.20033155121842627, 0.8577591891930944]","[0.5774649463423355, 0.4430365206638569]","[5.081282851685101e-06, 1.5675580272038893e-05]","[5.08131927801081e-06, 1.5675603630693757e-05]","[0.39697984680449494, -0.4365584277168977]",0.14884317927716562
3,2458,"[0.3789750127775223, 0.6613157031711452]","[0.20033155121842627, 0.8577591891930944]","[0.5774649361764983, 0.44303648931046014]","[5.0609639002556754e-06, 1.5612882162766236e-05]","[5.061000035333496e-06, 1.5612905334749794e-05]","[0.39697984679795195, -0.4365584277213701]",0.148843187963385
3,2459,"[0.37897500265559453, 0.6613156719453809]","[0.20033155121842627, 0.8577591891930944]","[0.5774649260513252, 0.4430364580824773]","[5.040726175530515e-06, 1.555043481260024e-05]","[5.040762021346623e-06, 1.555045779944031e-05]","[0.39697984679146125, -0.4365584277258071]",0.14884319661486176
3,2460,"[0.3789749925741422, 0.6613156408445112]","[0.20033155121842627, 0.8577591891930944]","[0.5774649159666532, 0.44303642697940676]","[5.0205693529402265e-06, 1.5488237218647088e-05]","[5.020604912031601e-06, 1.5488260021789824e-05]","[0.39697984678502196, -0.4365584277302089]",0.14884320523173483
3,2461,"[0.3789749825330035, 0.6613156098680368]","[0.20033155121842627, 0.8577591891930944]","[0.5774649059223204, 0.4430363960007489]","[5.000493109275601e-06, 1.5426288382328425e-05]","[5.000528384035974e-06, 1.542631100326375e-05]","[0.39697984677863374, -0.43655842773457587]",0.14884321381414253
3,2462,"[0.3789749725320173, 0.6613155790154601]","[0.20033155121842627, 0.8577591891930944]","[0.5774648959181654, 0.44303636514600603]","[4.98049712267452e-06, 1.5364587308773795e-05]","[4.980532115395064e-06, 1.536460974893572e-05]","[0.39697984677229625, -0.4365584277389082]",0.14884322236222275
3,2463,"[0.37897496257102303, 0.6613155482862855]","[0.20033155121842627, 0.8577591891930944]","[0.5774648859540277, 0.4430363344146824]","[4.9605810724422905e-06, 1.5303133006964508e-05]","[4.960615785143396e-06, 1.5303155267820667e-05]","[0.3969798467660093, -0.4365584277432062]",0.14884323087611284
3,2464,"[0.37897495264986086, 0.6613155176800195]","[0.20033155121842627, 0.8577591891930944]","[0.5774648760297469, 0.44303630380628445]","[4.940744639081969e-06, 1.524192449047846e-05]","[4.940779074202872e-06, 1.5241946573429921e-05]","[0.39697984675977216, -0.4365584277474701]",0.14884323935594945
3,2465,"[0.37897494276837157, 0.6613154871961705]","[0.20033155121842627, 0.8577591891930944]","[0.577464866145164, 0.44303627332032036]","[4.920987504718169e-06, 1.5180960776028416e-05]","[4.921021664161529e-06, 1.518098268254997e-05]","[0.3969798467535849, -0.4365584277517003]",0.14884324780186897
3,2466,"[0.37897493292639656, 0.661315456834249]","[0.20033155121842627, 0.8577591891930944]","[0.5774648563001199, 0.4430362429563005]","[4.90130935247737e-06, 1.5120240884980844e-05]","[4.901343238550293e-06, 1.5120262616463709e-05]","[0.3969798467474467, -0.4365584277558969]",0.1488432562140068
3,2467,"[0.37897492312377784, 0.6613154265937672]","[0.20033155121842627, 0.8577591891930944]","[0.5774648464944565, 0.44303621271373705]","[4.88170986668211e-06, 1.5059763842098624e-05]","[4.881743481510714e-06, 1.505978539989572e-05]","[0.39697984674135733, -0.43655842776006026]",0.14884326459249822
3,2468,"[0.3789749133603581, 0.6613153964742395]","[0.20033155121842627, 0.8577591891930944]","[0.5774648367280162, 0.4430361825921442]","[4.8621887330896325e-06, 1.4999528676444399e-05]","[4.862222079071721e-06, 1.4999550061955969e-05]","[0.39697984673531617, -0.4365584277641906]",0.14884327293747762
3,2469,"[0.37897490363598063, 0.6613153664751822]","[0.20033155121842627, 0.8577591891930944]","[0.5774648270006422, 0.443036152591038]","[4.842745638733468e-06, 1.4939534420501763e-05]","[4.8427787179283754e-06, 1.4939555635196111e-05]","[0.39697984672932307, -0.43655842776828835]",0.14884328124907925
3,2470,"[0.37897489395048933, 0.6613153365961133]","[0.20033155121842627, 0.8577591891930944]","[0.5774648173121781, 0.44303612270993653]","[4.823380271776602e-06, 1.4879780110914964e-05]","[4.823413086274542e-06, 1.4879801156109096e-05]","[0.3969798467233776, -0.43655842777235354]",0.14884328952743653
3,2471,"[0.3789748843037288, 0.661315306836553]","[0.20033155121842627, 0.8577591891930944]","[0.5774648076624684, 0.44303609294835977]","[4.804092321540836e-06, 1.4820264788266666e-05]","[4.8041248735808395e-06, 1.4820285665295696e-05]","[0.3969798467174793, -0.43655842777638654]",0.14884329777268238
3,2472,"[0.37897487469554414, 0.6613152771960235]","[0.20033155121842627, 0.8577591891930944]","[0.5774647980513581, 0.4430360633058297]","[4.784881478937413e-06, 1.4760987496785331e-05]","[4.784913770594645e-06, 1.476100820702042e-05]","[0.3969798467116279, -0.43655842778038756]",0.14884330598494916
3,2473,"[0.37897486512578116, 0.6613152476740485]","[0.20033155121842627, 0.8577591891930944]","[0.5774647884786928, 0.44303603378187006]","[4.765747435780252e-06, 1.4701947284766593e-05]","[4.765779468896003e-06, 1.470196782943356e-05]","[0.3969798467058232, -0.43655842778435683]",0.1488433141643689
3,2474,"[0.3789748555942863, 0.6613152182701539]","[0.20033155121842627, 0.8577591891930944]","[0.5774647789443186, 0.44303600437600665]","[4.746689885177366e-06, 1.4643143203903437e-05]","[4.7467216618968244e-06, 1.4643163584293628e-05]","[0.3969798467000646, -0.43655842778829457]",0.14884332231107295
3,2475,"[0.37897484610090654, 0.6613151889838675]","[0.20033155121842627, 0.8577591891930944]","[0.5774647694480824, 0.44303597508776693]","[4.727708521595143e-06, 1.458457430990247e-05]","[4.7277400438971995e-06, 1.4584594527466965e-05]","[0.3969798466943518, -0.4365584277922012]",0.14884333042519218
3,2476,"[0.3789748366454895, 0.6613151598147189]","[0.20033155121842627, 0.8577591891930944]","[0.5774647599898317, 0.4430359459166804]","[4.708803040455033e-06, 1.4526239662251082e-05]","[4.708834310362953e-06, 1.4526259718372625e-05]","[0.39697984668868447, -0.436558427796077]",0.14884333850685688
3,2477,"[0.3789748272278834, 0.6613151307622396]","[0.20033155121842627, 0.8577591891930944]","[0.5774647505694144, 0.4430359168622786]","[4.689973138746706e-06, 1.4468138324424802e-05]","[4.690004158480754e-06, 1.4468158220204419e-05]","[0.39697984668306197, -0.43655842779992193]",0.14884334655619674
3,2478,"[0.37897481784793713, 0.661315101825963]","[0.20033155121842627, 0.8577591891930944]","[0.5774647411866792, 0.44303588792409476]","[4.671218514446693e-06, 1.4410269363238844e-05]","[4.671249285936874e-06, 1.441028910004194e-05]","[0.3969798466774842, -0.43655842780373644]",0.14884335457334116
3,2479,"[0.3789748085055001, 0.6613150730054242]","[0.20033155121842627, 0.8577591891930944]","[0.5774647318414754, 0.4430358591016639]","[4.652538866622852e-06, 1.4352631849355082e-05]","[4.652569392027406e-06, 1.4352651428461982e-05]","[0.39697984667195063, -0.43655842780752074]",0.1488433625584189
3,2480,"[0.3789747992004224, 0.6613150443001605]","[0.20033155121842627, 0.8577591891930944]","[0.5774647225336529, 0.443035830394523]","[4.63393389603899e-06, 1.4295224857249942e-05]","[4.633964177269689e-06, 1.4295244279927122e-05]","[0.396979846666461, -0.4365584278112751]",0.14884337051155827
3,2481,"[0.37897478993255457, 0.6613150157097109]","[0.20033155121842627, 0.8577591891930944]","[0.5774647132630621, 0.4430358018022111]","[4.615403304079648e-06, 1.4238047465249147e-05]","[4.6154333429582195e-06, 1.4238066732619181e-05]","[0.39697984666101516, -0.43655842781499954]",0.14884337843288684
3,2482,"[0.37897478070174795, 0.6613149872336159]","[0.20033155121842627, 0.8577591891930944]","[0.5774647040295542, 0.4430357733242687]","[4.596946793569266e-06, 1.4181098754862217e-05]","[4.596976592108337e-06, 1.4181117868161675e-05]","[0.3969798466556125, -0.43655842781869447]",0.14884338632253197
3,2483,"[0.37897477150785436, 0.6613149588714184]","[0.20033155121842627, 0.8577591891930944]","[0.5774646948329807, 0.44303574496023834]","[4.57856406855336e-06, 1.41243778118623e-05]","[4.578593628790095e-06, 1.4124396772396963e-05]","[0.39697984665025265, -0.4365584278223602]",0.14884339418062031
3,2484,"[0.37897476235072625, 0.6613149306226628]","[0.20033155121842627, 0.8577591891930944]","[0.577464685673194, 0.44303571670966435]","[4.5602548342666075e-06, 1.406788372507607e-05]","[4.560284158017236e-06, 1.4067902534053989e-05]","[0.39697984664493546, -0.43655842782599685]",0.1488434020072782
3,2485,"[0.37897475323021657, 0.6613149024868953]","[0.20033155121842627, 0.8577591891930944]","[0.5774646765500469, 0.4430356885720929]","[4.5420187969432126e-06, 1.4011615587426044e-05]","[4.542047886080258e-06, 1.4011634246136051e-05]","[0.39697984663966057, -0.43655842782960474]",0.14884340980263122
3,2486,"[0.378974744146179, 0.6613148744636641]","[0.20033155121842627, 0.8577591891930944]","[0.577464667463393, 0.4430356605470721]","[4.5238556642423184e-06, 1.3955572495528088e-05]","[4.52388452021335e-06, 1.3955591005088142e-05]","[0.396979846634428, -0.436558427833184]",0.14884341756680464
3,2487,"[0.3789747350984677, 0.6613148465525192]","[0.20033155121842627, 0.8577591891930944]","[0.577464658413086, 0.4430356326341517]","[4.505765144827006e-06, 1.389975354944172e-05]","[4.505793769815636e-06, 1.3899771911074499e-05]","[0.3969798466292367, -0.43655842783673493]",0.14884342529992312
3,2488,"[0.3789747260869374, 0.661314818753012]","[0.20033155121842627, 0.8577591891930944]","[0.5774646493989807, 0.4430356048328832]","[4.487746948325203e-06, 1.3844157852419285e-05]","[4.487775344286238e-06, 1.3844176067256964e-05]","[0.3969798466240866, -0.43655842784025767]",0.1488434330021109
3,2489,"[0.3789747171114435, 0.6613147910646963]","[0.20033155121842627, 0.8577591891930944]","[0.5774646404209323, 0.44303557714282005]","[4.4698007860059615e-06, 1.3788784511857098e-05]","[4.469828954578592e-06, 1.3788802581016224e-05]","[0.39697984661897756, -0.43655842784375243]",0.1488434406734917
3,2490,"[0.3789747081718419, 0.6613147634871273]","[0.20033155121842627, 0.8577591891930944]","[0.5774646314787963, 0.44303554956351754]","[4.451926370003985e-06, 1.373363263868235e-05]","[4.451954313311468e-06, 1.3733650563285682e-05]","[0.39697984661390884, -0.43655842784721943]",0.14884344831418855
3,2491,"[0.37897469926798916, 0.661314736019862]","[0.20033155121842627, 0.8577591891930944]","[0.5774646225724295, 0.4430355220945325]","[4.434123413566621e-06, 1.367870134716308e-05]","[4.434151133159148e-06, 1.367871912844043e-05]","[0.39697984660888064, -0.436558427850659]",0.14884345592432446
3,2492,"[0.37897469039974235, 0.6613147086624593]","[0.20033155121842627, 0.8577591891930944]","[0.5774646137016886, 0.44303549473542364]","[4.416391631306796e-06, 1.362398975509314e-05]","[4.416419128960847e-06, 1.3624007394241744e-05]","[0.3969798466038924, -0.4365584278540714]",0.1488434635040215
3,2493,"[0.37897468156695907, 0.6613146814144798]","[0.20033155121842627, 0.8577591891930944]","[0.5774646048664309, 0.4430354674857514]","[4.398730738658355e-06, 1.3569496983775371e-05]","[4.3987580162774265e-06, 1.3569514482003608e-05]","[0.3969798465989437, -0.4365584278574568]",0.14884347105340145
3,2494,"[0.3789746727694976, 0.6613146542754859]","[0.20033155121842627, 0.8577591891930944]","[0.5774645960665148, 0.44303544034507825]","[4.3811404524651025e-06, 1.3515222158474053e-05]","[4.381167511668949e-06, 1.3515239516703748e-05]","[0.3969798465940344, -0.4365584278608152]",0.14884347857258554
3,2495,"[0.3789746640072167, 0.6613146272450415]","[0.20033155121842627, 0.8577591891930944]","[0.5774645873017987, 0.443035413312968]","[4.363620490538338e-06, 1.3461164407264495e-05]","[4.363647333138765e-06, 1.3461181626761576e-05]","[0.3969798465891641, -0.4365584278641471]",0.14884348606169456
3,2496,"[0.3789746552799757, 0.6613146003227127]","[0.20033155121842627, 0.8577591891930944]","[0.577464578572142, 0.44303538638898643]","[4.346170571905124e-06, 1.3407322862262276e-05]","[4.3461971995784054e-06, 1.340733994409371e-05]","[0.3969798465843325, -0.4365584278674526]",0.14884349352084875
3,2497,"[0.3789746465876346, 0.661314573508067]","[0.20033155121842627, 0.8577591891930944]","[0.5774645698774041, 0.44303535957270107]","[4.328790416698579e-06, 1.3353696658723972e-05]","[4.328816831378202e-06, 1.3353713603947437e-05]","[0.3969798465795391, -0.43655842787073185]",0.14884350095016802
3,2498,"[0.37897463793005376, 0.6613145468006737]","[0.20033155121842627, 0.8577591891930944]","[0.5774645612174458, 0.44303533286368113]","[4.311479746223403e-06, 1.3300284935597774e-05]","[4.3115059492615515e-06, 1.33003017453448e-05]","[0.39697984657478413, -0.43655842787398513]",0.14884350834977164
3,2499,"[0.37897462930709425, 0.6613145202001038]","[0.20033155121842627, 0.8577591891930944]","[0.5774645525921276, 0.4430353062614975]","[4.294238282520079e-06, 1.3247086834994716e-05]","[4.294264275894744e-06, 1.3247103510360958e-05]","[0.3969798465700667, -0.43655842787721266]",0.14884351571977839
3,2500,"[0.3789746207186177, 0.6613144937059302]","[0.20033155121842627, 0.8577591891930944]","[0.5774645440013111, 0.4430352797657229]","[4.277065749429564e-06, 1.319410150278926e-05]","[4.2770915347767335e-06, 1.3194118044901337e-05]","[0.39697984656538676, -0.43655842788041466]",0.14884352306030676
3,2501,"[0.3789746121644862, 0.6613144673177273]","[0.20033155121842627, 0.8577591891930944]","[0.5774645354448582, 0.44303525337593164]","[4.2599618712436365e-06, 1.3141328088092122e-05]","[4.259987450183633e-06, 1.3141344497924479e-05]","[0.39697984656074403, -0.4365584278835912]",0.14884353037147452
3,2502,"[0.3789746036445624, 0.6613144410350711]","[0.20033155121842627, 0.8577591891930944]","[0.5774645269226316, 0.44303522709169973]","[4.24292637373622e-06, 1.308876574326572e-05]","[4.242951747723822e-06, 1.3088782021941636e-05]","[0.3969798465561384, -0.4365584278867427]",0.1488435376533993
3,2503,"[0.3789745951587097, 0.6613144148575396]","[0.20033155121842627, 0.8577591891930944]","[0.5774645184344942, 0.44303520091260506]","[4.225958983650503e-06, 1.3036413624302735e-05]","[4.225984154671014e-06, 1.3036429772739222e-05]","[0.39697984655156904, -0.4365584278898691]",0.14884354490619786
3,2504,"[0.37897458670679174, 0.6613143887847124]","[0.20033155121842627, 0.8577591891930944]","[0.5774645099803098, 0.44303517483822696]","[4.209059428900175e-06, 1.2984270890417666e-05]","[4.2090843982989234e-06, 1.2984286909822895e-05]","[0.3969798465470362, -0.43655842789297084]",0.14884355212998682
3,2505,"[0.37897457828867287, 0.6613143628161706]","[0.20033155121842627, 0.8577591891930944]","[0.5774645015599426, 0.44303514886814666]","[4.192227438314526e-06, 1.293233670439225e-05]","[4.192252207768643e-06, 1.2932352595695917e-05]","[0.39697984654253937, -0.43655842789604793]",0.14884355932488214
3,2506,"[0.378974569904218, 0.6613143369514972]","[0.20033155121842627, 0.8577591891930944]","[0.5774644931732571, 0.4430351230019469]","[4.17546274193539e-06, 1.2880610232107945e-05]","[4.1754873131294445e-06, 1.2880625996303241e-05]","[0.39697984653807816, -0.4365584278991006]",0.1488435664909994
3,2507,"[0.3789745615532925, 0.6613143111902767]","[0.20033155121842627, 0.8577591891930944]","[0.5774644848201188, 0.4430350972392122]","[4.158765070815961e-06, 1.2829090642812214e-05]","[4.1587894451522445e-06, 1.2829106280920488e-05]","[0.3969798465336526, -0.43655842790212906]",0.1488435736284537
3,2508,"[0.37897455323576235, 0.6613142855320955]","[0.20033155121842627, 0.8577591891930944]","[0.5774644765003933, 0.4430350715795287]","[4.1421341570929354e-06, 1.2777777109446666e-05]","[4.142158336328805e-06, 1.2777792622487016e-05]","[0.396979846529262, -0.43655842790513355]",0.14884358073735965
3,2509,"[0.378974544951494, 0.6613142599765413]","[0.20033155121842627, 0.8577591891930944]","[0.5774644682139474, 0.4430350460224841]","[4.125569734146726e-06, 1.2726668807646026e-05]","[4.125593719428444e-06, 1.272668419666223e-05]","[0.3969798465249067, -0.4365584279081143]",0.14884358781783152
3,2510,"[0.3789745367003545, 0.6613142345232036]","[0.20033155121842627, 0.8577591891930944]","[0.5774644599606473, 0.4430350205676679]","[4.109071536067029e-06, 1.2675764916748532e-05]","[4.109095329440926e-06, 1.2675780182713758e-05]","[0.3969798465205856, -0.43655842791107136]",0.148843594869983
3,2511,"[0.37897452848221147, 0.6613142091716737]","[0.20033155121842627, 0.8577591891930944]","[0.577464451740361, 0.44303499521467116]","[4.092639298459236e-06, 1.2625064619327835e-05]","[4.092662901244992e-06, 1.2625079763350922e-05]","[0.39697984651629903, -0.4365584279140051]",0.14884360189392734
3,2512,"[0.37897452029693285, 0.6613141839215445]","[0.20033155121842627, 0.8577591891930944]","[0.5774644435529561, 0.4430349699630868]","[4.076272757565685e-06, 1.2574567101377133e-05]","[4.076296171273697e-06, 1.2574582124225131e-05]","[0.39697984651204654, -0.43655842791691546]",0.14884360888977724
3,2513,"[0.3789745121443873, 0.6613141587724103]","[0.20033155121842627, 0.8577591891930944]","[0.5774644353983012, 0.4430349448125089]","[4.059971650937156e-06, 1.252427155171178e-05]","[4.059994877181339e-06, 1.252428645442949e-05]","[0.3969798465078277, -0.4365584279198028]",0.14884361585764527
3,2514,"[0.378974504024444, 0.6613141337238672]","[0.20033155121842627, 0.8577591891930944]","[0.5774644272762652, 0.4430349197625335]","[4.043735716995922e-06, 1.2474177162652376e-05]","[4.043758757177329e-06, 1.2474191946221236e-05]","[0.3969798465036425, -0.4365584279226673]",0.1488436227976432
3,2515,"[0.3789744959369726, 0.6613141087755129]","[0.20033155121842627, 0.8577591891930944]","[0.577464419186718, 0.4430348948127584]","[4.027564695517067e-06, 1.2424283129888763e-05]","[4.027587550858858e-06, 1.2424297795188277e-05]","[0.3969798464994908, -0.43655842792550903]",0.14884362970988263
3,2516,"[0.3789744878818432, 0.6613140839269467]","[0.20033155121842627, 0.8577591891930944]","[0.5774644111295291, 0.4430348699627825]","[4.01145832681356e-06, 1.2374588652099586e-05]","[4.011480999210892e-06, 1.2374603200193679e-05]","[0.39697984649537177, -0.43655842792832833]",0.14884363659447447
3,2517,"[0.3789744798589265, 0.6613140591777694]","[0.20033155121842627, 0.8577591891930944]","[0.5774644031045693, 0.4430348452122068]","[3.995416352749562e-06, 1.2325092931125805e-05]","[3.995438843551469e-06, 1.2325107362820553e-05]","[0.3969798464912855, -0.4365584279311252]",0.1488436434515293
3,2518,"[0.3789744718680938, 0.6613140345275835]","[0.20033155121842627, 0.8577591891930944]","[0.5774643951117098, 0.44303482056063354]","[3.9794385159178614e-06, 1.227579517206906e-05]","[3.979460826308845e-06, 1.2275809488371259e-05]","[0.39697984648723195, -0.4365584279339]",0.14884365028115737
3,2519,"[0.37897446390921674, 0.6613140099759932]","[0.20033155121842627, 0.8577591891930944]","[0.5774643871508218, 0.4430347960076668]","[3.963524559856183e-06, 1.2226694583452287e-05]","[3.963546691798658e-06, 1.2226708785256779e-05]","[0.39697984648321016, -0.4365584279366528]",0.14884365708346822
3,2520,"[0.3789744559821676, 0.661313985522604]","[0.20033155121842627, 0.8577591891930944]","[0.5774643792217778, 0.44303477155291215]","[3.947674229448677e-06, 1.2177790376450747e-05]","[3.947696184225524e-06, 1.2177804464663655e-05]","[0.39697984647922047, -0.4365584279393837]",0.14884366385857117
3,2521,"[0.3789744480868191, 0.6613139611670232]","[0.20033155121842627, 0.8577591891930944]","[0.5774643713244504, 0.4430347471959767]","[3.9318872704554405e-06, 1.21290817659434e-05]","[3.931909049403881e-06, 1.2129095741553186e-05]","[0.3969798464752625, -0.4365584279420931]",0.1488436706065751
3,2522,"[0.3789744402230446, 0.6613139369088598]","[0.20033155121842627, 0.8577591891930944]","[0.5774643634587127, 0.4430347229364693]","[3.916163429692505e-06, 1.2080567969848465e-05]","[3.916185034147368e-06, 1.208058183366223e-05]","[0.3969798464713361, -0.43655842794478095]",0.14884367732758838
3,2523,"[0.37897443239071776, 0.6613139127477238]","[0.20033155121842627, 0.8577591891930944]","[0.5774643556244381, 0.44303469877400004]","[3.900502454757522e-06, 1.2032248208701531e-05]","[3.9005238863798475e-06, 1.2032261961614221e-05]","[0.39697984646744067, -0.4365584279474475]",0.14884368402171894
3,2524,"[0.37897442458971287, 0.6613138886832274]","[0.20033155121842627, 0.8577591891930944]","[0.5774643478215011, 0.4430346747081809]","[3.884904094573909e-06, 1.1984121706756929e-05]","[3.884925354302737e-06, 1.1984135349696334e-05]","[0.39697984646357654, -0.4365584279500929]",0.14884369068907427
3,2525,"[0.3789744168199047, 0.661313864714984]","[0.20033155121842627, 0.8577591891930944]","[0.5774643400497761, 0.4430346507386253]","[3.869368098748773e-06, 1.1936187691078324e-05]","[3.8693891882823905e-06, 1.1936201224915788e-05]","[0.3969798464597428, -0.4365584279527174]",0.1488436973297615
3,2526,"[0.3789744090811685, 0.6613138408426086]","[0.20033155121842627, 0.8577591891930944]","[0.5774643323091383, 0.44303462686494804]","[3.853894218093449e-06, 1.1888445391842575e-05]","[3.85391513868516e-06, 1.1888458817443937e-05]","[0.39697984645593964, -0.43655842795532107]",0.14884370394388724
3,2527,"[0.37897440137338, 0.6613138170657178]","[0.20033155121842627, 0.8577591891930944]","[0.5774643245994633, 0.4430346030867658]","[3.838482204406739e-06, 1.184089404242601e-05]","[3.838502957542733e-06, 1.1840907360505248e-05]","[0.39697984645216655, -0.436558427957904]",0.14884371053155773
3,2528,"[0.3789743936964156, 0.6613137933839297]","[0.20033155121842627, 0.8577591891930944]","[0.5774643169206274, 0.4430345794036964]","[3.823131810619129e-06, 1.1793532879035259e-05]","[3.82315239749742e-06, 1.179354609065486e-05]","[0.39697984644842355, -0.4365584279604666]",0.14884371709287886
3,2529,"[0.378974386050152, 0.661313769796864]","[0.20033155121842627, 0.8577591891930944]","[0.5774643092725071, 0.44303455581535955]","[3.8078427901807147e-06, 1.174636114130989e-05]","[3.8078632121352207e-06, 1.1746374247167957e-05]","[0.3969798464447103, -0.4365584279630088]",0.14884372362795595
3,2530,"[0.3789743784344664, 0.6613137463041416]","[0.20033155121842627, 0.8577591891930944]","[0.5774643016549796, 0.44303453232137624]","[3.792614897994201e-06, 1.1699378071411205e-05]","[3.7926351564299132e-06, 1.1699391072317322e-05]","[0.39697984644102646, -0.4365584279655308]",0.14884373013689395
3,2531,"[0.37897437084923663, 0.6613137229053855]","[0.20033155121842627, 0.8577591891930944]","[0.5774642940679227, 0.44303450892136903]","[3.7774478897737447e-06, 1.165258291498102e-05]","[3.7774679858548765e-06, 1.1652595811872946e-05]","[0.39697984643737205, -0.4365584279680329]",0.1488437366197975
3,2532,"[0.37897436329434087, 0.6613136996002197]","[0.20033155121842627, 0.8577591891930944]","[0.5774642865112143, 0.4430344856149621]","[3.762341522146971e-06, 1.160597492068041e-05]","[3.7623614569937125e-06, 1.1605987714324861e-05]","[0.39697984643374684, -0.43655842797051514]",0.14884374307677073
3,2533,"[0.3789743557696578, 0.6613136763882699]","[0.20033155121842627, 0.8577591891930944]","[0.5774642789847331, 0.44303446240178096]","[3.7472955527627765e-06, 1.1559553339701667e-05]","[3.7473153276512683e-06, 1.1559566031105195e-05]","[0.3969798464301505, -0.43655842797297784]",0.1488437495079173
3,2534,"[0.3789743482750667, 0.6613136532691632]","[0.20033155121842627, 0.8577591891930944]","[0.577464271488358, 0.4430344392814528]","[3.732309740145954e-06, 1.1513317426781469e-05]","[3.7323293565205695e-06, 1.1513330016588164e-05]","[0.39697984642658257, -0.4365584279754209]",0.14884375591334037
3,2535,"[0.37897434081044723, 0.6613136302425284]","[0.20033155121842627, 0.8577591891930944]","[0.5774642640219687, 0.44303441625360607]","[3.7173838440796207e-06, 1.1467266439240224e-05]","[3.7174033032383313e-06, 1.1467278928423141e-05]","[0.39697984642304296, -0.4365584279778447]",0.14884376229314306
3,2536,"[0.37897433337567954, 0.6613136073079956]","[0.20033155121842627, 0.8577591891930944]","[0.5774642565854452, 0.443034393317871]","[3.7025176249685463e-06, 1.1421399637598492e-05]","[3.7025369283294474e-06, 1.1421412026813016e-05]","[0.3969798464195313, -0.43655842798024924]",0.14884376864742763
3,2537,"[0.3789743259706443, 0.6613135844651963]","[0.20033155121842627, 0.8577591891930944]","[0.5774642491786681, 0.44303437047387895]","[3.6877108443844892e-06, 1.1375716285037709e-05]","[3.6877299930959673e-06, 1.13757285750693e-05]","[0.39697984641604767, -0.43655842798263467]",0.14884377497629633
3,2538,"[0.3789743185952226, 0.6613135617137638]","[0.20033155121842627, 0.8577591891930944]","[0.5774642418015186, 0.44303434772126316]","[3.6729632649181765e-06, 1.133021564825716e-05]","[3.672982260005675e-06, 1.1330227839945195e-05]","[0.3969798464125919, -0.4365584279850012]",0.1488437812798507
3,2539,"[0.3789743112492961, 0.6613135390533325]","[0.20033155121842627, 0.8577591891930944]","[0.5774642344538778, 0.4430343250596579]","[3.6582746496841536e-06, 1.1284896996179222e-05]","[3.658293492470044e-06, 1.1284909090414352e-05]","[0.3969798464091635, -0.4365584279873491]",0.14884378755819208
3,2540,"[0.3789743039327468, 0.6613135164835384]","[0.20033155121842627, 0.8577591891930944]","[0.5774642271356278, 0.44303430248869924]","[3.6436447631707555e-06, 1.1239759601184699e-05]","[3.643663455121793e-06, 1.1239771598670067e-05]","[0.3969798464057621, -0.43655842798967837]",0.1488437938114212
3,2541,"[0.37897429664545723, 0.6613134940040192]","[0.20033155121842627, 0.8577591891930944]","[0.5774642198466512, 0.44303428000802464]","[3.6290733706168647e-06, 1.1194802738433995e-05]","[3.629091912760174e-06, 1.1194814639847728e-05]","[0.3969798464023879, -0.4365584279919891]",0.1488438000396386
3,2542,"[0.3789742893873105, 0.6613134716144137]","[0.20033155121842627, 0.8577591891930944]","[0.5774642125868308, 0.4430342576172729]","[3.614560238416312e-06, 1.1150025685864783e-05]","[3.614578631849774e-06, 1.1150037492080322e-05]","[0.3969798463990406, -0.4365584279942816]",0.14884380624294424
3,2543,"[0.37897428215819, 0.6613134493143623]","[0.20033155121842627, 0.8577591891930944]","[0.5774642053560499, 0.4430342353160844]","[3.6001051336543536e-06, 1.1105427724485961e-05]","[3.600123379632336e-06, 1.1105439436220887e-05]","[0.3969798463957198, -0.43655842799655586]",0.1488438124214378
3,2544,"[0.37897427495797975, 0.6613134271035068]","[0.20033155121842627, 0.8577591891930944]","[0.5774641981541924, 0.44303421310410074]","[3.585707824366678e-06, 1.1061008137837726e-05]","[3.5857259242377815e-06, 1.1061019755898016e-05]","[0.39697984639242523, -0.43655842799881217]",0.14884381857521845
3,2545,"[0.3789742677865641, 0.6613134049814905]","[0.20033155121842627, 0.8577591891930944]","[0.5774641909811427, 0.4430341909809652]","[3.571368079687007e-06, 1.1016766212738455e-05]","[3.5713860343511428e-06, 1.1016777737848926e-05]","[0.39697984638915707, -0.4365584280010506]",0.14884382470438517
3,2546,"[0.37897426064382794, 0.661313382947958]","[0.20033155121842627, 0.8577591891930944]","[0.5774641838367853, 0.4430341689463224]","[3.557085669308011e-06, 1.097270123862166e-05]","[3.5571034800452317e-06, 1.0972712671530882e-05]","[0.39697984638591477, -0.43655842800327127]",0.1488438308090363
3,2547,"[0.3789742535296566, 0.6613133610025556]","[0.20033155121842627, 0.8577591891930944]","[0.5774641767210058, 0.4430341469998184]","[3.5428603642601562e-06, 1.0928812507956526e-05]","[3.5428780320034825e-06, 1.0928823849287728e-05]","[0.39697984638269845, -0.4365584280054743]",0.14884383688926994
3,2548,"[0.37897424644393585, 0.6613133391449305]","[0.20033155121842627, 0.8577591891930944]","[0.5774641696336895, 0.4430341251411006]","[3.5286919362157416e-06, 1.0885099315691952e-05]","[3.528709462519153e-06, 1.0885110566238865e-05]","[0.39697984637950734, -0.43655842800765987]",0.14884384294518369
3,2549,"[0.37897423938655195, 0.6613133173747319]","[0.20033155121842627, 0.8577591891930944]","[0.5774641625747229, 0.44303410336981786]","[3.5145801579923577e-06, 1.0841560959917391e-05]","[3.5145975436634558e-06, 1.0841572120279253e-05]","[0.39697984637634187, -0.436558428009828]",0.14884384897687486
3,2550,"[0.37897423235739164, 0.6613132956916099]","[0.20033155121842627, 0.8577591891930944]","[0.5774641555439923, 0.44303408168562036]","[3.5005248031013764e-06, 1.0798196741265576e-05]","[3.5005420494504946e-06, 1.0798207812301452e-05]","[0.3969798463732014, -0.4365584280119791]",0.14884385498444036
3,2551,"[0.378974225356342, 0.6613132740952165]","[0.20033155121842627, 0.8577591891930944]","[0.577464148541385, 0.44303406008815993]","[3.486525646140913e-06, 1.0755005963601957e-05]","[3.4865427541719285e-06, 1.0755016945973583e-05]","[0.3969798463700859, -0.43655842801411304]",0.14884386096797658
3,2552,"[0.3789742183832907, 0.6613132525852046]","[0.20033155121842627, 0.8577591891930944]","[0.5774641415667883, 0.4430340385770895]","[3.4725824623216825e-06, 1.0711987933153373e-05]","[3.4725994332296395e-06, 1.0711998827572788e-05]","[0.3969798463669951, -0.4365584280162301]",0.1488438669275797
3,2553,"[0.37897421143812576, 0.6613132311612288]","[0.20033155121842627, 0.8577591891930944]","[0.5774641346200902, 0.4430340171520635]","[3.4586950280330806e-06, 1.0669141959005839e-05]","[3.4587118630247105e-06, 1.0669152766318302e-05]","[0.3969798463639288, -0.43655842801833056]",0.1488438728633455
3,2554,"[0.3789742045207357, 0.6613132098229448]","[0.20033155121842627, 0.8577591891930944]","[0.5774641277011792, 0.44303399581273767]","[3.4448631206162413e-06, 1.0626467352997073e-05]","[3.444879820679869e-06, 1.0626478073871848e-05]","[0.3969798463608869, -0.43655842802041434]",0.14884387877536925
3,2555,"[0.3789741976310095, 0.6613131885700101]","[0.20033155121842627, 0.8577591891930944]","[0.5774641208099441, 0.44303397455876925]","[3.4310865179721166e-06, 1.0583963429792777e-05]","[3.4311030840394885e-06, 1.0583974065003776e-05]","[0.3969798463578693, -0.4365584280224817]",0.14884388466374607
3,2556,"[0.3789741907688364, 0.6613131674020832]","[0.20033155121842627, 0.8577591891930944]","[0.5774641139462743, 0.443033953389817]","[3.417364998989029e-06, 1.0541629507028725e-05]","[3.4173814321691864e-06, 1.0541640057037949e-05]","[0.3969798463548757, -0.4365584280245325]",0.1488438905285703
3,2557,"[0.3789741839341064, 0.6613131463188242]","[0.20033155121842627, 0.8577591891930944]","[0.5774641071100594, 0.44303393230554067]","[3.403698343654581e-06, 1.0499464904504744e-05]","[3.4037146450227596e-06, 1.0499475370073785e-05]","[0.39697984635190586, -0.4365584280265671]",0.14884389636993628
3,2558,"[0.3789741771267097, 0.6613131253198944]","[0.20033155121842627, 0.8577591891930944]","[0.5774641003011896, 0.4430339113056016]","[3.390086332588539e-06, 1.0457468945277168e-05]","[3.390102503164627e-06, 1.0457479327097285e-05]","[0.39697984634895966, -0.4365584280285856]",0.14884390218793778
3,2559,"[0.3789741703465371, 0.6613131044049565]","[0.20033155121842627, 0.8577591891930944]","[0.5774640935195555, 0.44303389038966245]","[3.3765287475532052e-06, 1.0415640954861763e-05]","[3.3765447883804534e-06, 1.041565125359245e-05]","[0.3969798463460369, -0.4365584280305881]",0.14884390798266828
3,2560,"[0.3789741635934796, 0.6613130835736746]","[0.20033155121842627, 0.8577591891930944]","[0.5774640867650482, 0.4430338695573872]","[3.363025370879892e-06, 1.0373980261388963e-05]","[3.3630412830110146e-06, 1.0373990477707817e-05]","[0.3969798463431373, -0.4365584280325747]",0.14884391375422085
3,2561,"[0.37897415686742886, 0.661313062825714]","[0.20033155121842627, 0.8577591891930944]","[0.5774640800375592, 0.4430338488084412]","[3.34957598598871e-06, 1.0332486195874461e-05]","[3.3495917705073097e-06, 1.033249633036748e-05]","[0.39697984634026073, -0.4365584280345456]",0.14884391950268822
3,2562,"[0.3789741501682769, 0.6613130421607416]","[0.20033155121842627, 0.8577591891930944]","[0.5774640733369805, 0.4430338281424912]","[3.336180377010391e-06, 1.0291158091874556e-05]","[3.336196034819938e-06, 1.0291168145215579e-05]","[0.3969798463374071, -0.4365584280365008]",0.14884392522816264
3,2563,"[0.3789741434959161, 0.6613130215784254]","[0.20033155121842627, 0.8577591891930944]","[0.5774640666632042, 0.4430338075592052]","[3.3228383289743067e-06, 1.024999528581015e-05]","[3.322853861231767e-06, 1.025000525856079e-05]","[0.39697984633457606, -0.43655842803844047]",0.1488439309307361
3,2564,"[0.37897413685023945, 0.6613130010784348]","[0.20033155121842627, 0.8577591891930944]","[0.5774640600161232, 0.4430337870582524]","[3.309549627951854e-06, 1.0208997116476654e-05]","[3.309565035691797e-06, 1.0209007009320814e-05]","[0.3969798463317674, -0.4365584280403648]",0.14884393661050022
3,2565,"[0.3789741302311402, 0.6613129806604406]","[0.20033155121842627, 0.8577591891930944]","[0.5774640533956308, 0.44303376663930366]","[3.296314060592417e-06, 1.0168162925484967e-05]","[3.296329344704141e-06, 1.0168172739133396e-05]","[0.3969798463289812, -0.43655842804227396]",0.14884394226754627
3,2566,"[0.3789741236385121, 0.6613129603241148]","[0.20033155121842627, 0.8577591891930944]","[0.5774640468016207, 0.4430337463020308]","[3.283131414691027e-06, 1.0127492056982551e-05]","[3.283146576105178e-06, 1.0127501792078775e-05]","[0.3969798463262172, -0.436558428044168]",0.14884394790196506
3,2567,"[0.37897411707224926, 0.6613129400691307]","[0.20033155121842627, 0.8577591891930944]","[0.5774640402339868, 0.44303372604610713]","[3.2700014786208282e-06, 1.0086983857778975e-05]","[3.270016518397423e-06, 1.0086993514957232e-05]","[0.39697984632347505, -0.43655842804604705]",0.14884395351384716
3,2568,"[0.3789741105322463, 0.6613129198951629]","[0.20033155121842627, 0.8577591891930944]","[0.5774640336926236, 0.4430337058712074]","[3.2569240416735568e-06, 1.0046637677366753e-05]","[3.256938960916056e-06, 1.0046647257178076e-05]","[0.39697984632075456, -0.4365584280479111]",0.14884395910328255
3,2569,"[0.3789741040183982, 0.6613128998018876]","[0.20033155121842627, 0.8577591891930944]","[0.5774640271774261, 0.4430336857770073]","[3.243898894099522e-06, 1.0006452867756706e-05]","[3.2439136937179036e-06, 1.0006462370926172e-05]","[0.3969798463180557, -0.4365584280497605]",0.14884396467036115
3,2570,"[0.3789740975306004, 0.6613128797889818]","[0.20033155121842627, 0.8577591891930944]","[0.5774640206882897, 0.44303366576318415]","[3.230925826845874e-06, 9.966428783557118e-06]","[3.2309405074704145e-06, 9.966438210662343e-06]","[0.39697984631537864, -0.4365584280515953]",0.14884397021517246
3,2571,"[0.37897409106874874, 0.6613128598561242]","[0.20033155121842627, 0.8577591891930944]","[0.57746401422511, 0.4430336458294165]","[3.2180046316963957e-06, 9.926564782040311e-06]","[3.2180191947284165e-06, 9.926574133567456e-06]","[0.39697984631272243, -0.4365584280534154]",0.14884397573780528
3,2572,"[0.37897408463273946, 0.6613128400029946]","[0.20033155121842627, 0.8577591891930944]","[0.5774640077877833, 0.4430336259753841]","[3.20513510147849e-06, 9.886860222906785e-06]","[3.205149547491626e-06, 9.886869499486917e-06]","[0.39697984631008765, -0.43655842805522105]",0.14884398123834852
3,2573,"[0.37897407822246926, 0.6613128202292742]","[0.20033155121842627, 0.8577591891930944]","[0.5774640013762061, 0.4430336062007679]","[3.192317029564572e-06, 9.84731446859214e-06]","[3.192331359591627e-06, 9.847323670930663e-06]","[0.39697984630747374, -0.4365584280570125]",0.14884398671689053
3,2574,"[0.3789740718378352, 0.6613128005346453]","[0.20033155121842627, 0.8577591891930944]","[0.5774639949902755, 0.4430335865052504]","[3.179550210337742e-06, 9.807926883935998e-06]","[3.1795644254151156e-06, 9.80793601257357e-06]","[0.3969798463048805, -0.43655842805878975]",0.14884399217351918
3,2575,"[0.3789740654787348, 0.6613127809187915]","[0.20033155121842627, 0.8577591891930944]","[0.5774639886298887, 0.44303356688851514]","[3.1668344389634353e-06, 9.768696836483678e-06]","[3.1668485400704327e-06, 9.76870589186607e-06]","[0.39697984630230776, -0.4365584280605528]",0.14884399760832218
3,2576,"[0.37897405914506593, 0.6613127613813978]","[0.20033155121842627, 0.8577591891930944]","[0.5774639822949437, 0.44303354735024686]","[3.154169511335399e-06, 9.729623695851624e-06]","[3.154183499387564e-06, 9.729632678701083e-06]","[0.39697984629975547, -0.43655842806230194]",0.14884400302138684
3,2577,"[0.3789740528367269, 0.6613127419221504]","[0.20033155121842627, 0.8577591891930944]","[0.5774639759853388, 0.44303352789013173]","[3.141555224304728e-06, 9.690706834717801e-06]","[3.1415690998071177e-06, 9.69071574569158e-06]","[0.3969798462972238, -0.43655842806403733]",0.1488440084128002
3,2578,"[0.37897404655361644, 0.6613127225407367]","[0.20033155121842627, 0.8577591891930944]","[0.5774639697009725, 0.4430335085078573]","[3.128991375339704e-06, 9.65194562814238e-06]","[3.1290051394905483e-06, 9.651954467670976e-06]","[0.39697984629471206, -0.43655842806575884]",0.14884401378264872
3,2579,"[0.3789740402956337, 0.6613127032368454]","[0.20033155121842627, 0.8577591891930944]","[0.5774639634417438, 0.44303348920311203]","[3.1164777629618196e-06, 9.613339453544974e-06]","[3.116491416710332e-06, 9.613348222303753e-06]","[0.39697984629222016, -0.4365584280674668]",0.14884401913101866
3,2580,"[0.37897403406267816, 0.6613126840101665]","[0.20033155121842627, 0.8577591891930944]","[0.5774639572075522, 0.4430334699755859]","[3.104014186229846e-06, 9.574887690953576e-06]","[3.1040277305161013e-06, 9.57489638947484e-06]","[0.39697984628974803, -0.43655842806916123]",0.14884402445799597
3,2581,"[0.3789740278546498, 0.6613126648603911]","[0.20033155121842627, 0.8577591891930944]","[0.5774639509982977, 0.44303345082497]","[3.0916004454200546e-06, 9.536589722635206e-06]","[3.091613880734645e-06, 9.53659835145615e-06]","[0.3969798462872959, -0.4365584280708422]",0.14884402976366623
3,2582,"[0.3789740216714489, 0.6613126457872116]","[0.20033155121842627, 0.8577591891930944]","[0.5774639448138803, 0.44303343175095666]","[3.0792363410510796e-06, 9.498444933729767e-06]","[3.0792496686915527e-06, 9.498453493406167e-06]","[0.3969798462848628, -0.4365584280725099]",0.1488440350481146
3,2583,"[0.3789740155129762, 0.6613126267903218]","[0.20033155121842627, 0.8577591891930944]","[0.5774639386542009, 0.44303341275323965]","[3.066921674911394e-06, 9.460452711672299e-06]","[3.0669348954903697e-06, 9.460461202648318e-06]","[0.3969798462824493, -0.43655842807416423]",0.148844040311426
3,2584,"[0.3789740093791329, 0.6613126078694164]","[0.20033155121842627, 0.8577591891930944]","[0.5774639325191604, 0.4430333938315136]","[3.054656249357974e-06, 9.422612446086949e-06]","[3.054669363733442e-06, 9.42262086905954e-06]","[0.396979846280055, -0.4365584280758056]",0.148844045553685
3,2585,"[0.3789740032698204, 0.6613125890241914]","[0.20033155121842627, 0.8577591891930944]","[0.5774639264086602, 0.44303337498547446]","[3.0424398674544943e-06, 9.384923529259228e-06]","[3.042452876633739e-06, 9.384931884737213e-06]","[0.39697984627767957, -0.43655842807743395]",0.14884405077497573
3,2586,"[0.3789739971849407, 0.6613125702543444]","[0.20033155121842627, 0.8577591891930944]","[0.5774639203226023, 0.44303335621481976]","[3.030272333356504e-06, 9.347385356087949e-06]","[3.030285237903829e-06, 9.34739364455428e-06]","[0.39697984627532323, -0.4365584280790493]",0.14884405597538214
3,2587,"[0.378973991124396, 0.6613125515595737]","[0.20033155121842627, 0.8577591891930944]","[0.5774639142608888, 0.44303333751924767]","[3.018153451650453e-06, 9.309997323401014e-06]","[3.0181662523665054e-06, 9.310005545548616e-06]","[0.39697984627298566, -0.43655842808065204]",0.14884406115498777
3,2588,"[0.3789739850880891, 0.661312532939579]","[0.20033155121842627, 0.8577591891930944]","[0.5774639082234223, 0.44303331889845804]","[3.0060830279098123e-06, 9.272758830890814e-06]","[3.0060957258992715e-06, 9.272766987145076e-06]","[0.3969798462706664, -0.436558428082242]",0.14884406631387567
3,2589,"[0.37897397907592306, 0.6613125143940614]","[0.20033155121842627, 0.8577591891930944]","[0.5774639022101058, 0.4430333003521517]","[2.9940608684347657e-06, 9.235669280573357e-06]","[2.9940734646571876e-06, 9.235677371377538e-06]","[0.39697984626836547, -0.4365584280838193]",0.1488440714521288
3,2590,"[0.37897397308780134, 0.6613124959227228]","[0.20033155121842627, 0.8577591891930944]","[0.5774638962208429, 0.44303328188003077]","[2.9820867803757194e-06, 9.198728076623277e-06]","[2.9820992752394027e-06, 9.198736102500327e-06]","[0.3969798462660832, -0.43655842808538403]",0.14884407656982973
3,2591,"[0.3789739671236278, 0.6613124775252667]","[0.20033155121842627, 0.8577591891930944]","[0.5774638902555371, 0.4430332634817984]","[2.970160571516723e-06, 9.161934625848293e-06]","[2.9701729662434673e-06, 9.161942587543326e-06]","[0.39697984626381866, -0.43655842808693657]",0.1488440816670606
3,2592,"[0.3789739611833067, 0.6613124592013975]","[0.20033155121842627, 0.8577591891930944]","[0.5774638843140928, 0.44303324515715914]","[2.9582820505428736e-06, 9.125288337420255e-06]","[2.9582943457673316e-06, 9.125296235257263e-06]","[0.39697984626157223, -0.43655842808847667]",0.14884408674390326
3,2593,"[0.37897395526674255, 0.6613124409508208]","[0.20033155121842627, 0.8577591891930944]","[0.5774638783964144, 0.4430332269058185]","[2.946451026770361e-06, 9.088788622450829e-06]","[2.9464632231301913e-06, 9.08879645694638e-06]","[0.3969798462593438, -0.43655842809000456]",0.14884409180043937
3,2594,"[0.3789739493738405, 0.6613124227732435]","[0.20033155121842627, 0.8577591891930944]","[0.5774638725024069, 0.44303320872748336]","[2.9346673103435903e-06, 9.052434895000052e-06]","[2.934679408816976e-06, 9.052442666690474e-06]","[0.3969798462571329, -0.43655842809152035]",0.1488440968367501
3,2595,"[0.37897394350450586, 0.6613124046683737]","[0.20033155121842627, 0.8577591891930944]","[0.5774638666319758, 0.4430331906218616]","[2.922930712230802e-06, 9.016226571042084e-06]","[2.922942713257104e-06, 9.016234280567748e-06]","[0.39697984625493987, -0.43655842809302425]",0.14884410185291633
3,2596,"[0.37897393765864446, 0.6613123866359205]","[0.20033155121842627, 0.8577591891930944]","[0.5774638607850264, 0.4430331725886625]","[2.9112410440643207e-06, 8.980163069178275e-06]","[2.9112529488228844e-06, 8.980170716765823e-06]","[0.39697984625276395, -0.43655842809451606]",0.14884410684901866
3,2597,"[0.37897393183616235, 0.6613123686755944]","[0.20033155121842627, 0.8577591891930944]","[0.577463854961465, 0.4430331546275963]","[2.899598118120196e-06, 8.944243810334302e-06]","[2.8996099273315146e-06, 8.944251396691971e-06]","[0.39697984625060534, -0.4365584280959962]",0.14884411182513724
3,2598,"[0.3789739260369661, 0.6613123507871068]","[0.20033155121842627, 0.8577591891930944]","[0.5774638491611982, 0.4430331367383745]","[2.8880017478042093e-06, 8.908468217515564e-06]","[2.8880134619324593e-06, 8.908475743085731e-06]","[0.39697984624846416, -0.4365584280974646]",0.14884411678135215
3,2599,"[0.3789739202609626, 0.6613123329701703]","[0.20033155121842627, 0.8577591891930944]","[0.5774638433841326, 0.4430331189207097]","[2.8764517467976475e-06, 8.872835715950028e-06]","[2.876463366663362e-06, 8.872843181184642e-06]","[0.39697984624634, -0.4365584280989213]",0.14884412171774292
3,2600,"[0.3789739145080591, 0.661312315224499]","[0.20033155121842627, 0.8577591891930944]","[0.5774638376301754, 0.4430331011743157]","[2.8649479299396878e-06, 8.837345733690648e-06]","[2.8649594563945335e-06, 8.837353139057313e-06]","[0.39697984624423255, -0.4365584281003665]",0.14884412663438878
3,2601,"[0.3789739087781633, 0.6613122975498075]","[0.20033155121842627, 0.8577591891930944]","[0.5774638318992342, 0.44303308349890735]","[2.8534901125384186e-06, 8.801997700426194e-06]","[2.853501546329351e-06, 8.802005046437689e-06]","[0.3969798462421419, -0.43655842810180023]",0.14884413153136883
3,2602,"[0.37897390307118306, 0.6613122799458121]","[0.20033155121842627, 0.8577591891930944]","[0.577463826191217, 0.4430330658942008]","[2.8420781105847224e-06, 8.766791048765041e-06]","[2.842089452559371e-06, 8.76679833589078e-06]","[0.39697984624006777, -0.43655842810322265]",0.1488441364087616
3,2603,"[0.37897389738702686, 0.66131226241223]","[0.20033155121842627, 0.8577591891930944]","[0.5774638205060318, 0.4430330483599131]","[2.8307117412330086e-06, 8.731725212900815e-06]","[2.8307229921753496e-06, 8.731732441591422e-06]","[0.39697984623800997, -0.43655842810463374]",0.14884414126664558
3,2604,"[0.37897389172560336, 0.6613122449487795]","[0.20033155121842627, 0.8577591891930944]","[0.5774638148435878, 0.4430330308957626]","[2.819390821867545e-06, 8.696799629864525e-06]","[2.8194019822125327e-06, 8.696806800656542e-06]","[0.3969798462359688, -0.43655842810603374]",0.1488441461050987
3,2605,"[0.3789738860868217, 0.6613122275551803]","[0.20033155121842627, 0.8577591891930944]","[0.5774638092037936, 0.443033013501469]","[2.8081151707704417e-06, 8.66201373889268e-06]","[2.8081262414270114e-06, 8.662020852090446e-06]","[0.3969798462339438, -0.4365584281074225]",0.14884415092419861
3,2606,"[0.3789738804705914, 0.6613122102311528]","[0.20033155121842627, 0.8577591891930944]","[0.5774638035865587, 0.4430329961767526]","[2.7968846071652816e-06, 8.627366981114934e-06]","[2.7968955890744773e-06, 8.62737403733993e-06]","[0.3969798462319346, -0.4365584281088004]",0.14884415572402282
3,2607,"[0.37897387487682216, 0.6613121929764189]","[0.20033155121842627, 0.8577591891930944]","[0.577463797991793, 0.4430329789213352]","[2.785698950757813e-06, 8.592858800043426e-06]","[2.7857098441885775e-06, 8.592865799628147e-06]","[0.39697984622994176, -0.4365584281101673]",0.14884416050464847
3,2608,"[0.37897386930542426, 0.6613121757907012]","[0.20033155121842627, 0.8577591891930944]","[0.5774637924194066, 0.44303296173493956]","[2.7745580219182084e-06, 8.558488641411615e-06]","[2.774568827745849e-06, 8.558495584787273e-06]","[0.3969798462279647, -0.43655842811152334]",0.1488441652661523
3,2609,"[0.3789738637563082, 0.661312158673724]","[0.20033155121842627, 0.8577591891930944]","[0.5774637868693098, 0.4430329446172896]","[2.763461642015013e-06, 8.524255953312132e-06]","[2.7634723610558964e-06, 8.524262841036467e-06]","[0.39697984622600313, -0.4365584281128687]",0.14884417000861067
3,2610,"[0.3789738582293849, 0.661312141625212]","[0.20033155121842627, 0.8577591891930944]","[0.5774637813414136, 0.44303292756811036]","[2.752409632861812e-06, 8.490160185951499e-06]","[2.752420265539346e-06, 8.49016701831573e-06]","[0.39697984622405746, -0.4365584281142033]",0.14884417473210002
3,2611,"[0.37897385272456563, 0.6613121246448916]","[0.20033155121842627, 0.8577591891930944]","[0.5774637758356291, 0.4430329105871279]","[2.741401817146014e-06, 8.456200791694068e-06]","[2.741412364393181e-06, 8.456207569340624e-06]","[0.396979846222127, -0.4365584281155275]",0.14884417943669598
3,2612,"[0.378973847241762, 0.66131210773249]","[0.20033155121842627, 0.8577591891930944]","[0.5774637703518679, 0.4430328936740695]","[2.730438018206676e-06, 8.422377225112295e-06]","[2.7304484807033624e-06, 8.422383948381018e-06]","[0.3969798462202119, -0.4365584281168411]",0.1488441841224742
3,2613,"[0.37897384178088594, 0.6613120908877356]","[0.20033155121842627, 0.8577591891930944]","[0.577463764890042, 0.44303287682866344]","[2.7195180602184488e-06, 8.388688943041693e-06]","[2.7195284383885188e-06, 8.38869561231581e-06]","[0.39697984621831217, -0.43655842811814427]",0.14884418878951
3,2614,"[0.37897383634184983, 0.6613120741103576]","[0.20033155121842627, 0.8577591891930944]","[0.5774637594500636, 0.443032860050639]","[2.708641767749501e-06, 8.355135404206302e-06]","[2.70865206242199e-06, 8.35514202007781e-06]","[0.39697984621642746, -0.43655842811943724]",0.1488441934378783
3,2615,"[0.3789738309245663, 0.6613120574000868]","[0.20033155121842627, 0.8577591891930944]","[0.5774637540318451, 0.4430328433397268]","[2.6978089662792167e-06, 8.32171607003465e-06]","[2.6978191782212058e-06, 8.321722632931294e-06]","[0.3969798462145576, -0.43655842812072]",0.14884419806765375
3,2616,"[0.37897382552894837, 0.6613120407566546]","[0.20033155121842627, 0.8577591891930944]","[0.5774637486352997, 0.44303282669565835]","[2.687019481960043e-06, 8.288430403535484e-06]","[2.687029611814218e-06, 8.288436913805874e-06]","[0.39697984621270266, -0.4365584281219925]",0.14884420267891074
3,2617,"[0.3789738201549094, 0.6613120241797938]","[0.20033155121842627, 0.8577591891930944]","[0.5774637432603407, 0.4430328101181664]","[2.6762731416728876e-06, 8.255277870436375e-06]","[2.676283189895212e-06, 8.255284328351209e-06]","[0.3969798462108626, -0.43655842812325485]",0.14884420727172332
3,2618,"[0.3789738148023631, 0.6613120076692381]","[0.20033155121842627, 0.8577591891930944]","[0.5774637379068815, 0.44303279360698455]","[2.6655697728981713e-06, 8.222257938045224e-06]","[2.66557974037962e-06, 8.222264344048824e-06]","[0.3969798462090369, -0.4365584281245072]",0.14884421184616517
3,2619,"[0.37897380947122355, 0.6613119912247223]","[0.20033155121842627, 0.8577591891930944]","[0.5774637325748365, 0.4430327771618474]","[2.6549092040094005e-06, 8.189370075941236e-06]","[2.6549190912383835e-06, 8.189376430656203e-06]","[0.39697984620722593, -0.43655842812574974]",0.14884421640230996
3,2620,"[0.37897380416140514, 0.6613119748459821]","[0.20033155121842627, 0.8577591891930944]","[0.5774637272641199, 0.443032760782491]","[2.6442912637118855e-06, 8.156613756025272e-06]","[2.64430107116409e-06, 8.156620059651676e-06]","[0.3969798462054295, -0.4365584281269823]",0.1488442209402308
3,2621,"[0.3789737988728226, 0.6613119585327546]","[0.20033155121842627, 0.8577591891930944]","[0.5774637219746461, 0.443032744468652]","[2.6337157816974027e-06, 8.123988452085663e-06]","[2.6337255103481283e-06, 8.123994705178106e-06]","[0.396979846203647, -0.4365584281282052]",0.1488442254600005
3,2622,"[0.3789737936053911, 0.6613119422847777]","[0.20033155121842627, 0.8577591891930944]","[0.5774637167063303, 0.4430327282200685]","[2.623182588331347e-06, 8.091493640461081e-06]","[2.623192238926375e-06, 8.09149984343227e-06]","[0.39697984620187854, -0.4365584281294185]",0.14884422996169172
3,2623,"[0.3789737883590259, 0.6613119261017905]","[0.20033155121842627, 0.8577591891930944]","[0.5774637114590881, 0.4430327120364794]","[2.6126915144525e-06, 8.059128798924133e-06]","[2.6127010872012413e-06, 8.059134952109748e-06]","[0.3969798462001245, -0.43655842813062207]",0.14884423444537684
3,2624,"[0.3789737831336429, 0.6613119099835328]","[0.20033155121842627, 0.8577591891930944]","[0.5774637062328349, 0.4430326959176248]","[2.602242391669596e-06, 8.026893407722631e-06]","[2.60225188752905e-06, 8.02689951151514e-06]","[0.3969798461983841, -0.4365584281318161]",0.14884423891112775
3,2625,"[0.3789737779291581, 0.661311893929746]","[0.20033155121842627, 0.8577591891930944]","[0.577463701027487, 0.4430326798632456]","[2.5918350523557064e-06, 7.994786949135276e-06]","[2.591844471599991e-06, 7.99479300395145e-06]","[0.3969798461966578, -0.4365584281330007]",0.14884424335901633
3,2626,"[0.378973772745488, 0.6613118779401721]","[0.20033155121842627, 0.8577591891930944]","[0.5774636958429604, 0.44303266387308415]","[2.5814693293423904e-06, 7.962808907666008e-06]","[2.581478673047144e-06, 7.962814913831107e-06]","[0.39697984619494486, -0.4365584281341759]",0.14884424778911381
3,2627,"[0.37897376758254936, 0.6613118620145543]","[0.20033155121842627, 0.8577591891930944]","[0.5774636906791722, 0.44303264794688335]","[2.571145056507424e-06, 7.930958769505986e-06]","[2.571154324948477e-06, 7.930964727509426e-06]","[0.3969798461932458, -0.43655842813534185]",0.14884425220149156
3,2628,"[0.37897376244025927, 0.6613118461526367]","[0.20033155121842627, 0.8577591891930944]","[0.5774636855360393, 0.44303263208438753]","[2.560862068028028e-06, 7.899236023273066e-06]","[2.5608712618807594e-06, 7.899241933284618e-06]","[0.3969798461915601, -0.43655842813649837]",0.14884425659622036
3,2629,"[0.3789737573185351, 0.6613118303541646]","[0.20033155121842627, 0.8577591891930944]","[0.5774636804134791, 0.4430326162853417]","[2.5506201987135693e-06, 7.867640159236228e-06]","[2.550629318531783e-06, 7.867646021897379e-06]","[0.3969798461898879, -0.4365584281376459]",0.1488442609733708
3,2630,"[0.37897375221729473, 0.6613118146188843]","[0.20033155121842627, 0.8577591891930944]","[0.5774636753114093, 0.4430326005494922]","[2.5404192844281107e-06, 7.836170670241417e-06]","[2.5404283306995623e-06, 7.836176485864765e-06]","[0.3969798461882291, -0.4365584281387843]",0.1488442653330132
3,2631,"[0.37897374713645615, 0.661311798946543]","[0.20033155121842627, 0.8577591891930944]","[0.5774636702297478, 0.44303258487658614]","[2.530259161265544e-06, 7.804827050717403e-06]","[2.530268134848246e-06, 7.804832819702234e-06]","[0.3969798461865832, -0.43655842813991375]",0.14884426967521758
3,2632,"[0.3789737420759378, 0.6613117833368889]","[0.20033155121842627, 0.8577591891930944]","[0.5774636651684131, 0.4430325692663718]","[2.5201396662789503e-06, 7.773608797202954e-06]","[2.5201485676085156e-06, 7.773614519868133e-06]","[0.3969798461849505, -0.4365584281410342]",0.14884427400005373
3,2633,"[0.3789737370356585, 0.6613117677896713]","[0.20033155121842627, 0.8577591891930944]","[0.577463660127324, 0.4430325537185984]","[2.5100606370755182e-06, 7.742515408284292e-06]","[2.510069466610254e-06, 7.742521084985743e-06]","[0.39697984618333093, -0.43655842814214574]",0.14884427830759112
3,2634,"[0.37897373201553725, 0.6613117523046405]","[0.20033155121842627, 0.8577591891930944]","[0.5774636551063992, 0.4430325382330162]","[2.500021911755798e-06, 7.711546384726073e-06]","[2.5000306704270336e-06, 7.711552015898793e-06]","[0.3969798461817239, -0.4365584281432485]",0.14884428259789878
3,2635,"[0.3789737270154934, 0.6613117368815477]","[0.20033155121842627, 0.8577591891930944]","[0.5774636501055583, 0.4430325228093764]","[2.490023329407273e-06, 7.680701228988107e-06]","[2.490032017465893e-06, 7.6807068148943e-06]","[0.3969798461801298, -0.43655842814434254]",0.14884428687104587
3,2636,"[0.37897372203544677, 0.6613117215201452]","[0.20033155121842627, 0.8577591891930944]","[0.577463645124721, 0.4430325074474312]","[2.4800647293897483e-06, 7.649979445699952e-06]","[2.480073347299605e-06, 7.649984986757286e-06]","[0.39697984617854853, -0.4365584281454279]",0.14884429112710088
3,2637,"[0.3789737170753173, 0.6613117062201863]","[0.20033155121842627, 0.8577591891930944]","[0.5774636401638071, 0.443032492146934]","[2.4701459518196943e-06, 7.619380541545756e-06]","[2.47015450033361e-06, 7.619386038049125e-06]","[0.3969798461769797, -0.4365584281465046]",0.14884429536613214
3,2638,"[0.3789737121350254, 0.6613116909814253]","[0.20033155121842627, 0.8577591891930944]","[0.5774636352227369, 0.4430324769076389]","[2.4602668376326526e-06, 7.588904025075457e-06]","[2.4602753175284597e-06, 7.588909477329597e-06]","[0.39697984617542303, -0.43655842814757273]",0.14884429958820777
3,2639,"[0.3789737072144917, 0.6613116758036173]","[0.20033155121842627, 0.8577591891930944]","[0.5774636303014311, 0.44303246172930105]","[2.4504272281712882e-06, 7.558549406616806e-06]","[2.450435639900217e-06, 7.558554815045859e-06]","[0.3969798461738788, -0.43655842814863244]",0.14884430379339564
3,2640,"[0.37897370231363725, 0.6613116606865185]","[0.20033155121842627, 0.8577591891930944]","[0.5774636253998109, 0.4430324466116765]","[2.4406269657130957e-06, 7.5283161986885235e-06]","[2.440635309408634e-06, 7.528321563810003e-06]","[0.3969798461723473, -0.43655842814968393]",0.1488443079817634
3,2641,"[0.3789736974323833, 0.6613116456298861]","[0.20033155121842627, 0.8577591891930944]","[0.5774636205177971, 0.44303243155452265]","[2.4308658926320685e-06, 7.4982039157410526e-06]","[2.430874169179198e-06, 7.498209237677411e-06]","[0.3969798461708276, -0.4365584281507269]",0.14884431215337807
3,2642,"[0.3789736925706515, 0.6613116306334783]","[0.20033155121842627, 0.8577591891930944]","[0.5774636156553116, 0.4430324165575975]","[2.4211438525841696e-06, 7.46821207420228e-06]","[2.421152062337395e-06, 7.468217353368001e-06]","[0.39697984616932014, -0.4365584281517616]",0.1488443163083068
3,2643,"[0.3789736877283638, 0.6613116156970542]","[0.20033155121842627, 0.8577591891930944]","[0.5774636108122762, 0.4430324016206601]","[2.4114606893821628e-06, 7.438340192332605e-06]","[2.4114688328968903e-06, 7.438345429156001e-06]","[0.39697984616782467, -0.4365584281527882]",0.14884432044661638
3,2644,"[0.3789736829054424, 0.6613116008203739]","[0.20033155121842627, 0.8577591891930944]","[0.5774636059886129, 0.4430323867434705]","[2.4018162475021997e-06, 7.408587790332699e-06]","[2.4018243254264604e-06, 7.408592985147511e-06]","[0.39697984616634097, -0.43655842815380674]",0.1488443245683732
3,2645,"[0.37897367810180993, 0.6613115860031983]","[0.20033155121842627, 0.8577591891930944]","[0.5774636011842444, 0.44303237192578965]","[2.3922103722933378e-06, 7.378954390184595e-06]","[2.3922183851610157e-06, 7.378959543391517e-06]","[0.39697984616486903, -0.43655842815481727]",0.14884432867364356
3,2646,"[0.3789736733173892, 0.6613115712452895]","[0.20033155121842627, 0.8577591891930944]","[0.5774635963990936, 0.44303235716737965]","[2.3826429095739245e-06, 7.349439516238003e-06]","[2.382650857835067e-06, 7.349444628046431e-06]","[0.39697984616340887, -0.4365584281558197]",0.14884433276249331
3,2647,"[0.37897366855210335, 0.6613115565464105]","[0.20033155121842627, 0.8577591891930944]","[0.5774635916330835, 0.4430323424680034]","[2.373113705689229e-06, 7.3200426942952235e-06]","[2.3731215899047697e-06, 7.320047765102533e-06]","[0.39697984616196025, -0.4365584281568142]",0.1488443368349881
3,2648,"[0.37897366380587594, 0.6613115419063251]","[0.20033155121842627, 0.8577591891930944]","[0.5774635868861375, 0.44303232782742474]","[2.363622607811711e-06, 7.290763452269165e-06]","[2.3636304284369025e-06, 7.2907684822709484e-06]","[0.3969798461605232, -0.43655842815780077]",0.14884434089119347
3,2649,"[0.37897365907863073, 0.6613115273247983]","[0.20033155121842627, 0.8577591891930944]","[0.5774635821581795, 0.4430323132454085]","[2.3541694635486496e-06, 7.261601319844363e-06]","[2.3541772211088663e-06, 7.261606309427737e-06]","[0.39697984615909754, -0.43655842815877954]",0.1488443449311745
3,2650,"[0.3789736543702918, 0.6613115128015956]","[0.20033155121842627, 0.8577591891930944]","[0.5774635774491333, 0.44303229872172034]","[2.344754121115604e-06, 7.232555828521532e-06]","[2.3447618162086847e-06, 7.232560778003272e-06]","[0.3969798461576831, -0.43655842815975054]",0.148844348954996
3,2651,"[0.37897364968078356, 0.661311498336484]","[0.20033155121842627, 0.8577591891930944]","[0.5774635727589236, 0.443032284256127]","[2.3353764295427843e-06, 7.203626511989835e-06]","[2.335384062579493e-06, 7.203631421703882e-06]","[0.39697984615628, -0.4365584281607139]",0.14884435296272272
3,2652,"[0.3789736450100307, 0.6613114839292309]","[0.20033155121842627, 0.8577591891930944]","[0.5774635680874747, 0.4430322698483961]","[2.3260362381603567e-06, 7.174812905455224e-06]","[2.3260438097860714e-06, 7.1748177756791875e-06]","[0.3969798461548879, -0.43655842816166956]",0.14884435695441905
3,2653,"[0.3789736403579583, 0.6613114695796051]","[0.20033155121842627, 0.8577591891930944]","[0.5774635634347118, 0.4430322554982963]","[2.3167333971452637e-06, 7.1461145463187284e-06]","[2.3167409075597334e-06, 7.146119377299254e-06]","[0.3969798461535071, -0.4365584281626176]",0.14884436093014905
3,2654,"[0.3789736357244915, 0.661311455287376]","[0.20033155121842627, 0.8577591891930944]","[0.5774635588005601, 0.4430322412055969]","[2.3074677571542055e-06, 7.117530973537112e-06]","[2.3074752069640603e-06, 7.117535765654992e-06]","[0.3969798461521372, -0.43655842816355817]",0.14884436488997657
3,2655,"[0.378973631109556, 0.6613114410523141]","[0.20033155121842627, 0.8577591891930944]","[0.5774635541849451, 0.44303222697006844]","[2.2982391693525215e-06, 7.0890617280612436e-06]","[2.2982465590626333e-06, 7.089066481669182e-06]","[0.3969798461507782, -0.4365584281644913]",0.14884436883396523
3,2656,"[0.37897362651307764, 0.6613114268741906]","[0.20033155121842627, 0.8577591891930944]","[0.5774635495877927, 0.4430322127914821]","[2.2890474856960428e-06, 7.060706352538292e-06]","[2.28905481569619e-06, 7.060711067985448e-06]","[0.39697984614943005, -0.4365584281654171]",0.14884437276217843
3,2657,"[0.3789736219349827, 0.6613114127527779]","[0.20033155121842627, 0.8577591891930944]","[0.5774635450090291, 0.4430321986696102]","[2.2798925586754104e-06, 7.032464391643853e-06]","[2.27989982931609e-06, 7.032469069134795e-06]","[0.3969798461480928, -0.4365584281663355]",0.14884437667467929
3,2658,"[0.3789736173751976, 0.6613113986878492]","[0.20033155121842627, 0.8577591891930944]","[0.5774635404485805, 0.4430321846042259]","[2.270774241252546e-06, 7.004335391730695e-06]","[2.270781453317383e-06, 7.004340031535605e-06]","[0.39697984614676585, -0.43655842816724655]",0.14884438057153052
3,2659,"[0.3789736128336491, 0.6613113846791784]","[0.20033155121842627, 0.8577591891930944]","[0.5774635359063739, 0.44303217059510314]","[2.2616923872165816e-06, 6.976318900954125e-06]","[2.261699541039608e-06, 6.976323503493642e-06]","[0.39697984614544957, -0.4365584281681505]",0.1488443844527948
3,2660,"[0.37897360831026433, 0.6613113707265406]","[0.20033155121842627, 0.8577591891930944]","[0.5774635313823362, 0.44303215664201695]","[2.2526468506851105e-06, 6.948414469455375e-06]","[2.2526539467659923e-06, 6.948419034924491e-06]","[0.3969798461441437, -0.4365584281690472]",0.14884438831853447
3,2661,"[0.37897360380497064, 0.6613113568297116]","[0.20033155121842627, 0.8577591891930944]","[0.5774635268763948, 0.44303214274474323]","[2.243637486493522e-06, 6.920621649018733e-06]","[2.2436445252238535e-06, 6.92062617774214e-06]","[0.3969798461428483, -0.43655842816993684]",0.14884439216881165
3,2662,"[0.37897359931769564, 0.6613113429884684]","[0.20033155121842627, 0.8577591891930944]","[0.5774635223884772, 0.44303212890305865]","[2.234664149999811e-06, 6.89293999324752e-06]","[2.234671131917665e-06, 6.89294448558142e-06]","[0.3969798461415631, -0.43655842817081947]",0.14884439600368807
3,2663,"[0.37897359484836735, 0.6613113292025884]","[0.20033155121842627, 0.8577591891930944]","[0.5774635179185115, 0.44303211511674084]","[2.2257266972439356e-06, 6.865369057471578e-06]","[2.2257336226849667e-06, 6.86537351368699e-06]","[0.39697984614028825, -0.4365584281716951]",0.1488443998232255
3,2664,"[0.378973590396914, 0.6613113154718503]","[0.20033155121842627, 0.8577591891930944]","[0.5774635134664257, 0.44303210138556837]","[2.2168249847796304e-06, 6.837908398924844e-06]","[2.2168318543625e-06, 6.837912819357417e-06]","[0.3969798461390234, -0.43655842817256385]",0.14884440362748516
3,2665,"[0.378973585963264, 0.6613113017960335]","[0.20033155121842627, 0.8577591891930944]","[0.5774635090321483, 0.4430320877093207]","[2.207958869641369e-06, 6.810557576531764e-06]","[2.2079656838425166e-06, 6.81056196133456e-06]","[0.3969798461377685, -0.4365584281734256]",0.14884440741652827
3,2666,"[0.3789735815473463, 0.6613112881749184]","[0.20033155121842627, 0.8577591891930944]","[0.5774635046156081, 0.4430320740877781]","[2.199128209584485e-06, 6.783316151023703e-06]","[2.1991349686834027e-06, 6.783320500469703e-06]","[0.3969798461365237, -0.4365584281742805]",0.14884441119041553
3,2667,"[0.37897357714908986, 0.6613112746082861]","[0.20033155121842627, 0.8577591891930944]","[0.5774635002167342, 0.44303206052072175]","[2.190332862733136e-06, 6.756183684852189e-06]","[2.1903395673317227e-06, 6.756187999334973e-06]","[0.3969798461352887, -0.4365584281751287]",0.14884441494920772
3,2668,"[0.37897357276842414, 0.6613112610959188]","[0.20033155121842627, 0.8577591891930944]","[0.5774634958354559, 0.44303204700793364]","[2.1815726880568863e-06, 6.729159742200078e-06]","[2.181579338622619e-06, 6.7291640220568105e-06]","[0.39697984613406345, -0.43655842817597024]",0.14884441869296514
3,2669,"[0.37897356840527874, 0.6613112476375993]","[0.20033155121842627, 0.8577591891930944]","[0.5774634914717027, 0.44303203354919674]","[2.172847544838381e-06, 6.702243889074176e-06]","[2.172854141724301e-06, 6.702248134538014e-06]","[0.396979846132848, -0.4365584281768051]",0.14884442242174795
3,2670,"[0.37897356405958366, 0.6613112342331116]","[0.20033155121842627, 0.8577591891930944]","[0.5774634871254047, 0.4430320201442949]","[2.1641572931680966e-06, 6.675435693135702e-06]","[2.1641638368041782e-06, 6.675439904457736e-06]","[0.39697984613164217, -0.43655842817763335]",0.148844426135616
3,2671,"[0.37897355973126906, 0.6613112208822401]","[0.20033155121842627, 0.8577591891930944]","[0.5774634827964921, 0.44303200679301263]","[2.1555017934290095e-06, 6.648734723681343e-06]","[2.1555082841406836e-06, 6.648738901104956e-06]","[0.396979846130446, -0.436558428178455]",0.14884442983462903
3,2672,"[0.37897355542026545, 0.6613112075847707]","[0.20033155121842627, 0.8577591891930944]","[0.5774634784848951, 0.4430319934951356]","[2.1468809066839996e-06, 6.622140552070363e-06]","[2.146887344955939e-06, 6.622144695822563e-06]","[0.3969798461292593, -0.43655842817927015]",0.14884443351884635
3,2673,"[0.37897355112650366, 0.6613111943404896]","[0.20033155121842627, 0.8577591891930944]","[0.5774634741905447, 0.4430319802504501]","[2.1382944947339113e-06, 6.595652751017889e-06]","[2.1383008809716664e-06, 6.595656861507759e-06]","[0.396979846128082, -0.43655842818007895]",0.14884443718832735
3,2674,"[0.3789735468499147, 0.6613111811491841]","[0.20033155121842627, 0.8577591891930944]","[0.5774634699133717, 0.4430319670587435]","[2.1297424195312328e-06, 6.569270895244428e-06]","[2.129748754187144e-06, 6.569274972556549e-06]","[0.39697984612691406, -0.4365584281808812]",0.1488444408431307
3,2675,"[0.37897354259042987, 0.6613111680106423]","[0.20033155121842627, 0.8577591891930944]","[0.5774634656533075, 0.44303195391980377]","[2.1212245438131215e-06, 6.5429945607725335e-06]","[2.121230827378806e-06, 6.5429986051412925e-06]","[0.3969798461257553, -0.436558428181677]",0.14884444448331524
3,2676,"[0.37897353834798075, 0.6613111549246532]","[0.20033155121842627, 0.8577591891930944]","[0.5774634614102838, 0.4430319408334199]","[2.1127407309122687e-06, 6.516823325840226e-06]","[2.112746963434109e-06, 6.516827337654796e-06]","[0.39697984612460613, -0.4365584281824666]",0.14884444810893943
3,2677,"[0.3789735341224993, 0.6613111418910066]","[0.20033155121842627, 0.8577591891930944]","[0.5774634571842321, 0.4430319277993816]","[2.1042908445708203e-06, 6.4907567699892565e-06]","[2.104297026961355e-06, 6.490760749489066e-06]","[0.3969798461234656, -0.43655842818324997]",0.1488444517200615
3,2678,"[0.3789735299139176, 0.6613111289094931]","[0.20033155121842627, 0.8577591891930944]","[0.5774634529750848, 0.4430319148174795]","[2.095874749329504e-06, 6.464794474454376e-06]","[2.095880881569645e-06, 6.464798421867979e-06]","[0.3969798461223345, -0.4365584281840271]",0.1488444553167395
3,2679,"[0.3789735257221681, 0.6613111159799041]","[0.20033155121842627, 0.8577591891930944]","[0.5774634487827742, 0.4430319018875051]","[2.0874923098986934e-06, 6.438936022235148e-06]","[2.0874983925334156e-06, 6.4389399377917655e-06]","[0.3969798461212123, -0.43655842818479806]",0.14884445889903114
3,2680,"[0.37897352154718345, 0.6613111031020321]","[0.20033155121842627, 0.8577591891930944]","[0.5774634446072329, 0.4430318890092506]","[2.0791433917999723e-06, 6.413180998173827e-06]","[2.079149425349147e-06, 6.41318488225906e-06]","[0.39697984612009884, -0.436558428185563]",0.14884446246699395
3,2681,"[0.3789735173888967, 0.6613110902756701]","[0.20033155121842627, 0.8577591891930944]","[0.5774634404483938, 0.4430318761825092]","[2.0708278611482882e-06, 6.387528988454282e-06]","[2.0708338459574094e-06, 6.387532841267696e-06]","[0.3969798461189943, -0.43655842818632185]",0.14884446602068535
3,2682,"[0.37897351324724093, 0.6613110775006121]","[0.20033155121842627, 0.8577591891930944]","[0.5774634363061903, 0.4430318634070748]","[2.0625455842370552e-06, 6.361979581058457e-06]","[2.0625515203542832e-06, 6.361983402813909e-06]","[0.3969798461178988, -0.4365584281870747]",0.1488444695601624
3,2683,"[0.3789735091221498, 0.661311064776653]","[0.20033155121842627, 0.8577591891930944]","[0.5774634321805556, 0.44303185068274226]","[2.0542964282390663e-06, 6.336532365780494e-06]","[2.05430231647874e-06, 6.336536156725803e-06]","[0.3969798461168117, -0.43655842818782153]",0.14884447308548182
3,2684,"[0.3789735050135569, 0.6613110521035883]","[0.20033155121842627, 0.8577591891930944]","[0.5774634280714237, 0.44303183800930707]","[2.0460802607360748e-06, 6.311186933714864e-06]","[2.0460861011040166e-06, 6.3111906941637486e-06]","[0.39697984611573356, -0.4365584281885625]",0.14884447659670041
3,2685,"[0.3789735009213964, 0.6613110394812145]","[0.20033155121842627, 0.8577591891930944]","[0.5774634239787283, 0.44303182538656566]","[2.0378969497215597e-06, 6.28594287796224e-06]","[2.0379027428907293e-06, 6.285946608231008e-06]","[0.39697984611466375, -0.4365584281892977]",0.14884448009387444
3,2686,"[0.3789734968456025, 0.6613110269093287]","[0.20033155121842627, 0.8577591891930944]","[0.5774634199024037, 0.44303181281431525]","[2.0297463639093733e-06, 6.26079979286603e-06]","[2.0297521102774496e-06, 6.260803493085554e-06]","[0.3969798461136024, -0.436558428190027]",0.1488444835770601
3,2687,"[0.37897349278610976, 0.6613110143877292]","[0.20033155121842627, 0.8577591891930944]","[0.5774634158423845, 0.443031800292354]","[2.0216283725871216e-06, 6.235757274793073e-06]","[2.0216340724799053e-06, 6.235760945105806e-06]","[0.39697984611254944, -0.4365584281907504]",0.1488444870463134
3,2688,"[0.378973488742853, 0.6613110019162146]","[0.20033155121842627, 0.8577591891930944]","[0.5774634117986055, 0.4430317878204805]","[2.013542845315658e-06, 6.21081492114225e-06]","[2.013548499046891e-06, 6.210818561891429e-06]","[0.39697984611150494, -0.4365584281914682]",0.14884449050169013
3,2689,"[0.37897348471576736, 0.6613109894945848]","[0.20033155121842627, 0.8577591891930944]","[0.5774634077710018, 0.4430317753984947]","[2.0054896523798314e-06, 6.185972331664023e-06]","[2.005495260193335e-06, 6.185975942984978e-06]","[0.3969798461104689, -0.43655842819218016]",0.14884449394324561
3,2690,"[0.37897348070478803, 0.6613109771226401]","[0.20033155121842627, 0.8577591891930944]","[0.5774634037595084, 0.4430317630261968]","[1.997468664266359e-06, 6.161229107206871e-06]","[1.9974742268003e-06, 6.161232689427809e-06]","[0.3969798461094408, -0.4365584281928866]",0.14884449737103522
3,2691,"[0.3789734767098507, 0.6613109648001819]","[0.20033155121842627, 0.8577591891930944]","[0.5774633997640612, 0.4430317507033882]","[1.9894797524637823e-06, 6.136584850462357e-06]","[1.989485269915381e-06, 6.136588403871102e-06]","[0.3969798461084211, -0.4365584281935875]",0.14884450078511402
3,2692,"[0.3789734727308912, 0.6613109525270122]","[0.20033155121842627, 0.8577591891930944]","[0.5774633957845959, 0.44303173842987087]","[1.9815227886140985e-06, 6.112039165505772e-06]","[1.98152826136333e-06, 6.11204269018728e-06]","[0.39697984610740944, -0.4365584281942827]",0.1488445041855369
3,2693,"[0.37897346876784566, 0.6613109403029339]","[0.20033155121842627, 0.8577591891930944]","[0.5774633918210484, 0.4430317262054477]","[1.9735976450844728e-06, 6.087591658090636e-06]","[1.9736030737460553e-06, 6.087595154358194e-06]","[0.3969798461064056, -0.4365584281949725]",0.14884450757235831
3,2694,"[0.37897346482065036, 0.6613109281277506]","[0.20033155121842627, 0.8577591891930944]","[0.5774633878733553, 0.4430317140299222]","[1.965704194619021e-06, 6.063241935521277e-06]","[1.9657095793323975e-06, 6.063245403642448e-06]","[0.3969798461054098, -0.4365584281956568]",0.14884451094563284
3,2695,"[0.378973460889242, 0.6613109160012668]","[0.20033155121842627, 0.8577591891930944]","[0.5774633839414529, 0.44303170190309893]","[1.9578423104971474e-06, 6.03898960687e-06]","[1.9578476517789767e-06, 6.038993047019492e-06]","[0.39697984610442183, -0.4365584281963357]",0.14884451430541457
3,2696,"[0.3789734569735574, 0.6613109039232876]","[0.20033155121842627, 0.8577591891930944]","[0.5774633800252784, 0.443031689824783]","[1.9500118665891284e-06, 6.014834282470267e-06]","[1.9500171643538344e-06, 6.014837694801045e-06]","[0.39697984610344206, -0.4365584281970092]",0.14884451765175755
3,2697,"[0.37897345307353364, 0.661310891893619]","[0.20033155121842627, 0.8577591891930944]","[0.5774633761247686, 0.44303167779478037]","[1.9422127369687446e-06, 5.990775574190785e-06]","[1.9422179917683025e-06, 5.99077895896416e-06]","[0.39697984610246995, -0.4365584281976773]",0.1488445209847155
3,2698,"[0.3789734491891082, 0.6613108799120678]","[0.20033155121842627, 0.8577591891930944]","[0.577463372239861, 0.44303166581289777]","[1.9344447967116846e-06, 5.966813095701354e-06]","[1.9344500087892236e-06, 5.9668164530957135e-06]","[0.3969798461015056, -0.4365584281983401]",0.14884452430434197
3,2699,"[0.3789734453202186, 0.6613108679784416]","[0.20033155121842627, 0.8577591891930944]","[0.5774633683704931, 0.4430316538789428]","[1.9267079208125672e-06, 5.942946462241136e-06]","[1.9267130905720187e-06, 5.942949792503427e-06]","[0.3969798461005489, -0.4365584281989977]",0.14884452761069022
3,2700,"[0.37897344146680273, 0.6613108560925487]","[0.20033155121842627, 0.8577591891930944]","[0.5774633645166025, 0.4430316419927236]","[1.919001985213067e-06, 5.919175290403965e-06]","[1.9190071132713094e-06, 5.919178593882801e-06]","[0.3969798460995996, -0.4365584281996502]",0.1488445309038134
3,2701,"[0.37897343762879876, 0.6613108442541981]","[0.20033155121842627, 0.8577591891930944]","[0.5774633606781279, 0.44303163015404934]","[1.911326866336699e-06, 5.8954991983166704e-06]","[1.911331952542117e-06, 5.8955024751505825e-06]","[0.3969798460986582, -0.43655842820029744]",0.14884453418376442
3,2702,"[0.378973433806145, 0.6613108324631997]","[0.20033155121842627, 0.8577591891930944]","[0.577463356855007, 0.4430316183627299]","[1.9036824408061728e-06, 5.871917805862636e-06]","[1.9036874858158193e-06, 5.871921056166407e-06]","[0.3969798460977241, -0.4365584282009395]",0.14884453745059595
3,2703,"[0.37897342999878014, 0.6613108207193641]","[0.20033155121842627, 0.8577591891930944]","[0.5774633530471788, 0.4430316066185759]","[1.8960685860009691e-06, 5.8484307343301045e-06]","[1.8960735901907277e-06, 5.848433958288712e-06]","[0.39697984609679726, -0.4365584282015764]",0.14884454070436037
3,2704,"[0.378973426206643, 0.6613108090225026]","[0.20033155121842627, 0.8577591891930944]","[0.577463349254582, 0.44303159492139843]","[1.8884851797120277e-06, 5.8250376061358314e-06]","[1.8884901432092427e-06, 5.82504080404167e-06]","[0.396979846095878, -0.43655842820220836]",0.1488445439451102
3,2705,"[0.37897342242967264, 0.6613107973724274]","[0.20033155121842627, 0.8577591891930944]","[0.5774633454771556, 0.4430315832710097]","[1.880932100101402e-06, 5.801738045766403e-06]","[1.880937023357454e-06, 5.801741217836831e-06]","[0.39697984609496595, -0.4365584282028353]",0.14884454717289727
3,2706,"[0.3789734186678084, 0.6613107857689513]","[0.20033155121842627, 0.8577591891930944]","[0.5774633417148389, 0.4430315716672226]","[1.873409225975096e-06, 5.778531678972323e-06]","[1.8734141093990075e-06, 5.778534825529036e-06]","[0.396979846094061, -0.43655842820345736]",0.14884455038777342
3,2707,"[0.37897341492098996, 0.661310774211888]","[0.20033155121842627, 0.8577591891930944]","[0.5774633379675715, 0.4430315601098508]","[1.8659164364585907e-06, 5.755418133189851e-06]","[1.865921280486127e-06, 5.755421254305393e-06]","[0.39697984609316317, -0.4365584282040744]",0.14884455358979037
3,2708,"[0.37897341118915706, 0.6613107627010517]","[0.20033155121842627, 0.8577591891930944]","[0.5774633342352935, 0.4430315485987084]","[1.8584536115257388e-06, 5.732397036779501e-06]","[1.8584584159930806e-06, 5.732400132685278e-06]","[0.3969798460922729, -0.4365584282046866]",0.1488445567789997
3,2709,"[0.37897340747224983, 0.6613107512362576]","[0.20033155121842627, 0.8577591891930944]","[0.5774633305179446, 0.4430315371336106]","[1.8510206310800926e-06, 5.709468020161187e-06]","[1.851025396459871e-06, 5.709471091130958e-06]","[0.3969798460913896, -0.436558428205294]",0.14884455995545243
3,2710,"[0.37897340377020855, 0.6613107398173216]","[0.20033155121842627, 0.8577591891930944]","[0.5774633268154652, 0.4430315257143733]","[1.8436173759719687e-06, 5.686630715180087e-06]","[1.8436221025930344e-06, 5.686633761325943e-06]","[0.3969798460905133, -0.4365584282058965]",0.14884456311919966
3,2711,"[0.3789734000829738, 0.6613107284440601]","[0.20033155121842627, 0.8577591891930944]","[0.5774633231277957, 0.443031514340813]","[1.8362437273158652e-06, 5.663884754865331e-06]","[1.836248415654218e-06, 5.663887776397036e-06]","[0.39697984608964376, -0.43655842820649426]",0.14884456627029213
3,2712,"[0.37897339641048633, 0.6613107171162906]","[0.20033155121842627, 0.8577591891930944]","[0.5774633194548768, 0.443031503012747]","[1.8288995666874074e-06, 5.641229774030791e-06]","[1.8289042171826253e-06, 5.641232771080862e-06]","[0.396979846088781, -0.43655842820708723]",0.14884456940878055
3,2713,"[0.3789733927526872, 0.6613107058338311]","[0.20033155121842627, 0.8577591891930944]","[0.57746331579665, 0.44303149172999334]","[1.8215847763919663e-06, 5.618665408678889e-06]","[1.8215893888284818e-06, 5.6186683815018235e-06]","[0.3969798460879256, -0.43655842820767554]",0.14884457253471534
3,2714,"[0.37897338910951767, 0.6613106945965003]","[0.20033155121842627, 0.8577591891930944]","[0.577463312153056, 0.4430314804923707]","[1.8142992387298558e-06, 5.59619129632788e-06]","[1.814303813740814e-06, 5.5961942451165925e-06]","[0.3969798460870767, -0.4365584282082592]",0.14884457564814663
3,2715,"[0.3789733854809192, 0.6613106834041177]","[0.20033155121842627, 0.8577591891930944]","[0.5774633085240364, 0.44303146929969855]","[1.8070428368633373e-06, 5.573807076132031e-06]","[1.8070473749021154e-06, 5.573810001158197e-06]","[0.3969798460862344, -0.4365584282088383]",0.1488445787491245
3,2716,"[0.3789733818668335, 0.6613106722565035]","[0.20033155121842627, 0.8577591891930944]","[0.577463304909533, 0.4430314581517971]","[1.7998154542359995e-06, 5.551512388461386e-06]","[1.799819955294879e-06, 5.551515289914377e-06]","[0.39697984608539905, -0.4365584282094128]",0.14884458183769875
3,2717,"[0.37897337826720257, 0.6613106611534788]","[0.20033155121842627, 0.8577591891930944]","[0.5774633013094878, 0.44303144704848746]","[1.7926169748400781e-06, 5.529306875402357e-06]","[1.7926214392338657e-06, 5.529309753338207e-06]","[0.3969798460845704, -0.4365584282099827]",0.148844584913919
3,2718,"[0.3789733746819686, 0.661310650094865]","[0.20033155121842627, 0.8577591891930944]","[0.5774632977238428, 0.44303143598959094]","[1.7854472832020546e-06, 5.507190179945855e-06]","[1.785451711255881e-06, 5.507193034659519e-06]","[0.39697984608374826, -0.43655842821054813]",0.14884458797783462
3,2719,"[0.37897337111107404, 0.6613106390804846]","[0.20033155121842627, 0.8577591891930944]","[0.5774632941525403, 0.4430314249749301]","[1.7783062641245022e-06, 5.485161947013333e-06]","[1.7783106562863082e-06, 5.4851647786069435e-06]","[0.39697984608293246, -0.436558428211109]",0.14884459102949488
3,2720,"[0.37897336755446154, 0.6613106281101607]","[0.20033155121842627, 0.8577591891930944]","[0.577463290595523, 0.443031414004328]","[1.771193803074478e-06, 5.463221823021218e-06]","[1.7711981598056425e-06, 5.4632246316854705e-06]","[0.396979846082123, -0.43655842821166546]",0.14884459406894868
3,2721,"[0.37897336401207393, 0.6613106171837171]","[0.20033155121842627, 0.8577591891930944]","[0.5774632870527341, 0.44303140307760835]","[1.7641097858198195e-06, 5.441369455305934e-06]","[1.7641141070168231e-06, 5.441372241177245e-06]","[0.3969798460813203, -0.43655842821221746]",0.14884459709624503
3,2722,"[0.3789733604838544, 0.6613106063009782]","[0.20033155121842627, 0.8577591891930944]","[0.5774632835241162, 0.44303139219459564]","[1.7570540986113272e-06, 5.419604492918543e-06]","[1.757058384843635e-06, 5.419607256140768e-06]","[0.3969798460805237, -0.436558428212765]",0.14884460011143238
3,2723,"[0.3789733569697462, 0.6613105954617692]","[0.20033155121842627, 0.8577591891930944]","[0.5774632800096131, 0.443031381355115]","[1.75002662825047e-06, 5.397926586281097e-06]","[1.7500308794327069e-06, 5.397929327188855e-06]","[0.3969798460797338, -0.43655842821330837]",0.14884460311455938
3,2724,"[0.37897335346969296, 0.661310584665916]","[0.20033155121842627, 0.8577591891930944]","[0.577463276509168, 0.4430313705589922]","[1.7430272617123697e-06, 5.376335387179791e-06]","[1.7430314783739576e-06, 5.376338105989031e-06]","[0.39697984607895, -0.4365584282138475]",0.14884460610567407
3,2725,"[0.37897334998363846, 0.6613105739132452]","[0.20033155121842627, 0.8577591891930944]","[0.5774632730227247, 0.4430313598060541]","[1.736055886932826e-06, 5.354830549012461e-06]","[1.7360600691462835e-06, 5.354833245707624e-06]","[0.3969798460781725, -0.4365584282143822]",0.14884460908482455
3,2726,"[0.3789733465115267, 0.6613105632035842]","[0.20033155121842627, 0.8577591891930944]","[0.5774632695502273, 0.4430313490961278]","[1.729112391670891e-06, 5.333411726172003e-06]","[1.7291165397281816e-06, 5.333414401120784e-06]","[0.3969798460774012, -0.43655842821491275]",0.14884461205205873
3,2727,"[0.37897334305330194, 0.6613105525367607]","[0.20033155121842627, 0.8577591891930944]","[0.5774632660916199, 0.4430313384290412]","[1.7221966646398624e-06, 5.312078574706077e-06]","[1.722200778986327e-06, 5.312081228003862e-06]","[0.39697984607663594, -0.4365584282154391]",0.14884461500742419
3,2728,"[0.3789733396089086, 0.6613105419126036]","[0.20033155121842627, 0.8577591891930944]","[0.5774632626468469, 0.443031327804623]","[1.715308594746966e-06, 5.290830751909067e-06]","[1.7153126757873949e-06, 5.290833383686522e-06]","[0.39697984607587655, -0.43655842821596125]",0.14884461795096837
3,2729,"[0.37897333617829143, 0.6613105313309421]","[0.20033155121842627, 0.8577591891930944]","[0.5774632592158531, 0.44303131722270245]","[1.7084480714758411e-06, 5.269667916363632e-06]","[1.7084521193866387e-06, 5.269670526830694e-06]","[0.39697984607512327, -0.4365584282164793]",0.14884462088273873
3,2730,"[0.3789733327613953, 0.6613105207916062]","[0.20033155121842627, 0.8577591891930944]","[0.5774632557985833, 0.44303130668310964]","[1.7016149845789676e-06, 5.248589728322666e-06]","[1.701618999594423e-06, 5.248592317652623e-06]","[0.396979846074376, -0.4365584282169932]",0.14884462380278224
3,2731,"[0.3789733293581653, 0.6613105102944268]","[0.20033155121842627, 0.8577591891930944]","[0.5774632523949828, 0.44303129618567527]","[1.6948092245172532e-06, 5.227595849271322e-06]","[1.694813206609691e-06, 5.227598417589796e-06]","[0.3969798460736349, -0.436558428217503]",0.14884462671114587
3,2732,"[0.3789733259685468, 0.6613104998392351]","[0.20033155121842627, 0.8577591891930944]","[0.5774632490049966, 0.44303128573023065]","[1.6880306818675837e-06, 5.206685941880064e-06]","[1.688034631575075e-06, 5.20668848941197e-06]","[0.3969798460728995, -0.43655842821800883]",0.1488446296078762
3,2733,"[0.37897332259248545, 0.6613104894258632]","[0.20033155121842627, 0.8577591891930944]","[0.5774632456285704, 0.4430312753166079]","[1.681279247855098e-06, 5.185859670462653e-06]","[1.6812831653556515e-06, 5.185862197387703e-06]","[0.39697984607216996, -0.43655842821851065]",0.14884463249301993
3,2734,"[0.37897331922992694, 0.6613104790541439]","[0.20033155121842627, 0.8577591891930944]","[0.57746324226565, 0.4430312649446396]","[1.6745548141381665e-06, 5.165116700240986e-06]","[1.674558699760187e-06, 5.1651192066737295e-06]","[0.3969798460714462, -0.4365584282190085]",0.1488446353666233
3,2735,"[0.37897331588081734, 0.6613104687239104]","[0.20033155121842627, 0.8577591891930944]","[0.5774632389161813, 0.44303125461415926]","[1.6678572727507354e-06, 5.144456698142277e-06]","[1.6678611269305144e-06, 5.144459184203143e-06]","[0.396979846070728, -0.4365584282195023]",0.14884463822873248
3,2736,"[0.3789733125451028, 0.661310458434997]","[0.20033155121842627, 0.8577591891930944]","[0.5774632355801106, 0.44303124432500085]","[1.661186516182477e-06, 5.123879332481718e-06]","[1.661190339008467e-06, 5.123881798463348e-06]","[0.3969798460700156, -0.43655842821999236]",0.14884464107939346
3,2737,"[0.37897330922272976, 0.6613104481872384]","[0.20033155121842627, 0.8577591891930944]","[0.5774632322573843, 0.4430312340769992]","[1.6545424373081225e-06, 5.103384272713299e-06]","[1.654546228857523e-06, 5.103386718663394e-06]","[0.39697984606930903, -0.4365584282204784]",0.14884464391865204
3,2738,"[0.37897330591364486, 0.6613104379804698]","[0.20033155121842627, 0.8577591891930944]","[0.5774632289479489, 0.44303122386998955]","[1.6479249293735092e-06, 5.082971189449821e-06]","[1.647928689951783e-06, 5.082973615511133e-06]","[0.39697984606860803, -0.4365584282209606]",0.14884464674655384
3,2739,"[0.378973302617795, 0.6613104278145274]","[0.20033155121842627, 0.8577591891930944]","[0.5774632256517513, 0.44303121370380794]","[1.6413338861872751e-06, 5.062639754833631e-06]","[1.6413376159873927e-06, 5.0626421612132155e-06]","[0.3969798460679127, -0.436558428221439]",0.1488446495631443
3,2740,"[0.37897329933512724, 0.6613104176892479]","[0.20033155121842627, 0.8577591891930944]","[0.5774632223687386, 0.4430312035782911]","[1.634769202030767e-06, 5.042389642519076e-06]","[1.6347729014931645e-06, 5.042392029364073e-06]","[0.3969798460672227, -0.4365584282219136]",0.1488446523684686
3,2741,"[0.3789732960655888, 0.6613104076044687]","[0.20033155121842627, 0.8577591891930944]","[0.577463219098858, 0.44303119349327647]","[1.6282307713824998e-06, 5.022220527180973e-06]","[1.6282344405538218e-06, 5.02222289466836e-06]","[0.39697984606653836, -0.43655842822238444]",0.14884465516257184
3,2742,"[0.3789732928091273, 0.6613103975600276]","[0.20033155121842627, 0.8577591891930944]","[0.577463215842057, 0.4430311834486018]","[1.6217184893197224e-06, 5.0021320847255674e-06]","[1.6217221285863559e-06, 5.002134433051975e-06]","[0.39697984606585934, -0.4365584282228516]",0.1488446579454989
3,2743,"[0.3789732895656903, 0.6613103875557634]","[0.20033155121842627, 0.8577591891930944]","[0.5774632125982833, 0.44303117344410586]","[1.6152322513676752e-06, 4.9821239924386884e-06]","[1.6152358607857131e-06, 4.982126321828595e-06]","[0.3969798460651859, -0.43655842822331514]",0.14884466071729452
3,2744,"[0.3789732863352258, 0.6613103775915155]","[0.20033155121842627, 0.8577591891930944]","[0.5774632093674847, 0.44303116347962795]","[1.608771953286905e-06, 4.962195929153958e-06]","[1.6087755330129738e-06, 4.962198239699678e-06]","[0.39697984606451786, -0.436558428223775]",0.14884466347800315
3,2745,"[0.3789732831176819, 0.6613103676671236]","[0.20033155121842627, 0.8577591891930944]","[0.5774632061496093, 0.443031153555008]","[1.6023374912300072e-06, 4.942347574717317e-06]","[1.6023410419063744e-06, 4.942349866532414e-06]","[0.39697984606385484, -0.4365584282242312]",0.14884466622766923
3,2746,"[0.37897327991300694, 0.6613103577824284]","[0.20033155121842627, 0.8577591891930944]","[0.5774632029446055, 0.44303114367008656]","[1.5959287621561147e-06, 4.922578610267029e-06]","[1.5959322838821066e-06, 4.922580883470751e-06]","[0.39697984606319714, -0.4365584282246837]",0.14884466896633675
3,2747,"[0.37897327672114944, 0.6613103479372712]","[0.20033155121842627, 0.8577591891930944]","[0.5774631997524218, 0.4430311338247049]","[1.589545663134987e-06, 4.902888718301252e-06]","[1.5895491561335184e-06, 4.902890972990903e-06]","[0.39697984606254466, -0.4365584282251326]",0.14884467169404988
3,2748,"[0.3789732735420581, 0.6613103381314938]","[0.20033155121842627, 0.8577591891930944]","[0.5774631965730068, 0.4430311240187048]","[1.5831880915649719e-06, 4.883277582604938e-06]","[1.5831915560204912e-06, 4.883279818901354e-06]","[0.3969798460618974, -0.4365584282255779]",0.14884467441085236
3,2749,"[0.37897327037568196, 0.6613103283649386]","[0.20033155121842627, 0.8577591891930944]","[0.5774631934063096, 0.44303111425192876]","[1.5768559454074426e-06, 4.863744888184323e-06]","[1.5768593816245513e-06, 4.863747106342853e-06]","[0.39697984606125525, -0.43655842822601976]",0.14884467711678784
3,2750,"[0.37897326722197006, 0.6613103186374488]","[0.20033155121842627, 0.8577591891930944]","[0.5774631902522791, 0.4430311045242198]","[1.5705491229761683e-06, 4.844290321137543e-06]","[1.5705525312492696e-06, 4.8442925212333066e-06]","[0.3969798460606181, -0.4365584282264581]",0.14884467981189975
3,2751,"[0.3789732640808718, 0.6613103089488682]","[0.20033155121842627, 0.8577591891930944]","[0.5774631871108649, 0.44303109483542175]","[1.5642675230919546e-06, 4.824913569160407e-06]","[1.564270903475773e-06, 4.8249157513780006e-06]","[0.39697984605998615, -0.43655842822689295]",0.14884468249623145
3,2752,"[0.37897326095233674, 0.6613102992990411]","[0.20033155121842627, 0.8577591891930944]","[0.5774631839820163, 0.44303108518537887]","[1.5580110449288445e-06, 4.805614320864289e-06]","[1.558014397662344e-06, 4.805616485359376e-06]","[0.3969798460593592, -0.4365584282273244]",0.14884468516982607
3,2753,"[0.37897325783631464, 0.6613102896878125]","[0.20033155121842627, 0.8577591891930944]","[0.5774631808656833, 0.44303107557393623]","[1.5517795878928133e-06, 4.7863922664670965e-06]","[1.5517829131672656e-06, 4.786394413480721e-06]","[0.39697984605873726, -0.4365584282277525]",0.14884468783272653
3,2754,"[0.37897325473275545, 0.6613102801150279]","[0.20033155121842627, 0.8577591891930944]","[0.5774631777618155, 0.44303106600093933]","[1.545573052026047e-06, 4.767247096975288e-06]","[1.5455763501814879e-06, 4.767249226544923e-06]","[0.3969798460581202, -0.43655842822817714]",0.14884469048497562
3,2755,"[0.37897325164160933, 0.6613102705805337]","[0.20033155121842627, 0.8577591891930944]","[0.5774631746703633, 0.44303105646623453]","[1.5393913376354963e-06, 4.748178505041677e-06]","[1.539394608895961e-06, 4.748180617242248e-06]","[0.396979846057508, -0.43655842822859836]",0.14884469312661583
3,2756,"[0.37897324856282666, 0.6613102610841767]","[0.20033155121842627, 0.8577591891930944]","[0.577463171591277, 0.4430310469696685]","[1.533234345606968e-06, 4.729186184253e-06]","[1.5332375901122575e-06, 4.7291882793731865e-06]","[0.39697984605690073, -0.43655842822901636]",0.14884469575768977
3,2757,"[0.37897324549635797, 0.6613102516258043]","[0.20033155121842627, 0.8577591891930944]","[0.5774631685245071, 0.4430310375110888]","[1.527101976921181e-06, 4.7102698296383115e-06]","[1.5271051949650172e-06, 4.7102719076264066e-06]","[0.3969798460562982, -0.4365584282294309]",0.14884469837823955
3,2758,"[0.378973242442154, 0.6613102422052646]","[0.20033155121842627, 0.8577591891930944]","[0.5774631654700044, 0.44303102809034345]","[1.5209941333181427e-06, 4.691429137366582e-06]","[1.5209973247554132e-06, 4.691431198466933e-06]","[0.3969798460557008, -0.43655842822984225]",0.14884470098830746
3,2759,"[0.37897323940016575, 0.6613102328224063]","[0.20033155121842627, 0.8577591891930944]","[0.5774631624277198, 0.4430310187072812]","[1.5149107164944756e-06, 4.672663804897939e-06]","[1.514913881672797e-06, 4.672665849136948e-06]","[0.39697984605510805, -0.43655842823025026]",0.14884470358793522
3,2760,"[0.3789732363703443, 0.6613102234770787]","[0.20033155121842627, 0.8577591891930944]","[0.5774631593976043, 0.4430310093617511]","[1.5088516288352532e-06, 4.653973530655732e-06]","[1.5088547680730535e-06, 4.653975558321921e-06]","[0.39697984605451997, -0.43655842823065516]",0.14884470617716467
3,2761,"[0.37897323335264105, 0.6613102141691316]","[0.20033155121842627, 0.8577591891930944]","[0.5774631563796093, 0.44303100005360324]","[1.5028167731517224e-06, 4.63535801451642e-06]","[1.5028198866451348e-06, 4.635360025595503e-06]","[0.39697984605393655, -0.4365584282310567]",0.1488447087560374
3,2762,"[0.37897323034700753, 0.6613102048984155]","[0.20033155121842627, 0.8577591891930944]","[0.5774631533736864, 0.44303099078268793]","[1.4968060525656394e-06, 4.616816957287215e-06]","[1.496809140577593e-06, 4.616818952030144e-06]","[0.3969798460533577, -0.4365584282314552]",0.14884471132459487
3,2763,"[0.37897322735339545, 0.6613101956647816]","[0.20033155121842627, 0.8577591891930944]","[0.5774631503797871, 0.44303098154885634]","[1.4908193705826885e-06, 4.598350061358516e-06]","[1.490822433336536e-06, 4.598352039808518e-06]","[0.39697984605278336, -0.4365584282318504]",0.14884471388287823
3,2764,"[0.37897322437175673, 0.6613101864680815]","[0.20033155121842627, 0.8577591891930944]","[0.5774631473978635, 0.4430309723519602]","[1.4848566309182887e-06, 4.57995703025853e-06]","[1.484859668665628e-06, 4.5799589925565876e-06]","[0.3969798460522136, -0.43655842823224256]",0.14884471643092867
3,2765,"[0.3789732214020435, 0.6613101773081674]","[0.20033155121842627, 0.8577591891930944]","[0.5774631444278676, 0.44303096319185165]","[1.4789177380040068e-06, 4.5616375683100306e-06]","[1.478920750974666e-06, 4.561639514621962e-06]","[0.39697984605164827, -0.4365584282326316]",0.14884471896878707
3,2766,"[0.378973218444208, 0.6613101681848923]","[0.20033155121842627, 0.8577591891930944]","[0.5774631414697518, 0.44303095406838355]","[1.4730025963925227e-06, 4.5433913812248105e-06]","[1.4730055847289591e-06, 4.543393311629007e-06]","[0.3969798460510875, -0.4365584282330175]",0.1488447214964942
3,2767,"[0.3789732154982028, 0.6613101590981095]","[0.20033155121842627, 0.8577591891930944]","[0.5774631385234684, 0.4430309449814093]","[1.467111111105338e-06, 4.525218176022624e-06]","[1.4671140748934164e-06, 4.525220090756399e-06]","[0.39697984605053127, -0.4365584282334004]",0.14884472401409077
3,2768,"[0.3789732125639806, 0.6613101500476731]","[0.20033155121842627, 0.8577591891930944]","[0.5774631355889703, 0.443030935930783]","[1.4612431877161822e-06, 4.507117660685611e-06]","[1.4612461270990806e-06, 4.5071195597379266e-06]","[0.3969798460499795, -0.4365584282337802]",0.14884472652161712
3,2769,"[0.3789732096414942, 0.6613101410334378]","[0.20033155121842627, 0.8577591891930944]","[0.5774631326662103, 0.4430309269163592]","[1.4553987318587722e-06, 4.489089544559505e-06]","[1.4554016469769948e-06, 4.489091428250269e-06]","[0.39697984604943215, -0.43655842823415714]",0.14884472901911358
3,2770,"[0.3789732067306968, 0.6613101320552587]","[0.20033155121842627, 0.8577591891930944]","[0.5774631297551414, 0.44303091793799315]","[1.4495776496404617e-06, 4.471133538238471e-06]","[1.4495805407688245e-06, 4.47113540663624e-06]","[0.39697984604888914, -0.43655842823453106]",0.1488447315066202
3,2771,"[0.3789732038315415, 0.6613101231129916]","[0.20033155121842627, 0.8577591891930944]","[0.5774631268557167, 0.44303090899554065]","[1.4437798476925052e-06, 4.453249353253899e-06]","[1.4437827151048133e-06, 4.453251206404385e-06]","[0.39697984604835035, -0.436558428234902]",0.148844733984177
3,2772,"[0.3789732009439818, 0.6613101142064929]","[0.20033155121842627, 0.8577591891930944]","[0.5774631239678898, 0.44303090008885787]","[1.4380052329331154e-06, 4.43543670201512e-06]","[1.4380080766152048e-06, 4.435438540117964e-06]","[0.396979846047816, -0.43655842823527]",0.1488447364518238
3,2773,"[0.3789731980679713, 0.6613101053356195]","[0.20033155121842627, 0.8577591891930944]","[0.5774631210916141, 0.4430308912178019]","[1.4322537125239967e-06, 4.417695298794084e-06]","[1.4322565329849546e-06, 4.4176971220055705e-06]","[0.39697984604728564, -0.4365584282356352]",0.1488447389096001
3,2774,"[0.3789731952034639, 0.6613100965002289]","[0.20033155121842627, 0.8577591891930944]","[0.5774631182268437, 0.44303088238223015]","[1.4265251943331746e-06, 4.400024858306621e-06]","[1.4265279915659512e-06, 4.400026666739887e-06]","[0.3969798460467596, -0.43655842823599744]",0.14884474135754555
3,2775,"[0.3789731923504135, 0.6613100877001792]","[0.20033155121842627, 0.8577591891930944]","[0.5774631153735323, 0.44303087358200083]","[1.4208195861594865e-06, 4.382425097100577e-06]","[1.4208223604872394e-06, 4.3824268907144415e-06]","[0.3969798460462377, -0.4365584282363567]",0.14884474379569929
3,2776,"[0.37897318950877434, 0.661310078935329]","[0.20033155121842627, 0.8577591891930944]","[0.5774631125316343, 0.4430308648169724]","[1.415136796584339e-06, 4.364895732192731e-06]","[1.4151395482109308e-06, 4.364897511210941e-06]","[0.3969798460457199, -0.4365584282367132]",0.1488447462241006
3,2777,"[0.3789731866785008, 0.6613100702055376]","[0.20033155121842627, 0.8577591891930944]","[0.5774631097011039, 0.4430308560870041]","[1.4094767343706952e-06, 4.3474364821234915e-06]","[1.4094794633101593e-06, 4.347438246676827e-06]","[0.3969798460452063, -0.4365584282370669]",0.14884474864278857
3,2778,"[0.3789731838595473, 0.6613100615106646]","[0.20033155121842627, 0.8577591891930944]","[0.5774631068818956, 0.44303084739195575]","[1.4038393084808251e-06, 4.33004706646001e-06]","[1.4038420151352149e-06, 4.33004881655874e-06]","[0.3969798460446966, -0.43655842823741775]",0.14884475105180184
3,2779,"[0.3789731810518687, 0.6613100528505705]","[0.20033155121842627, 0.8577591891930944]","[0.5774631040739644, 0.4430308387316876]","[1.3982244286062032e-06, 4.312727205783485e-06]","[1.3982271127033208e-06, 4.312728941691102e-06]","[0.39697984604419134, -0.4365584282377659]",0.14884475345117937
3,2780,"[0.3789731782554199, 0.6613100442251161]","[0.20033155121842627, 0.8577591891930944]","[0.5774631012772647, 0.4430308301060604]","[1.3926320042300589e-06, 4.295476621808687e-06]","[1.3926346664194789e-06, 4.295478343629977e-06]","[0.39697984604368974, -0.4365584282381113]",0.14884475584095952
3,2781,"[0.37897317547015585, 0.6613100356341628]","[0.20033155121842627, 0.8577591891930944]","[0.5774630984917519, 0.44303082151493584]","[1.38706194589229e-06, 4.278295037661004e-06]","[1.3870645862446018e-06, 4.278296745430232e-06]","[0.39697984604319214, -0.4365584282384539]",0.14884475822118062
3,2782,"[0.378973172696032, 0.6613100270775727]","[0.20033155121842627, 0.8577591891930944]","[0.5774630957173812, 0.4430308129581758]","[1.3815141640603618e-06, 4.261182177322706e-06]","[1.3815167828057362e-06, 4.261183871090424e-06]","[0.3969798460426984, -0.43655842823879376]",0.14884476059188106
3,2783,"[0.3789731699330037, 0.6613100185552083]","[0.20033155121842627, 0.8577591891930944]","[0.577463092954108, 0.4430308044356428]","[1.3759885696856882e-06, 4.244137765814812e-06]","[1.375991166951973e-06, 4.244139445885864e-06]","[0.3969798460422087, -0.43655842823913105]",0.14884476295309887
3,2784,"[0.3789731671810265, 0.6613100100669328]","[0.20033155121842627, 0.8577591891930944]","[0.577463090201888, 0.4430307959472]","[1.370485073973143e-06, 4.227161529588474e-06]","[1.3704876498099594e-06, 4.227163195924533e-06]","[0.396979846041723, -0.43655842823946556]",0.14884476530487195
3,2785,"[0.37897316444005635, 0.6613100016126098]","[0.20033155121842627, 0.8577591891930944]","[0.577463087460677, 0.4430307874927111]","[1.3650035885358912e-06, 4.210253195867227e-06]","[1.3650061430059424e-06, 4.210254848535655e-06]","[0.39697984604124126, -0.4365584282397974]",0.14884476764723814
3,2786,"[0.3789731617100492, 0.6613099931921034]","[0.20033155121842627, 0.8577591891930944]","[0.5774630847304307, 0.44303077907204]","[1.359544025494336e-06, 4.193412492881655e-06]","[1.3595465590543476e-06, 4.193414132103168e-06]","[0.3969798460407631, -0.4365584282401267]",0.148844769980235
3,2787,"[0.3789731589909611, 0.6613099848052784]","[0.20033155121842627, 0.8577591891930944]","[0.5774630820111055, 0.4430307706850517]","[1.3541062970632168e-06, 4.176639150203121e-06]","[1.3541088097479559e-06, 4.17664077601021e-06]","[0.3969798460402888, -0.4365584282404533]",0.14884477230390003
3,2788,"[0.3789731562827485, 0.6613099764520001]","[0.20033155121842627, 0.8577591891930944]","[0.5774630793026576, 0.4430307623316114]","[1.3486903160856131e-06, 4.159932898580769e-06]","[1.3486928081563043e-06, 4.159934511027696e-06]","[0.3969798460398182, -0.4365584282407773]",0.14884477461827056
3,2789,"[0.3789731535853679, 0.6613099681321343]","[0.20033155121842627, 0.8577591891930944]","[0.5774630766050436, 0.4430307540115849]","[1.3432959954169303e-06, 4.143293469490086e-06]","[1.3432984669048409e-06, 4.143295068703701e-06]","[0.39697984603935144, -0.4365584282410987]",0.14884477692338374
3,2790,"[0.37897315089877587, 0.6613099598455473]","[0.20033155121842627, 0.8577591891930944]","[0.57746307391822, 0.44303074572483847]","[1.3379232485793203e-06, 4.126720595621575e-06]","[1.3379256996737254e-06, 4.126722181807541e-06]","[0.39697984603888836, -0.43655842824141766]",0.14884477921927664
3,2791,"[0.3789731482229294, 0.6613099515921061]","[0.20033155121842627, 0.8577591891930944]","[0.5774630712421438, 0.4430307374712391]","[1.3325719892295301e-06, 4.110214011042013e-06]","[1.33257442025414e-06, 4.110215584274268e-06]","[0.39697984603842884, -0.4365584282417341]",0.14884478150598612
3,2792,"[0.3789731455577854, 0.6613099433716781]","[0.20033155121842627, 0.8577591891930944]","[0.577463068576772, 0.4430307292506541]","[1.3272421315026774e-06, 4.093773450371898e-06]","[1.3272445423262447e-06, 4.093775010816092e-06]","[0.3969798460379732, -0.43655842824204805]",0.14884478378354893
3,2793,"[0.37897314290330114, 0.6613099351841313]","[0.20033155121842627, 0.8577591891930944]","[0.5774630659220619, 0.4430307210629516]","[1.3219335898270228e-06, 4.077398649761578e-06]","[1.3219359804028663e-06, 4.077400197310954e-06]","[0.39697984603752146, -0.43655842824235935]",0.14884478605200166
3,2794,"[0.37897314025943396, 0.661309927029334]","[0.20033155121842627, 0.8577591891930944]","[0.5774630632779705, 0.44303071290799984]","[1.3166462788297744e-06, 4.061089345849066e-06]","[1.3166486496074548e-06, 4.0610908808025314e-06]","[0.39697984603707304, -0.43655842824266833]",0.1488447883113807
3,2795,"[0.3789731376261414, 0.6613099189071553]","[0.20033155121842627, 0.8577591891930944]","[0.5774630606444554, 0.44303070478566786]","[1.3113801136494867e-06, 4.0448452768382e-06]","[1.3113824649524375e-06, 4.04484679927819e-06]","[0.39697984603662806, -0.43655842824297486]",0.14884479056172245
3,2796,"[0.37897313500338115, 0.6613099108174647]","[0.20033155121842627, 0.8577591891930944]","[0.5774630580214745, 0.4430306966958252]","[1.3061350098914655e-06, 4.028666181784814e-06]","[1.3061373417833089e-06, 4.02866769189103e-06]","[0.39697984603618663, -0.43655842824327906]",0.1488447928030629
3,2797,"[0.37897313239111113, 0.6613099027601324]","[0.20033155121842627, 0.8577591891930944]","[0.5774630554089855, 0.443030688638342]","[1.3009108832452701e-06, 4.0125518009482635e-06]","[1.3009131959451636e-06, 4.01255329862682e-06]","[0.39697984603574865, -0.4365584282435807]",0.14884479503543818
3,2798,"[0.3789731297892894, 0.6613098947350288]","[0.20033155121842627, 0.8577591891930944]","[0.5774630528069465, 0.44303068061308876]","[1.2957076497992123e-06, 3.996501875393985e-06]","[1.2957099432830965e-06, 3.996503360859105e-06]","[0.39697984603531433, -0.43655842824388]",0.1488447972588841
3,2799,"[0.37897312719787407, 0.6613098867420251]","[0.20033155121842627, 0.8577591891930944]","[0.5774630502153157, 0.4430306726199366]","[1.2905252260425316e-06, 3.980516147389169e-06]","[1.2905275005858918e-06, 3.980517620627566e-06]","[0.39697984603488334, -0.4365584282441769]",0.14884479947343637
3,2800,"[0.37897312461682364, 0.6613098787809928]","[0.20033155121842627, 0.8577591891930944]","[0.5774630476340514, 0.44303066465875707]","[1.2853635287267473e-06, 3.96459436004254e-06]","[1.285365784697845e-06, 3.964595821193129e-06]","[0.3969798460344556, -0.43655842824447144]",0.1488448016791305
3,2801,"[0.37897312204609657, 0.661309870851804]","[0.20033155121842627, 0.8577591891930944]","[0.5774630450631123, 0.44303065672942216]","[1.280222475005805e-06, 3.948736257504439e-06]","[1.280224712241207e-06, 3.948737706760408e-06]","[0.39697984603403147, -0.43655842824476376]",0.14884480387600207
3,2802,"[0.3789731194856516, 0.6613098629543315]","[0.20033155121842627, 0.8577591891930944]","[0.577463042502457, 0.4430306488318046]","[1.2751019822716634e-06, 3.932941585216939e-06]","[1.2751042010039626e-06, 3.932943022644242e-06]","[0.3969798460336107, -0.43655842824505375]",0.14884480606408634
3,2803,"[0.37897311693544766, 0.6613098550884483]","[0.20033155121842627, 0.8577591891930944]","[0.5774630399520443, 0.4430306409657776]","[1.27000196847773e-06, 3.917210089573337e-06]","[1.2700041688296082e-06, 3.917211515214181e-06]","[0.39697984603319325, -0.4365584282453414]",0.1488448082434184
3,2804,"[0.37897311439544373, 0.6613098472540281]","[0.20033155121842627, 0.8577591891930944]","[0.5774630374118332, 0.4430306331312147]","[1.2649223515799883e-06, 3.90154151763698e-06]","[1.2649245337836845e-06, 3.901542931561419e-06]","[0.396979846032779, -0.43655842824562674]",0.1488448104140332
3,2805,"[0.378973111865599, 0.661309839450945]","[0.20033155121842627, 0.8577591891930944]","[0.5774630348817831, 0.44303062532799015]","[1.259863049969413e-06, 3.885935617871116e-06]","[1.259865214153777e-06, 3.88593702010942e-06]","[0.39697984603236813, -0.43655842824590974]",0.1488448125759657
3,2806,"[0.3789731093458729, 0.6613098316790738]","[0.20033155121842627, 0.8577591891930944]","[0.5774630323618533, 0.4430306175559785]","[1.254823982530209e-06, 3.870392139600201e-06]","[1.25482612867156e-06, 3.870393530280847e-06]","[0.3969798460319607, -0.4365584282461905]",0.1488448147292507
3,2807,"[0.3789731068362249, 0.6613098239382895]","[0.20033155121842627, 0.8577591891930944]","[0.5774630298520032, 0.44303060981505493]","[1.249805068221655e-06, 3.854910833271891e-06]","[1.2498071965127977e-06, 3.8549122126085855e-06]","[0.39697984603155645, -0.4365584282464692]",0.1488448168739226
3,2808,"[0.3789731043366148, 0.6613098162284679]","[0.20033155121842627, 0.8577591891930944]","[0.5774630273521926, 0.44303060210509504]","[1.2448062265708808e-06, 3.839491450007446e-06]","[1.244808337019787e-06, 3.839492818069612e-06]","[0.39697984603115555, -0.4365584282467456]",0.14884481901001598
3,2809,"[0.37897310184700234, 0.661309808549485]","[0.20033155121842627, 0.8577591891930944]","[0.5774630248623811, 0.44303059442597503]","[1.2398273772214333e-06, 3.824133742272233e-06]","[1.2398294703119817e-06, 3.824135099084192e-06]","[0.39697984603075753, -0.43655842824701985]",0.14884482113756514
3,2810,"[0.3789730993673476, 0.6613098009012175]","[0.20033155121842627, 0.8577591891930944]","[0.577463022382529, 0.44303058677757157]","[1.2348684403617207e-06, 3.808837463328829e-06]","[1.2348705160092344e-06, 3.8088388089607683e-06]","[0.39697984603036285, -0.43655842824729185]",0.1488448232566042
3,2811,"[0.3789730968976107, 0.6613097932835426]","[0.20033155121842627, 0.8577591891930944]","[0.5774630199125963, 0.4430305791597617]","[1.2299293363017593e-06, 3.7936023674142395e-06]","[1.2299313948416213e-06, 3.793603702006987e-06]","[0.39697984602997116, -0.43655842824756175]",0.14884482536716723
3,2812,"[0.37897309443775207, 0.6613097856963378]","[0.20033155121842627, 0.8577591891930944]","[0.5774630174525434, 0.4430305715724231]","[1.2250099857228573e-06, 3.7784282098697303e-06]","[1.2250120272616627e-06, 3.77842953341867e-06]","[0.3969798460295826, -0.4365584282478294]",0.14884482746928812
3,2813,"[0.3789730919877321, 0.6613097781394813]","[0.20033155121842627, 0.8577591891930944]","[0.5774630150023307, 0.4430305640154338]","[1.2201103096021286e-06, 3.7633147468204505e-06]","[1.2201123342214792e-06, 3.7633160595573756e-06]","[0.3969798460291971, -0.4365584282480951]",0.14884482956300074
3,2814,"[0.37897308954751147, 0.6613097706128518]","[0.20033155121842627, 0.8577591891930944]","[0.5774630125619189, 0.4430305564886725]","[1.2152302292765733e-06, 3.748261735700532e-06]","[1.2152322370062585e-06, 3.7482630375618164e-06]","[0.39697984602881486, -0.43655842824835855]",0.14884483164833862
3,2815,"[0.378973087117051, 0.6613097631163283]","[0.20033155121842627, 0.8577591891930944]","[0.5774630101312688, 0.44303054899201827]","[1.2103696664066185e-06, 3.7332689346369057e-06]","[1.2103716575118106e-06, 3.7332702258474626e-06]","[0.3969798460284355, -0.43655842824862]",0.14884483372533522
3,2816,"[0.3789730846963117, 0.6613097556497904]","[0.20033155121842627, 0.8577591891930944]","[0.5774630077103413, 0.44303054152535076]","[1.2055285430001506e-06, 3.7183361030354066e-06]","[1.2055305175229236e-06, 3.71833738360694e-06]","[0.39697984602805925, -0.43655842824887936]",0.14884483579402402
3,2817,"[0.3789730822852546, 0.6613097482131183]","[0.20033155121842627, 0.8577591891930944]","[0.5774630052990974, 0.44303053408855]","[1.2007067812056858e-06, 3.703463000826123e-06]","[1.2007087396015415e-06, 3.7034642708100307e-06]","[0.39697984602768566, -0.4365584282491366]",0.14884483785443806
3,2818,"[0.37897307988384105, 0.6613097408061923]","[0.20033155121842627, 0.8577591891930944]","[0.5774630028974987, 0.4430305266814964]","[1.1959043037575453e-06, 3.6886493890876023e-06]","[1.1959062456989855e-06, 3.688650648592251e-06]","[0.3969798460273154, -0.43655842824939184]",0.14884483990661068
3,2819,"[0.37897307749203246, 0.6613097334288935]","[0.20033155121842627, 0.8577591891930944]","[0.5774630005055064, 0.44303051930407095]","[1.1911210333734556e-06, 3.673895029832173e-06]","[1.1911229593208894e-06, 3.673896279088318e-06]","[0.3969798460269478, -0.4365584282496452]",0.14884484195057468
3,2820,"[0.3789730751097904, 0.6613097260811035]","[0.20033155121842627, 0.8577591891930944]","[0.5774629981230821, 0.4430305119561553]","[1.1863568933902067e-06, 3.659199686137874e-06]","[1.1863588031402195e-06, 3.659200925099082e-06]","[0.3969798460265834, -0.43655842824989644]",0.14884484398636294
3,2821,"[0.3789730727370766, 0.6613097187627042]","[0.20033155121842627, 0.8577591891930944]","[0.5774629957501876, 0.44303050463763133]","[1.181611807167669e-06, 3.6445631220156744e-06]","[1.181613700884654e-06, 3.644564350757662e-06]","[0.39697984602622194, -0.4365584282501457]",0.14884484601400827
3,2822,"[0.37897307037385297, 0.661309711473578]","[0.20033155121842627, 0.8577591891930944]","[0.5774629933867845, 0.44303049734838146]","[1.1768856985193747e-06, 3.629985102261462e-06]","[1.1768875765594267e-06, 3.629986320974332e-06]","[0.3969798460258631, -0.43655842825039304]",0.14884484803354303
3,2823,"[0.37897306802008157, 0.6613097042136078]","[0.20033155121842627, 0.8577591891930944]","[0.5774629910328352, 0.44303049008828854]","[1.1721784917139386e-06, 3.615465392742801e-06]","[1.1721803541142606e-06, 3.6154666015475456e-06]","[0.3969798460255072, -0.4365584282506385]",0.14884485004499984
3,2824,"[0.3789730656757246, 0.661309696982677]","[0.20033155121842627, 0.8577591891930944]","[0.5774629886883016, 0.4430304828572361]","[1.1674901110280972e-06, 3.6010037603577626e-06]","[1.1674919579984788e-06, 3.6010049591084226e-06]","[0.396979846025154, -0.43655842825088187]",0.14884485204841086
3,2825,"[0.3789730633407444, 0.6613096897806695]","[0.20033155121842627, 0.8577591891930944]","[0.5774629863531462, 0.44303047565510784]","[1.1628204812802468e-06, 3.5865999724728333e-06]","[1.1628223129389603e-06, 3.586601161342795e-06]","[0.39697984602480363, -0.43655842825112334]",0.14884485404380843
3,2826,"[0.3789730610151034, 0.6613096826074696]","[0.20033155121842627, 0.8577591891930944]","[0.5774629840273315, 0.4430304684817882]","[1.1581695274515324e-06, 3.572253798011825e-06]","[1.158171343662584e-06, 3.572254976991207e-06]","[0.39697984602445624, -0.4365584282513628]",0.1488448560312245
3,2827,"[0.37897305869876435, 0.661309675462962]","[0.20033155121842627, 0.8577591891930944]","[0.5774629817108201, 0.4430304613371618]","[1.153537174732433e-06, 3.55796500651652e-06]","[1.1535389757844072e-06, 3.5579661758489145e-06]","[0.3969798460241115, -0.4365584282516005]",0.14884485801069103
3,2828,"[0.37897305639169, 0.661309668347032]","[0.20033155121842627, 0.8577591891930944]","[0.5774629794035748, 0.44303045422111376]","[1.1489233488085524e-06, 3.5437333682063863e-06]","[1.1489251346974427e-06, 3.54373452804424e-06]","[0.3969798460237697, -0.43655842825183644]",0.1488448599822399
3,2829,"[0.3789730540938433, 0.6613096612595653]","[0.20033155121842627, 0.8577591891930944]","[0.5774629771055585, 0.44303044713353007]","[1.1443279756989355e-06, 3.5295586548904106e-06]","[1.1443297466828817e-06, 3.5295598051487964e-06]","[0.3969798460234304, -0.43655842825207036]",0.14884486194590257
3,2830,"[0.37897305180518737, 0.661309654200448]","[0.20033155121842627, 0.8577591891930944]","[0.5774629748167343, 0.44303044007429676]","[1.1397509816040343e-06, 3.515440638694902e-06]","[1.1397527377998706e-06, 3.51544177940033e-06]","[0.3969798460230938, -0.4365584282523024]",0.14884486390171073
3,2831,"[0.3789730495256854, 0.6613096471695666]","[0.20033155121842627, 0.8577591891930944]","[0.5774629725370655, 0.4430304330433003]","[1.1351922928563126e-06, 3.501379092653808e-06]","[1.1351940341075561e-06, 3.501380223980277e-06]","[0.39697984602276015, -0.43655842825253266]",0.14884486584969586
3,2832,"[0.3789730472553008, 0.6613096401668085]","[0.20033155121842627, 0.8577591891930944]","[0.5774629702665153, 0.44303042604042797]","[1.1306518362589566e-06, 3.487373791290681e-06]","[1.1306535629418413e-06, 3.487374913235808e-06]","[0.396979846022429, -0.43655842825276103]",0.14884486778988906
3,2833,"[0.3789730449939971, 0.6613096331920609]","[0.20033155121842627, 0.8577591891930944]","[0.5774629680050473, 0.44303041906556706]","[1.1261295390490369e-06, 3.4734245093315134e-06]","[1.1261312513055621e-06, 3.473425622124715e-06]","[0.39697984602210035, -0.43655842825298774]",0.14884486972232164
3,2834,"[0.378973042741738, 0.661309626245212]","[0.20033155121842627, 0.8577591891930944]","[0.5774629657526251, 0.44303041211860567]","[1.1216253285777037e-06, 3.4595310228933324e-06]","[1.121627026590133e-06, 3.45953212649297e-06]","[0.3969798460217743, -0.43655842825321256]",0.14884487164702453
3,2835,"[0.37897304049848735, 0.6613096193261498]","[0.20033155121842627, 0.8577591891930944]","[0.5774629635092128, 0.44303040519943204]","[1.1171391325305655e-06, 3.445693108547863e-06]","[1.1171408163535013e-06, 3.4456942030192117e-06]","[0.39697984602145087, -0.4365584282534356]",0.14884487356402878
3,2836,"[0.3789730382642091, 0.6613096124347636]","[0.20033155121842627, 0.8577591891930944]","[0.5774629612747741, 0.44303039830793517]","[1.112670878876378e-06, 3.4319105442817243e-06]","[1.1126725484866817e-06, 3.431911629714346e-06]","[0.3969798460211301, -0.43655842825365687]",0.14884487547336517
3,2837,"[0.37897303603886734, 0.6613096055709425]","[0.20033155121842627, 0.8577591891930944]","[0.5774629590492733, 0.44303039144400436]","[1.1082204958283027e-06, 3.4181831086823357e-06]","[1.1082221514913115e-06, 3.4181841850888794e-06]","[0.3969798460208118, -0.43655842825387636]",0.14884487737506422
3,2838,"[0.37897303382242636, 0.6613095987345763]","[0.20033155121842627, 0.8577591891930944]","[0.5774629568326743, 0.44303038460752925]","[1.103787911903267e-06, 3.4045105810775547e-06]","[1.1037895538135167e-06, 3.4045116485414972e-06]","[0.39697984602049596, -0.4365584282540941]",0.14884487926915663
3,2839,"[0.3789730316148505, 0.6613095919255552]","[0.20033155121842627, 0.8577591891930944]","[0.5774629546249419, 0.4430303777984001]","[1.0993730559481558e-06, 3.3908927421014044e-06]","[1.0993746840104457e-06, 3.390893800747641e-06]","[0.39697984602018277, -0.4365584282543101]",0.1488448811556727
3,2840,"[0.3789730294161044, 0.6613095851437697]","[0.20033155121842627, 0.8577591891930944]","[0.5774629524260404, 0.4430303710165075]","[1.0949758569603856e-06, 3.377329372832582e-06]","[1.0949774714164029e-06, 3.3773304226603074e-06]","[0.396979846019872, -0.4365584282545244]",0.14884488303464288
3,2841,"[0.37897302722615267, 0.661309578389111]","[0.20033155121842627, 0.8577591891930944]","[0.5774629502359345, 0.4430303642617424]","[1.0905962444954195e-06, 3.3638202554565086e-06]","[1.090597845421204e-06, 3.363821296675784e-06]","[0.3969798460195637, -0.4365584282547371]",0.1488448849060973
3,2842,"[0.37897302504496017, 0.6613095716614704]","[0.20033155121842627, 0.8577591891930944]","[0.5774629480545892, 0.44303035753399633]","[1.0862341482727e-06, 3.3503651728566248e-06]","[1.0862357355256869e-06, 3.350366205523425e-06]","[0.39697984601925806, -0.43655842825494817]",0.14884488677006605
3,2843,"[0.37897302287249185, 0.6613095649607401]","[0.20033155121842627, 0.8577591891930944]","[0.5774629458819691, 0.44303035083316145]","[1.0818894979763277e-06, 3.3369639091946577e-06]","[1.0818910720633568e-06, 3.33696493315383e-06]","[0.39697984601895453, -0.43655842825515734]",0.1488448886265789
3,2844,"[0.37897302070871286, 0.6613095582868123]","[0.20033155121842627, 0.8577591891930944]","[0.5774629437180396, 0.4430303441591298]","[1.0775622241112119e-06, 3.3236162488360633e-06]","[1.0775637849791408e-06, 3.3236172642947537e-06]","[0.39697984601865355, -0.43655842825536495]",0.14884489047566585
3,2845,"[0.3789730185535884, 0.6613095516395797]","[0.20033155121842627, 0.8577591891930944]","[0.5774629415627659, 0.4430303375117943]","[1.073252257028825e-06, 3.3103219775510113e-06]","[1.0732538047175666e-06, 3.3103229844511084e-06]","[0.396979846018355, -0.4365584282555708]",0.14884489231735654
3,2846,"[0.37897301640708386, 0.6613095450189358]","[0.20033155121842627, 0.8577591891930944]","[0.5774629394161133, 0.44303033089104826]","[1.0689595275888157e-06, 3.297080881934064e-06]","[1.0689610622227619e-06, 3.2970818804600732e-06]","[0.3969798460180588, -0.43655842825577507]",0.14884489415168062
3,2847,"[0.3789730142691648, 0.661309538424774]","[0.20033155121842627, 0.8577591891930944]","[0.5774629372780472, 0.4430303242967851]","[1.0646839668888844e-06, 3.2838927491103886e-06]","[1.0646854887164103e-06, 3.283893739380872e-06]","[0.3969798460177648, -0.4365584282559778]",0.14884489597866743
3,2848,"[0.37897301213979684, 0.6613095318569885]","[0.20033155121842627, 0.8577591891930944]","[0.5774629351485334, 0.443030317728899]","[1.0604255061649078e-06, 3.270757367219547e-06]","[1.0604270152536621e-06, 3.2707583493274406e-06]","[0.39697984601747316, -0.43655842825617897]",0.14884489779834648
3,2849,"[0.37897301001894584, 0.6613095253154737]","[0.20033155121842627, 0.8577591891930944]","[0.5774629330275378, 0.4430303111872845]","[1.0561840772281776e-06, 3.2576745254219816e-06]","[1.0561855735558012e-06, 3.257675499357404e-06]","[0.39697984601718395, -0.4365584282563785]",0.14884489961074682
3,2850,"[0.3789730079065777, 0.6613095188001247]","[0.20033155121842627, 0.8577591891930944]","[0.5774629309150262, 0.44303030467183646]","[1.0519596118186251e-06, 3.2446440135376268e-06]","[1.051961095455134e-06, 3.2446449794165666e-06]","[0.39697984601689706, -0.4365584282565764]",0.1488449014158977
3,2851,"[0.37897300580265847, 0.6613095123108367]","[0.20033155121842627, 0.8577591891930944]","[0.5774629288109647, 0.44303029818245027]","[1.0477520420861825e-06, 3.2316656223466647e-06]","[1.0477535131170335e-06, 3.2316665802278877e-06]","[0.3969798460166125, -0.4365584282567728]",0.1488449032138281
3,2852,"[0.37897300370715437, 0.6613095058475055]","[0.20033155121842627, 0.8577591891930944]","[0.5774629267153194, 0.4430302917190217]","[1.0435613004495793e-06, 3.2187391432388785e-06]","[1.043562759095451e-06, 3.2187400930694388e-06]","[0.3969798460163301, -0.43655842825696756]",0.14884490500456682
3,2853,"[0.3789730016200318, 0.6613094994100271]","[0.20033155121842627, 0.8577591891930944]","[0.5774629246280567, 0.4430302852814467]","[1.039387319675093e-06, 3.20586436841952e-06]","[1.0393887661108714e-06, 3.2058653103850254e-06]","[0.39697984601604985, -0.43655842825716085]",0.14884490678814272
3,2854,"[0.3789729995412571, 0.6613094929982984]","[0.20033155121842627, 0.8577591891930944]","[0.577462922549143, 0.4430302788696222]","[1.035230032720483e-06, 3.1930410913859208e-06]","[1.0352314671058238e-06, 3.1930420253956093e-06]","[0.39697984601577174, -0.43655842825735247]",0.14884490856458432
3,2855,"[0.37897299747079705, 0.6613094866122162]","[0.20033155121842627, 0.8577591891930944]","[0.5774629204785451, 0.44303027248344484]","[1.0310893728794673e-06, 3.1802691059337644e-06]","[1.0310907950783488e-06, 3.1802700322658417e-06]","[0.3969798460154961, -0.43655842825754276]",0.14884491033392033
3,2856,"[0.3789729954086183, 0.661309480251678]","[0.20033155121842627, 0.8577591891930944]","[0.5774629184162295, 0.44303026612281227]","[1.0269652735824264e-06, 3.1675482070847717e-06]","[1.0269666837481317e-06, 3.1675491257154853e-06]","[0.3969798460152225, -0.4365584282577315]",0.1488449120961791
3,2857,"[0.37897299335468776, 0.6613094739165816]","[0.20033155121842627, 0.8577591891930944]","[0.5774629163621634, 0.4430302597876222]","[1.0228576686843513e-06, 3.1548781902819823e-06]","[1.022859066779347e-06, 3.154879101241459e-06]","[0.3969798460149513, -0.4365584282579187]",0.14884491385138893
3,2858,"[0.37897299130897244, 0.6613094676068252]","[0.20033155121842627, 0.8577591891930944]","[0.5774629143163135, 0.443030253477773]","[1.0187664921081704e-06, 3.1422588522988567e-06]","[1.0187678784467913e-06, 3.1422597556729492e-06]","[0.39697984601468206, -0.4365584282581044]",0.148844915599578
3,2859,"[0.37897298927143946, 0.6613094613223075]","[0.20033155121842627, 0.8577591891930944]","[0.577462912278647, 0.4430302471931632]","[1.0146916782869168e-06, 3.129689990280245e-06]","[1.0146930528032172e-06, 3.129690886061187e-06]","[0.39697984601441505, -0.4365584282582886]",0.14884491734077435
3,2860,"[0.3789729872420561, 0.6613094550629275]","[0.20033155121842627, 0.8577591891930944]","[0.5774629102491311, 0.4430302409336918]","[1.0106331616562356e-06, 3.117171402251495e-06]","[1.0106345245675108e-06, 3.1171722905121158e-06]","[0.39697984601415004, -0.43655842825847135]",0.14884491907500602
3,2861,"[0.37897298522078976, 0.6613094488285847]","[0.20033155121842627, 0.8577591891930944]","[0.5774629082277334, 0.4430302346992583]","[1.0065908771478982e-06, 3.1047028872272374e-06]","[1.0065922284585582e-06, 3.1047037681308787e-06]","[0.39697984601388725, -0.43655842825865276]",0.14884492080230088
3,2862,"[0.378972983207608, 0.6613094426191789]","[0.20033155121842627, 0.8577591891930944]","[0.5774629062144213, 0.4430302284897626]","[1.0025647598193658e-06, 3.092284244936438e-06]","[1.0025660995838237e-06, 3.092285118466709e-06]","[0.39697984601362657, -0.4365584282588326]",0.14884492252268666
3,2863,"[0.3789729812024785, 0.6613094364346104]","[0.20033155121842627, 0.8577591891930944]","[0.5774629042091625, 0.4430302223051048]","[9.985547449822563e-07, 3.079915275774431e-06]","[9.985560733838383e-07, 3.07991614206804e-06]","[0.3969798460133679, -0.43655842825901114]",0.148844924236191
3,2864,"[0.37897297920536904, 0.6613094302747798]","[0.20033155121842627, 0.8577591891930944]","[0.5774629022119246, 0.44303021614518573]","[9.945607683159545e-07, 3.0675957813143304e-06]","[9.945620854656667e-07, 3.067596640371484e-06]","[0.3969798460131112, -0.4365584282591882]",0.14884492594284138
3,2865,"[0.3789729772162475, 0.6613094241395883]","[0.20033155121842627, 0.8577591891930944]","[0.5774629002226759, 0.4430302100099063]","[9.90582765576345e-07, 3.0553255634866635e-06]","[9.905840713808622e-07, 3.0553264154242754e-06]","[0.39697984601285674, -0.436558428259364]",0.14884492764266527
3,2866,"[0.378972975235082, 0.6613094180289372]","[0.20033155121842627, 0.8577591891930944]","[0.5774628982413841, 0.44303020389916803]","[9.86620672922518e-07, 3.043104425288552e-06]","[9.86621967680179e-07, 3.0431052701063166e-06]","[0.39697984601260417, -0.4365584282595383]",0.14884492933568994
3,2867,"[0.37897297326184065, 0.6613094119427283]","[0.20033155121842627, 0.8577591891930944]","[0.5774628962680175, 0.4430301978128727]","[9.826744267812432e-07, 3.030932170202086e-06]","[9.82675710414771e-07, 3.0309330080191543e-06]","[0.3969798460123537, -0.43655842825971125]",0.1488449310219426
3,2868,"[0.3789729712964918, 0.661309405880864]","[0.20033155121842627, 0.8577591891930944]","[0.5774628943025444, 0.4430301917509226]","[9.787439637046194e-07, 3.0188086029544137e-06]","[9.78745236468459e-07, 3.018809433597003e-06]","[0.3969798460121051, -0.43655842825988267]",0.14884493270145024
3,2869,"[0.3789729693390039, 0.6613093998432468]","[0.20033155121842627, 0.8577591891930944]","[0.5774628923449331, 0.44303018571322034]","[9.748292205688185e-07, 3.0067335287241107e-06]","[9.74830482614042e-07, 3.0067343524398105e-06]","[0.39697984601185843, -0.43655842826005287]",0.14884493437423998
3,2870,"[0.37897296738934544, 0.6613093938297797]","[0.20033155121842627, 0.8577591891930944]","[0.5774628903951523, 0.44303017969966885]","[9.709301346291523e-07, 2.9947067534755664e-06]","[9.709313859573854e-07, 2.994707570314059e-06]","[0.39697984601161374, -0.43655842826022173]",0.1488449360403387
3,2871,"[0.37897296544748516, 0.6613093878403662]","[0.20033155121842627, 0.8577591891930944]","[0.5774628884531707, 0.44303017371017156]","[9.670466431389106e-07, 2.982728084008851e-06]","[9.670478837153773e-07, 2.9827288940409424e-06]","[0.39697984601137115, -0.43655842826038926]",0.14884493769977306
3,2872,"[0.3789729635133919, 0.6613093818749101]","[0.20033155121842627, 0.8577591891930944]","[0.577462886518957, 0.44303016774463233]","[9.63178683845647e-07, 2.9707973280556577e-06]","[9.631799138820618e-07, 2.9707981313298326e-06]","[0.39697984601113034, -0.43655842826055546]",0.14884493935256976
3,2873,"[0.37897296158703453, 0.6613093759333154]","[0.20033155121842627, 0.8577591891930944]","[0.5774628845924803, 0.44303016180295524]","[9.593261946491409e-07, 2.9589142938933866e-06]","[9.59327414118416e-07, 2.958915090389702e-06]","[0.39697984601089154, -0.43655842826072033]",0.1488449409987554
3,2874,"[0.3789729596683821, 0.6613093700154868]","[0.20033155121842627, 0.8577591891930944]","[0.5774628826737094, 0.4430301558850449]","[9.55489113542002e-07, 2.9470787906814355e-06]","[9.554903226405287e-07, 2.9470795804842354e-06]","[0.3969798460106545, -0.43655842826088387]",0.1488449426383563
3,2875,"[0.3789729577574039, 0.6613093641213292]","[0.20033155121842627, 0.8577591891930944]","[0.5774628807626137, 0.44303014999080614]","[9.516673790696232e-07, 2.935290628081631e-06]","[9.516685777755107e-07, 2.935291411321206e-06]","[0.39697984601041947, -0.4365584282610462]",0.148844944271399
3,2876,"[0.37897295585406915, 0.661309358250748]","[0.20033155121842627, 0.8577591891930944]","[0.5774628788591623, 0.4430301441201444]","[9.478609295925602e-07, 2.92354961705938e-06]","[9.478621181280289e-07, 2.9235503937186103e-06]","[0.3969798460101862, -0.43655842826120717]",0.14884494589790948
3,2877,"[0.3789729539583473, 0.6613093524036487]","[0.20033155121842627, 0.8577591891930944]","[0.5774628769633248, 0.44303013827296533]","[9.440697043292301e-07, 2.9118555688763587e-06]","[9.440708825803057e-07, 2.9118563389385343e-06]","[0.39697984600995495, -0.4365584282613668]",0.14884494751791405
3,2878,"[0.37897295207020787, 0.6613093465799376]","[0.20033155121842627, 0.8577591891930944]","[0.5774628750750705, 0.443030132449175]","[9.402936420816966e-07, 2.9002082956095235e-06]","[9.402948103476305e-07, 2.9002090590757312e-06]","[0.39697984600972536, -0.43655842826152513]",0.14884494913143864
3,2879,"[0.37897295018962057, 0.661309340779521]","[0.20033155121842627, 0.8577591891930944]","[0.5774628731943694, 0.4430301266486798]","[9.36532682419494e-07, 2.8886076102209816e-06]","[9.365338407008039e-07, 2.888608367335177e-06]","[0.39697984600949765, -0.43655842826168234]",0.14884495073850923
3,2880,"[0.3789729483165552, 0.6613093350023057]","[0.20033155121842627, 0.8577591891930944]","[0.577462871321191, 0.4430301208713866]","[9.327867648924498e-07, 2.8770533264493834e-06]","[9.327879134102268e-07, 2.8770540771438924e-06]","[0.3969798460092716, -0.4365584282618382]",0.14884495233915163
3,2881,"[0.3789729464509817, 0.6613093292481991]","[0.20033155121842627, 0.8577591891930944]","[0.5774628694555055, 0.4430301151172026]","[9.290558293666395e-07, 2.865545258680819e-06]","[9.290569678577221e-07, 2.8655460031501434e-06]","[0.3969798460090477, -0.436558428261993]",0.14884495393339153
3,2882,"[0.37897294459287, 0.6613093235171086]","[0.20033155121842627, 0.8577591891930944]","[0.5774628675972826, 0.4430301093860354]","[9.25339815905307e-07, 2.854083222072258e-06]","[9.253409448128913e-07, 2.8540839602242407e-06]","[0.3969798460088252, -0.4365584282621464]",0.14884495552125449
3,2883,"[0.3789729427421904, 0.6613093178089421]","[0.20033155121842627, 0.8577591891930944]","[0.5774628657464927, 0.4430301036777927]","[9.216386648930169e-07, 2.8426670323660294e-06]","[9.216397839906243e-07, 2.842667764346718e-06]","[0.3969798460086047, -0.43655842826229874]",0.14884495710276618
3,2884,"[0.3789729408989131, 0.661309312123608]","[0.20033155121842627, 0.8577591891930944]","[0.5774628639031061, 0.4430300979923831]","[9.179523168617827e-07, 2.8312965063131906e-06]","[9.179534262160338e-07, 2.8312972321642427e-06]","[0.396979846008386, -0.43655842826244984]",0.1488449586779519
3,2885,"[0.37897293906300844, 0.6613093064610149]","[0.20033155121842627, 0.8577591891930944]","[0.5774628620670929, 0.44303009232971513]","[9.142807124819035e-07, 2.8199714612221562e-06]","[9.142818123697438e-07, 2.8199721808230827e-06]","[0.3969798460081688, -0.4365584282625996]",0.14884496024683685
3,2886,"[0.378972937234447, 0.661309300821072]","[0.20033155121842627, 0.8577591891930944]","[0.5774628602384237, 0.44303008668969784]","[9.106237929578195e-07, 2.8086917151609134e-06]","[9.106248833878894e-07, 2.808692428690751e-06]","[0.39697984600795344, -0.43655842826274827]",0.1488449618094464
3,2887,"[0.37897293541319943, 0.6613092952036885]","[0.20033155121842627, 0.8577591891930944]","[0.5774628584170693, 0.4430300810722406]","[9.069814994429995e-07, 2.7974570870353524e-06]","[9.069825804286502e-07, 2.7974577945788504e-06]","[0.39697984600773983, -0.4365584282628958]",0.14884496336580555
3,2888,"[0.37897293359923645, 0.6613092896087743]","[0.20033155121842627, 0.8577591891930944]","[0.5774628566030005, 0.44303007547725326]","[9.033537735964237e-07, 2.786267396323404e-06]","[9.033548451498064e-07, 2.7862680979096055e-06]","[0.396979846007528, -0.43655842826304214]",0.1488449649159394
3,2889,"[0.3789729317925289, 0.6613092840362396]","[0.20033155121842627, 0.8577591891930944]","[0.5774628547961878, 0.44303006990464594]","[8.99740556905025e-07, 2.775122463322571e-06]","[8.99741619264649e-07, 2.775123158937909e-06]","[0.3969798460073177, -0.43655842826318725]",0.14884496645987266
3,2890,"[0.37897292999304777, 0.6613092784859946]","[0.20033155121842627, 0.8577591891930944]","[0.5774628529966024, 0.443030064354329]","[8.961417915957188e-07, 2.7640221089455775e-06]","[8.961428446530029e-07, 2.764022798695809e-06]","[0.3969798460071092, -0.43655842826333124]",0.14884496799763036
3,2891,"[0.37897292820076417, 0.6613092729579504]","[0.20033155121842627, 0.8577591891930944]","[0.5774628512042153, 0.4430300588262133]","[8.925574196678063e-07, 2.7529661549103084e-06]","[8.925584638053152e-07, 2.7529668388259765e-06]","[0.39697984600690217, -0.43655842826347413]",0.14884496952923706
3,2892,"[0.37897292641564934, 0.6613092674520181]","[0.20033155121842627, 0.8577591891930944]","[0.5774628494189978, 0.44303005332021017]","[8.889873838927139e-07, 2.741954423672868e-06]","[8.889884188234554e-07, 2.7419551018592614e-06]","[0.396979846006697, -0.4365584282636159]",0.14884497105471742
3,2893,"[0.37897292463767457, 0.6613092619681092]","[0.20033155121842627, 0.8577591891930944]","[0.5774628476409213, 0.443030047836231]","[8.854316265518868e-07, 2.730986738224772e-06]","[8.854326525309375e-07, 2.730987410604069e-06]","[0.3969798460064934, -0.43655842826375646]",0.14884497257409587
3,2894,"[0.37897292286681133, 0.6613092565061358]","[0.20033155121842627, 0.8577591891930944]","[0.577462845869957, 0.44303004237418786]","[8.818900908021375e-07, 2.7200629226257155e-06]","[8.818911079178093e-07, 2.7200635892565828e-06]","[0.3969798460062913, -0.4365584282638959]",0.1488449740873969
3,2895,"[0.37897292110303116, 0.66130925106601]","[0.20033155121842627, 0.8577591891930944]","[0.5774628441060765, 0.44303003693399284]","[8.783627196566051e-07, 2.709182801181347e-06]","[8.78363728140652e-07, 2.709183462235032e-06]","[0.3969798460060907, -0.43655842826403435]",0.14884497559464477
3,2896,"[0.3789729193463057, 0.6613092456476444]","[0.20033155121842627, 0.8577591891930944]","[0.5774628423492516, 0.44303003151555853]","[8.748494564630057e-07, 2.6983461990705274e-06]","[8.748504563005355e-07, 2.6983468545682676e-06]","[0.39697984600589176, -0.4365584282641717]",0.14884497709586378
3,2897,"[0.37897291759660684, 0.661309240250952]","[0.20033155121842627, 0.8577591891930944]","[0.5774628405994542, 0.443030026118798]","[8.71350244955968e-07, 2.687552942382102e-06]","[8.713512358871078e-07, 2.687553592339853e-06]","[0.3969798460056947, -0.4365584282643079]",0.14884497859107798
3,2898,"[0.37897291585390636, 0.661309234875846]","[0.20033155121842627, 0.8577591891930944]","[0.5774628388566558, 0.4430300207436245]","[8.678650287186744e-07, 2.6768028576250845e-06]","[8.678660111116621e-07, 2.6768035020774406e-06]","[0.39697984600549896, -0.436558428264443]",0.14884498008031138
3,2899,"[0.3789729141181763, 0.6613092295222404]","[0.20033155121842627, 0.8577591891930944]","[0.5774628371208286, 0.4430300153899518]","[8.643937518245538e-07, 2.666095772445734e-06]","[8.643947259079354e-07, 2.6660964114744168e-06]","[0.39697984600530456, -0.43655842826457714]",0.14884498156358783
3,2900,"[0.3789729123893888, 0.6613092241900488]","[0.20033155121842627, 0.8577591891930944]","[0.5774628353919449, 0.4430300100576937]","[8.609363587334166e-07, 2.6554315144157998e-06]","[8.609373240986429e-07, 2.6554321480021237e-06]","[0.39697984600511216, -0.43655842826471014]",0.14884498304093136
3,2901,"[0.3789729106675161, 0.6613092188791857]","[0.20033155121842627, 0.8577591891930944]","[0.5774628336699767, 0.4430300047467646]","[8.574927936821301e-07, 2.6448099123594944e-06]","[8.574937504501889e-07, 2.6448105406307043e-06]","[0.3969798460049213, -0.43655842826484215]",0.1488449845123656
3,2902,"[0.3789729089525305, 0.6613092135895658]","[0.20033155121842627, 0.8577591891930944]","[0.5774628319548963, 0.4430299994570793]","[8.540630013680202e-07, 2.63423079580256e-06]","[8.540639498955116e-07, 2.6342314187188798e-06]","[0.3969798460047317, -0.43655842826497304]",0.14884498597791407
3,2903,"[0.37897290724440447, 0.6613092083211043]","[0.20033155121842627, 0.8577591891930944]","[0.5774628302466762, 0.4430299941885528]","[8.506469267840042e-07, 2.623693994858456e-06]","[8.506478672010154e-07, 2.6236946125135496e-06]","[0.3969798460045435, -0.43655842826510294]",0.14884498743760038
3,2904,"[0.37897290554311064, 0.6613092030737163]","[0.20033155121842627, 0.8577591891930944]","[0.5774628285452892, 0.44302998894110046]","[8.472445152980419e-07, 2.6131993401633033e-06]","[8.472454473551494e-07, 2.613199952483658e-06]","[0.3969798460043571, -0.4365584282652317]",0.14884498889144807
3,2905,"[0.3789729038486216, 0.6613091978473177]","[0.20033155121842627, 0.8577591891930944]","[0.5774628268507076, 0.4430299837146379]","[8.438557118210475e-07, 2.602746663142744e-06]","[8.43856635790452e-07, 2.602747270208372e-06]","[0.396979846004172, -0.4365584282653595]",0.14884499033948037
3,2906,"[0.3789729021609102, 0.6613091926418243]","[0.20033155121842627, 0.8577591891930944]","[0.5774628251629044, 0.4430299785090811]","[8.404804622936929e-07, 2.5923357957296427e-06]","[8.404813782170173e-07, 2.592336397710948e-06]","[0.3969798460039884, -0.4365584282654864]",0.14884499178172073
3,2907,"[0.37897290047994925, 0.6613091874571527]","[0.20033155121842627, 0.8577591891930944]","[0.5774628234818524, 0.4430299733243466]","[8.371187123713594e-07, 2.581966570926729e-06]","[8.371196202339171e-07, 2.5819671677362876e-06]","[0.3969798460038063, -0.4365584282656122]",0.14884499321819206
3,2908,"[0.37897289880571183, 0.6613091822932196]","[0.20033155121842627, 0.8577591891930944]","[0.5774628218075246, 0.443029968160351]","[8.337704081245764e-07, 2.5716388219620805e-06]","[8.337713081063569e-07, 2.571639413806448e-06]","[0.39697984600362557, -0.4365584282657371]",0.14884499464891765
3,2909,"[0.378972897138171, 0.6613091771499419]","[0.20033155121842627, 0.8577591891930944]","[0.5774628201398941, 0.4430299630170114]","[8.304354957178234e-07, 2.5613523830826775e-06]","[8.304363878219867e-07, 2.5613529698320647e-06]","[0.39697984600344627, -0.4365584282658609]",0.14884499607392038
3,2910,"[0.3789728954773, 0.661309172027237]","[0.20033155121842627, 0.8577591891930944]","[0.5774628184789342, 0.44302995789424515]","[8.271139215769984e-07, 2.551107089029671e-06]","[8.271148058680566e-07, 2.5511076708339964e-06]","[0.3969798460032684, -0.4365584282659838]",0.1488449974932231
3,2911,"[0.37897289382307214, 0.6613091669250228]","[0.20033155121842627, 0.8577591891930944]","[0.5774628168246182, 0.44302995279197]","[8.238056324087512e-07, 2.5409027752654026e-06]","[8.238065088428392e-07, 2.540903352110657e-06]","[0.3969798460030921, -0.4365584282661057]",0.14884499890684882
3,2912,"[0.3789728921754609, 0.6613091618432173]","[0.20033155121842627, 0.8577591891930944]","[0.5774628151769194, 0.44302994771010407]","[8.205105750824502e-07, 2.5307392779571958e-06]","[8.205114437886962e-07, 2.5307398497376177e-06]","[0.39697984600291714, -0.4365584282662265]",0.14884500031481995
3,2913,"[0.3789728905344397, 0.6613091567817387]","[0.20033155121842627, 0.8577591891930944]","[0.5774628135358115, 0.44302994264856554]","[8.172286966837082e-07, 2.5206164336505195e-06]","[8.17229557636967e-07, 2.520617000512093e-06]","[0.3969798460027436, -0.4365584282663464]",0.1488450017171593
3,2914,"[0.3789728888999823, 0.6613091517405059]","[0.20033155121842627, 0.8577591891930944]","[0.5774628119012679, 0.44302993760727316]","[8.139599444023472e-07, 2.510534079846461e-06]","[8.139607979851249e-07, 2.510534641897433e-06]","[0.3969798460025712, -0.4365584282664654]",0.14884500311388932
3,2915,"[0.3789728872720624, 0.6613091467194377]","[0.20033155121842627, 0.8577591891930944]","[0.5774628102732625, 0.44302993258614604]","[8.107042658971113e-07, 2.5004920546762764e-06]","[8.10705112042065e-07, 2.5004926118565862e-06]","[0.3969798460024002, -0.4365584282665834]",0.1488450045050324
3,2916,"[0.3789728856506539, 0.6613091417184537]","[0.20033155121842627, 0.8577591891930944]","[0.5774628086517692, 0.4430299275851034]","[8.074616089542932e-07, 2.490490196725487e-06]","[8.074624476273051e-07, 2.490490749129659e-06]","[0.3969798460022307, -0.43655842826670055]",0.14884500589061112
3,2917,"[0.3789728840357307, 0.6613091367374733]","[0.20033155121842627, 0.8577591891930944]","[0.5774628070367619, 0.44302992260406493]","[8.042319213316306e-07, 2.480528345213121e-06]","[8.042327527268966e-07, 2.480528892845335e-06]","[0.3969798460020624, -0.4365584282668167]",0.14884500727064748
3,2918,"[0.37897288242726684, 0.6613091317764166]","[0.20033155121842627, 0.8577591891930944]","[0.5774628054282147, 0.44302991764295063]","[8.010151511615498e-07, 2.4706063403110324e-06]","[8.010159749938239e-07, 2.470606883242521e-06]","[0.39697984600189573, -0.4365584282669319]",0.1488450086451638
3,2919,"[0.37897288082523656, 0.6613091268352039]","[0.20033155121842627, 0.8577591891930944]","[0.5774628038261017, 0.4430299127016808]","[7.978112468178963e-07, 2.4607240225393466e-06]","[7.978120633023167e-07, 2.4607245608376793e-06]","[0.3969798460017303, -0.4365584282670463]",0.1488450100141821
3,2920,"[0.3789728792296141, 0.6613091219137559]","[0.20033155121842627, 0.8577591891930944]","[0.5774628022303971, 0.44302990778017604]","[7.946201568669784e-07, 2.450881233198492e-06]","[7.946209661380266e-07, 2.4508817668689176e-06]","[0.3969798460015661, -0.43655842826715974]",0.14884501137772438
3,2921,"[0.3789728776403738, 0.6613091170119935]","[0.20033155121842627, 0.8577591891930944]","[0.5774628006410754, 0.4430299028783573]","[7.914418300124491e-07, 2.4410778142051793e-06]","[7.914426322086499e-07, 2.441078343295988e-06]","[0.3969798460014031, -0.4365584282672723]",0.14884501273581258
3,2922,"[0.37897287605749014, 0.6613091121298378]","[0.20033155121842627, 0.8577591891930944]","[0.5774627990581109, 0.4430298979961458]","[7.88276215292162e-07, 2.43131360787146e-06]","[7.882770102773939e-07, 2.4313141324672216e-06]","[0.3969798460012416, -0.436558428267384]",0.14884501408846845
3,2923,"[0.3789728744809377, 0.6613091072672106]","[0.20033155121842627, 0.8577591891930944]","[0.5774627974814783, 0.4430298931334632]","[7.851232617013568e-07, 2.4215884577304416e-06]","[7.851240496625778e-07, 2.4215889778411714e-06]","[0.39697984600108127, -0.4365584282674948]",0.14884501543571377
3,2924,"[0.37897287291069115, 0.6613091024240336]","[0.20033155121842627, 0.8577591891930944]","[0.5774627959111522, 0.44302988829023127]","[7.819829187584073e-07, 2.4119022072030798e-06]","[7.819836997935425e-07, 2.41190272282088e-06]","[0.3969798460009222, -0.4365584282676047]",0.14884501677757014
3,2925,"[0.3789728713467253, 0.6613090976002292]","[0.20033155121842627, 0.8577591891930944]","[0.5774627943471076, 0.4430298834663723]","[7.788551359957199e-07, 2.4022547008225358e-06]","[7.788559099886072e-07, 2.402255211975124e-06]","[0.3969798460007645, -0.43655842826771374]",0.1488450181140592
3,2926,"[0.378972869789015, 0.6613090927957197]","[0.20033155121842627, 0.8577591891930944]","[0.577462792789319, 0.44302987866180876]","[7.757398631738837e-07, 2.392645783677676e-06]","[7.757406302877357e-07, 2.39264629037228e-06]","[0.396979846000608, -0.4365584282678219]",0.1488450194452023
3,2927,"[0.3789728682375353, 0.6613090880104281]","[0.20033155121842627, 0.8577591891930944]","[0.5774627912377616, 0.44302987387646353]","[7.726370502704696e-07, 2.3830753014297627e-06]","[7.726378107308918e-07, 2.383075803691348e-06]","[0.39697984600045255, -0.4365584282679291]",0.14884502077102085
3,2928,"[0.3789728666922612, 0.6613090832442775]","[0.20033155121842627, 0.8577591891930944]","[0.5774627896924105, 0.4430298691102597]","[7.695466475269793e-07, 2.3735431003910098e-06]","[7.695474011359948e-07, 2.3735435983329722e-06]","[0.39697984600029856, -0.4365584282680356]",0.1488450220915362
3,2929,"[0.3789728651531679, 0.6613090784971913]","[0.20033155121842627, 0.8577591891930944]","[0.5774627881532407, 0.44302986436312075]","[7.664686051935801e-07, 2.3640490274250375e-06]","[7.664693522646537e-07, 2.3640495210308643e-06]","[0.3969798460001456, -0.4365584282681412]",0.1488450234067695
3,2930,"[0.3789728636202307, 0.6613090737690933]","[0.20033155121842627, 0.8577591891930944]","[0.5774627866202277, 0.4430298596349703]","[7.634028738902777e-07, 2.3545929299412734e-06]","[7.634036143233658e-07, 2.3545934192958917e-06]","[0.3969798459999939, -0.436558428268246]",0.14884502471674194
3,2931,"[0.37897286209342496, 0.6613090690599075]","[0.20033155121842627, 0.8577591891930944]","[0.5774627850933467, 0.44302985492573255]","[7.603494044191337e-07, 2.345174656120593e-06]","[7.603501382402733e-07, 2.3451751411940336e-06]","[0.3969798459998435, -0.4365584282683499]",0.14884502602147454
3,2932,"[0.37897286057272617, 0.6613090643695582]","[0.20033155121842627, 0.8577591891930944]","[0.5774627835725733, 0.4430298502353316]","[7.573081476820598e-07, 2.3357940544632724e-06]","[7.573088749435186e-07, 2.3357945354574028e-06]","[0.39697984599969427, -0.43655842826845315]",0.14884502732098834
3,2933,"[0.37897285905810985, 0.66130905969797]","[0.20033155121842627, 0.8577591891930944]","[0.5774627820578829, 0.4430298455636923]","[7.542790547680961e-07, 2.326450974533013e-06]","[7.542797755832886e-07, 2.3264514513732237e-06]","[0.39697984599954617, -0.4365584282685555]",0.14884502861530402
3,2934,"[0.37897285754955173, 0.6613090550450681]","[0.20033155121842627, 0.8577591891930944]","[0.5774627805492514, 0.4430298409107396]","[7.512620771461682e-07, 2.3171452661446774e-06]","[7.512627915318149e-07, 2.3171457387838323e-06]","[0.3969798459993993, -0.436558428268657]",0.1488450299044426
3,2935,"[0.3789728560470276, 0.6613090504107776]","[0.20033155121842627, 0.8577591891930944]","[0.5774627790466544, 0.4430298362763987]","[7.482571664263042e-07, 2.30787677981796e-06]","[7.4825787421684e-07, 2.307877248475254e-06]","[0.39697984599925373, -0.4365584282687578]",0.1488450311884246
3,2936,"[0.3789728545505132, 0.661309045795024]","[0.20033155121842627, 0.8577591891930944]","[0.5774627775500678, 0.4430298316605952]","[7.452642741341716e-07, 2.298645366717834e-06]","[7.452649756212182e-07, 2.2986458312890257e-06]","[0.3969798459991092, -0.4365584282688577]",0.14884503246727077
3,2937,"[0.3789728530599847, 0.6613090411977333]","[0.20033155121842627, 0.8577591891930944]","[0.5774627760594675, 0.4430298270632549]","[7.42283352396163e-07, 2.2894508784718483e-06]","[7.422840477278037e-07, 2.289451338899351e-06]","[0.39697984599896563, -0.43655842826895674]",0.14884503374100153
3,2938,"[0.378972851575418, 0.6613090366188316]","[0.20033155121842627, 0.8577591891930944]","[0.5774627745748298, 0.443029822484304]","[7.393143533189021e-07, 2.2802931675754796e-06]","[7.393150422418948e-07, 2.2802936240351457e-06]","[0.3969798459988235, -0.4365584282690551]",0.14884503500963747
3,2939,"[0.37897285009678927, 0.6613090320582452]","[0.20033155121842627, 0.8577591891930944]","[0.5774627730961304, 0.44302981792366886]","[7.363572290507561e-07, 2.2711720866417076e-06]","[7.363579120345243e-07, 2.27117253914777e-06]","[0.3969798459986822, -0.4365584282691527]",0.14884503627319887
3,2940,"[0.3789728486240748, 0.661309027515901]","[0.20033155121842627, 0.8577591891930944]","[0.577462771623346, 0.44302981338127634]","[7.334119323381506e-07, 2.262087489379897e-06]","[7.334126089220128e-07, 2.262087937854318e-06]","[0.3969798459985424, -0.4365584282692494]",0.14884503753170614
3,2941,"[0.37897284715725094, 0.6613090229917261]","[0.20033155121842627, 0.8577591891930944]","[0.5774627701564526, 0.4430298088570534]","[7.304784156146313e-07, 2.253039229850125e-06]","[7.304790862194821e-07, 2.2530396744380177e-06]","[0.3969798459984034, -0.43655842826934543]",0.14884503878517935
3,2942,"[0.3789728456962941, 0.6613090184856476]","[0.20033155121842627, 0.8577591891930944]","[0.5774627686954268, 0.4430298043509272]","[7.275566319956429e-07, 2.2440271624080464e-06]","[7.275572967424537e-07, 2.2440276032376083e-06]","[0.3969798459982654, -0.4365584282694408]",0.14884504003363874
3,2943,"[0.37897284424118083, 0.6613090139975932]","[0.20033155121842627, 0.8577591891930944]","[0.5774627672402453, 0.4430297998628256]","[7.246465345926286e-07, 2.235051142612214e-06]","[7.246471931399157e-07, 2.2350515795355186e-06]","[0.39697984599812886, -0.4365584282695353]",0.1488450412771044
3,2944,"[0.37897284279188775, 0.6613090095274909]","[0.20033155121842627, 0.8577591891930944]","[0.5774627657908844, 0.4430297953926764]","[7.21748076456872e-07, 2.2261110262162015e-06]","[7.217487290045455e-07, 2.2261114593913334e-06]","[0.3969798459979933, -0.4365584282696291]",0.1488450425155962
3,2945,"[0.3789728413483916, 0.6613090050752689]","[0.20033155121842627, 0.8577591891930944]","[0.5774627643473209, 0.44302979094040784]","[7.18861211112035e-07, 2.2172066696383754e-06]","[7.188618578735095e-07, 2.217207099031171e-06]","[0.3969798459978586, -0.43655842826972213]",0.14884504374913404
3,2946,"[0.37897283991066916, 0.6613090006408555]","[0.20033155121842627, 0.8577591891930944]","[0.5774627629095317, 0.4430297865059483]","[7.159858921816441e-07, 2.208337929694258e-06]","[7.15986533172952e-07, 2.2083383552917724e-06]","[0.39697984599772507, -0.4365584282698144]",0.14884504497773782
3,2947,"[0.3789728384786974, 0.6613089962241796]","[0.20033155121842627, 0.8577591891930944]","[0.5774627614774938, 0.4430297820892266]","[7.131220736704281e-07, 2.199504663996084e-06]","[7.131227087731062e-07, 2.199505085898057e-06]","[0.39697984599759273, -0.436558428269906]",0.14884504620142724
3,2948,"[0.37897283705245327, 0.6613089918251702]","[0.20033155121842627, 0.8577591891930944]","[0.577462760051184, 0.4430297776901718]","[7.102697094323433e-07, 2.190706730661722e-06]","[7.102703386552278e-07, 2.1907071488525e-06]","[0.3969798459974615, -0.4365584282699968]",0.14884504742022198
3,2949,"[0.37897283563191386, 0.6613089874437568]","[0.20033155121842627, 0.8577591891930944]","[0.5774627586305794, 0.4430297733087133]","[7.074287535709701e-07, 2.181943988533999e-06]","[7.074293772446616e-07, 2.181944403101266e-06]","[0.39697984599733105, -0.43655842827008695]",0.14884504863414155
3,2950,"[0.37897283421705635, 0.6613089830798687]","[0.20033155121842627, 0.8577591891930944]","[0.5774627572156572, 0.4430297689447806]","[7.045991605683915e-07, 2.173216296553821e-06]","[7.045997786336855e-07, 2.1732167074794972e-06]","[0.3969798459972017, -0.4365584282701763]",0.1488450498432054
3,2951,"[0.37897283280785804, 0.6613089787334362]","[0.20033155121842627, 0.8577591891930944]","[0.5774627558063948, 0.44302976459830373]","[7.017808850346473e-07, 2.164523514885358e-06]","[7.017814973031555e-07, 2.164523922099093e-06]","[0.3969798459970736, -0.4365584282702649]",0.14884505104743306
3,2952,"[0.3789728314042963, 0.6613089744043892]","[0.20033155121842627, 0.8577591891930944]","[0.5774627544027695, 0.44302976026921276]","[6.989738815780642e-07, 2.155865503678088e-06]","[6.989744881780169e-07, 2.1558659072384856e-06]","[0.39697984599694647, -0.43655842827035285]",0.1488450522468439
3,2953,"[0.3789728300063485, 0.6613089700926582]","[0.20033155121842627, 0.8577591891930944]","[0.5774627530047587, 0.4430297559574381]","[6.961781052115289e-07, 2.1472421238513867e-06]","[6.961787061832148e-07, 2.1472425239532633e-06]","[0.39697984599682035, -0.4365584282704402]",0.1488450534414572
3,2954,"[0.3789728286139923, 0.661308965798174]","[0.20033155121842627, 0.8577591891930944]","[0.5774627516123398, 0.4430297516629106]","[6.933935108932159e-07, 2.138653236909988e-06]","[6.933941064102278e-07, 2.138653633465548e-06]","[0.3969798459966951, -0.4365584282705268]",0.148845054631292
3,2955,"[0.37897282722720527, 0.6613089615208675]","[0.20033155121842627, 0.8577591891930944]","[0.5774627502254908, 0.4430297473855611]","[6.906200540748543e-07, 2.1300987046982733e-06]","[6.90620644061557e-07, 2.130099097774618e-06]","[0.396979845996571, -0.43655842827061275]",0.14884505581636753
3,2956,"[0.37897282584596514, 0.6613089572606701]","[0.20033155121842627, 0.8577591891930944]","[0.577462748844189, 0.44302974312532106]","[6.878576901187489e-07, 2.121578390005156e-06]","[6.878582747282813e-07, 2.1215787796569074e-06]","[0.39697984599644776, -0.436558428270698]",0.1488450569967028
3,2957,"[0.37897282447024977, 0.6613089530175132]","[0.20033155121842627, 0.8577591891930944]","[0.5774627474684124, 0.443029738882122]","[6.851063747843432e-07, 2.1130921559340357e-06]","[6.851069542235244e-07, 2.1130925420553837e-06]","[0.3969798459963253, -0.4365584282707825]",0.14884505817231675
3,2958,"[0.378972823100037, 0.661308948791329]","[0.20033155121842627, 0.8577591891930944]","[0.577462746098139, 0.44302973465589573]","[6.823660636778177e-07, 2.1046398662743024e-06]","[6.823666378608095e-07, 2.1046402490232374e-06]","[0.39697984599620395, -0.43655842827086644]",0.14884505934322828
3,2959,"[0.3789728217353049, 0.6613089445820493]","[0.20033155121842627, 0.8577591891930944]","[0.5774627447333467, 0.44302973044657445]","[6.796367130450185e-07, 2.0962213851600527e-06]","[6.796372819528607e-07, 2.096221764447126e-06]","[0.3969798459960836, -0.4365584282709496]",0.14884506050945617
3,2960,"[0.37897282037603147, 0.6613089403896065]","[0.20033155121842627, 0.8577591891930944]","[0.5774627433740136, 0.44302972625409043]","[6.769182788968562e-07, 2.087836577341807e-06]","[6.76918842534846e-07, 2.0878369533239294e-06]","[0.39697984599596425, -0.4365584282710322]",0.14884506167101924
3,2961,"[0.37897281902219493, 0.6613089362139334]","[0.20033155121842627, 0.8577591891930944]","[0.5774627420201179, 0.4430297220783763]","[6.742107176020164e-07, 2.0794853081185844e-06]","[6.742112758639784e-07, 2.0794856808170614e-06]","[0.396979845995846, -0.43655842827111413]",0.14884506282793614
3,2962,"[0.3789728176737735, 0.6613089320549628]","[0.20033155121842627, 0.8577591891930944]","[0.5774627406716377, 0.4430297179193651]","[6.715139856250727e-07, 2.071167443286215e-06]","[6.715145388636046e-07, 2.0711678127005584e-06]","[0.39697984599572844, -0.4365584282711954]",0.14884506398022535
3,2963,"[0.37897281633074553, 0.6613089279126279]","[0.20033155121842627, 0.8577591891930944]","[0.5774627393285514, 0.44302971377698985]","[6.688280396464124e-07, 2.062882849272408e-06]","[6.688285879019595e-07, 2.0628832154145904e-06]","[0.39697984599561176, -0.436558428271276]",0.14884506512790543
3,2964,"[0.37897281499308944, 0.6613089237868621]","[0.20033155121842627, 0.8577591891930944]","[0.5774627379908375, 0.44302970965118416]","[6.661528366136826e-07, 2.054631393078545e-06]","[6.661533798468788e-07, 2.054631755898928e-06]","[0.3969798459954961, -0.43655842827135594]",0.14884506627099486
3,2965,"[0.3789728136607838, 0.6613089196775993]","[0.20033155121842627, 0.8577591891930944]","[0.5774627366584746, 0.4430297055418817]","[6.634883336408844e-07, 2.046412942090149e-06]","[6.63488871566198e-07, 2.046413301592942e-06]","[0.3969798459953816, -0.4365584282714352]",0.148845067409512
3,2966,"[0.37897281233380714, 0.6613089155847734]","[0.20033155121842627, 0.8577591891930944]","[0.5774627353314411, 0.44302970144901654]","[6.608344877476675e-07, 2.0382273644428373e-06]","[6.608350205938862e-07, 2.0382277206576482e-06]","[0.3969798459952679, -0.4365584282715138]",0.14884506854347507
3,2967,"[0.37897281101213814, 0.6613089115083187]","[0.20033155121842627, 0.8577591891930944]","[0.5774627340097156, 0.44302969737252273]","[6.581912562648944e-07, 2.0300745283907293e-06]","[6.581917842973795e-07, 2.0300748815316183e-06]","[0.3969798459951549, -0.43655842827159197]",0.14884506967290234
3,2968,"[0.37897280969575564, 0.6613089074481696]","[0.20033155121842627, 0.8577591891930944]","[0.5774627326932771, 0.4430296933123349]","[6.555585970142785e-07, 2.021954303021055e-06]","[6.555591201551358e-07, 2.021954653042002e-06]","[0.3969798459950429, -0.43655842827166946]",0.14884507079781195
3,2969,"[0.3789728083846384, 0.661308903404261]","[0.20033155121842627, 0.8577591891930944]","[0.5774627313821044, 0.4430296892683878]","[6.529364674864623e-07, 2.0138665580542016e-06]","[6.529369856456135e-07, 2.013866904904127e-06]","[0.39697984599493186, -0.4365584282717463]",0.14884507191822194
3,2970,"[0.3789728070787655, 0.6613088993765278]","[0.20033155121842627, 0.8577591891930944]","[0.5774627300761763, 0.4430296852406166]","[6.503248256394337e-07, 2.005811163501332e-06]","[6.503253390244268e-07, 2.0058115071663885e-06]","[0.3969798459948216, -0.43655842827182245]",0.14884507303415032
3,2971,"[0.3789728057781159, 0.6613088953649054]","[0.20033155121842627, 0.8577591891930944]","[0.5774627287754721, 0.44302968122895636]","[6.477236295405109e-07, 1.9977879898663408e-06]","[6.477241379365672e-07, 1.9977883305433153e-06]","[0.3969798459947125, -0.43655842827189817]",0.1488450741456151
3,2972,"[0.3789728044826686, 0.6613088913693295]","[0.20033155121842627, 0.8577591891930944]","[0.5774627274799706, 0.44302967723334286]","[6.45132837415539e-07, 1.9897969085248824e-06]","[6.451333410817384e-07, 1.9897972461380142e-06]","[0.396979845994604, -0.4365584282719732]",0.14884507525263396
3,2973,"[0.37897280319240295, 0.6613088873897357]","[0.20033155121842627, 0.8577591891930944]","[0.5774627261896511, 0.4430296732537119]","[6.425524075951563e-07, 1.981837791057653e-06]","[6.425529066600433e-07, 1.9818381255531925e-06]","[0.3969798459944963, -0.4365584282720476]",0.14884507635522481
3,2974,"[0.37897280190729815, 0.6613088834260601]","[0.20033155121842627, 0.8577591891930944]","[0.5774627249044929, 0.4430296692899994]","[6.399822987780424e-07, 1.9739105093128056e-06]","[6.39982793204652e-07, 1.9739108407801353e-06]","[0.3969798459943895, -0.43655842827212143]",0.1488450774534053
3,2975,"[0.3789728006273336, 0.661308879478239]","[0.20033155121842627, 0.8577591891930944]","[0.5774627236244754, 0.44302966534214167]","[6.374224695676476e-07, 1.966014936088323e-06]","[6.374229593597569e-07, 1.966015264587284e-06]","[0.3969798459942836, -0.4365584282721947]",0.14884507854719314
3,2976,"[0.3789727993524886, 0.6613088755462091]","[0.20033155121842627, 0.8577591891930944]","[0.5774627223495779, 0.4430296614100754]","[6.348728788065714e-07, 1.958150944606067e-06]","[6.34873364047106e-07, 1.9581512701871695e-06]","[0.39697984599417846, -0.43655842827226743]",0.14884507963660587
3,2977,"[0.37897279808274287, 0.6613088716299073]","[0.20033155121842627, 0.8577591891930944]","[0.5774627210797799, 0.44302965749373746]","[6.323334856761383e-07, 1.9503184087715166e-06]","[6.323339664660033e-07, 1.950318731458456e-06]","[0.3969798459940741, -0.4365584282723396]",0.14884508072166097
3,2978,"[0.3789727968180759, 0.6613088677292704]","[0.20033155121842627, 0.8577591891930944]","[0.5774627198150613, 0.4430296535930649]","[6.298042493964216e-07, 1.9425172024333437e-06]","[6.298047255381967e-07, 1.942517522168785e-06]","[0.39697984599397074, -0.4365584282724111]",0.14884508180237588
3,2979,"[0.3789727955584674, 0.661308863844236]","[0.20033155121842627, 0.8577591891930944]","[0.5774627185554015, 0.44302964970799497]","[6.272851293503571e-07, 1.9347472003771024e-06]","[6.272856008515681e-07, 1.934747517307045e-06]","[0.39697984599386826, -0.43655842827248215]",0.14884508287876802
3,2980,"[0.37897279430389713, 0.6613088599747416]","[0.20033155121842627, 0.8577591891930944]","[0.5774627173007805, 0.4430296458384654]","[6.247760848054317e-07, 1.927008277848937e-06]","[6.247765517164439e-07, 1.9270085918621227e-06]","[0.3969798459937667, -0.43655842827255253]",0.14884508395085455
3,2981,"[0.37897279305434495, 0.6613088561207251]","[0.20033155121842627, 0.8577591891930944]","[0.5774627160511778, 0.4430296419844139]","[6.222770757206469e-07, 1.9193003105395655e-06]","[6.222775381647949e-07, 1.919300621655573e-06]","[0.39697984599366576, -0.43655842827262237]",0.1488450850186528
3,2982,"[0.3789727918097908, 0.6613088522821244]","[0.20033155121842627, 0.8577591891930944]","[0.5774627148065736, 0.44302963814577856]","[6.197880619560996e-07, 1.9116231743938687e-06]","[6.197885200065478e-07, 1.9116234827865064e-06]","[0.3969798459935656, -0.43655842827269176]",0.14884508608217994
3,2983,"[0.3789727905702147, 0.661308848458878]","[0.20033155121842627, 0.8577591891930944]","[0.5774627135669478, 0.4430296343224978]","[6.173090034868761e-07, 1.903976746303168e-06]","[6.173094573291849e-07, 1.9039770518536336e-06]","[0.39697984599346614, -0.4365584282727605]",0.14884508714145295
3,2984,"[0.3789727893355967, 0.6613088446509245]","[0.20033155121842627, 0.8577591891930944]","[0.5774627123322804, 0.4430296305145102]","[6.148398604507115e-07, 1.8963609034639294e-06]","[6.14840310109166e-07, 1.8963612061773105e-06]","[0.39697984599336744, -0.43655842827282865]",0.14884508819648884
3,2985,"[0.37897278810591695, 0.6613088408582027]","[0.20033155121842627, 0.8577591891930944]","[0.5774627111025519, 0.4430296267217546]","[6.123805933371028e-07, 1.8887755234976554e-06]","[6.123810384894846e-07, 1.8887758234109597e-06]","[0.39697984599326985, -0.43655842827289626]",0.14884508924730472
3,2986,"[0.37897278688115577, 0.6613088370806517]","[0.20033155121842627, 0.8577591891930944]","[0.5774627098777422, 0.44302962294417003]","[6.099311624805374e-07, 1.881220484536488e-06]","[6.099316034458013e-07, 1.8812207816520932e-06]","[0.3969798459931728, -0.4365584282729633]",0.1488450902939173
3,2987,"[0.37897278566129344, 0.6613088333182108]","[0.20033155121842627, 0.8577591891930944]","[0.5774627086578318, 0.4430296191816958]","[6.074915286638936e-07, 1.8736956653430454e-06]","[6.074919653431543e-07, 1.8736959597753788e-06]","[0.3969798459930767, -0.43655842827302993]",0.1488450913363435
3,2988,"[0.3789727844463104, 0.6613088295708195]","[0.20033155121842627, 0.8577591891930944]","[0.5774627074428009, 0.44302961543427144]","[6.050616526079881e-07, 1.8662009449064316e-06]","[6.050620852127153e-07, 1.866201236766507e-06]","[0.3969798459929811, -0.4365584282730961]",0.14884509237459997
3,2989,"[0.3789727832361871, 0.6613088258384175]","[0.20033155121842627, 0.8577591891930944]","[0.5774627062326303, 0.4430296117018367]","[6.026414954906242e-07, 1.8587362026908228e-06]","[6.026419239191227e-07, 1.858736491944235e-06]","[0.3969798459928864, -0.4365584282731617]",0.14884509340870355
3,2990,"[0.3789727820309041, 0.6613088221209451]","[0.20033155121842627, 0.8577591891930944]","[0.5774627050273003, 0.4430296079843317]","[6.002310182335664e-07, 1.8513013190295953e-06]","[6.002314424935484e-07, 1.8513016056265208e-06]","[0.39697984599279246, -0.4365584282732268]",0.14884509443867072
3,2991,"[0.37897278083044206, 0.6613088184183424]","[0.20033155121842627, 0.8577591891930944]","[0.5774627038267917, 0.4430296042816968]","[5.97830182094411e-07, 1.8438961744117143e-06]","[5.978306023002311e-07, 1.8438964583533668e-06]","[0.3969798459926992, -0.4365584282732913]",0.14884509546451802
3,2992,"[0.3789727796347817, 0.6613088147305501]","[0.20033155121842627, 0.8577591891930944]","[0.5774627026310851, 0.44302960059387253]","[5.954389486820996e-07, 1.836520650014808e-06]","[5.954393647034095e-07, 1.8365209312753983e-06]","[0.39697984599260683, -0.4365584282733552]",0.14884509648626199
3,2993,"[0.3789727784439038, 0.6613088110575088]","[0.20033155121842627, 0.8577591891930944]","[0.5774627014401614, 0.44302959692079946]","[5.930572794754405e-07, 1.8291746271161125e-06]","[5.930576913448782e-07, 1.8291749058207962e-06]","[0.39697984599251523, -0.43655842827341873]",0.14884509750391894
3,2994,"[0.3789727772577893, 0.6613088073991595]","[0.20033155121842627, 0.8577591891930944]","[0.5774627002540014, 0.44302959326241864]","[5.906851362584895e-07, 1.8218579877631856e-06]","[5.906855441994985e-07, 1.8218582639728531e-06]","[0.3969798459924242, -0.4365584282734818]",0.14884509851750538
3,2995,"[0.378972776076419, 0.6613088037554435]","[0.20033155121842627, 0.8577591891930944]","[0.577462699072586, 0.4430295896186714]","[5.883224809397102e-07, 1.8145706146105001e-06]","[5.883228849090649e-07, 1.814570888269973e-06]","[0.39697984599233394, -0.4365584282735443]",0.1488450995270375
3,2996,"[0.37897277489977405, 0.6613088001263023]","[0.20033155121842627, 0.8577591891930944]","[0.5774626978958961, 0.44302958598949915]","[5.859692755650893e-07, 1.8073123905379844e-06]","[5.85969675837017e-07, 1.8073126616946489e-06]","[0.3969798459922441, -0.43655842827360636]",0.14884510053253144
3,2997,"[0.3789727737278355, 0.6613087965116775]","[0.20033155121842627, 0.8577591891930944]","[0.5774626967239131, 0.4430295823748436]","[5.836254823841243e-07, 1.800083198757932e-06]","[5.836258786806603e-07, 1.8000834673959076e-06]","[0.3969798459921553, -0.43655842827366786]",0.14884510153400352
3,2998,"[0.37897277256058454, 0.6613087929115111]","[0.20033155121842627, 0.8577591891930944]","[0.5774626955566181, 0.44302957877464666]","[5.812910636996554e-07, 1.7928829233850603e-06]","[5.812914560809901e-07, 1.7928831895774877e-06]","[0.39697984599206715, -0.4365584282737289]",0.1488451025314697
3,2999,"[0.3789727713980024, 0.6613087893257453]","[0.20033155121842627, 0.8577591891930944]","[0.5774626943939922, 0.4430295751888506]","[5.789659819074465e-07, 1.7857114487720165e-06]","[5.789663705124681e-07, 1.7857117124431277e-06]","[0.39697984599197966, -0.43655842827378943]",0.14884510352494598
3,3000,"[0.3789727702400704, 0.6613087857543224]","[0.20033155121842627, 0.8577591891930944]","[0.5774626932360168, 0.44302957161739764]","[5.766501998727297e-07, 1.7785686594287561e-06]","[5.76650584727112e-07, 1.7785689206406552e-06]","[0.39697984599189284, -0.4365584282738495]",0.1488451045144485
3,3001,"[0.37897276908677, 0.661308782197185]","[0.20033155121842627, 0.8577591891930944]","[0.5774626920826733, 0.44302956806023047]","[5.743436802989654e-07, 1.7714544407728244e-06]","[5.743440615879614e-07, 1.7714546995950542e-06]","[0.3969798459918066, -0.4365584282739091]",0.1488451054999929
3,3002,"[0.37897276793808266, 0.6613087786542762]","[0.20033155121842627, 0.8577591891930944]","[0.5774626909339433, 0.44302956451729203]","[5.720463862254604e-07, 1.764368678641828e-06]","[5.720467635694781e-07, 1.7643689351198866e-06]","[0.3969798459917213, -0.4365584282739683]",0.14884510648159532
3,3003,"[0.3789727667939899, 0.6613087751255389]","[0.20033155121842627, 0.8577591891930944]","[0.5774626897898083, 0.4430295609885254]","[5.697582806920981e-07, 1.7573112591920552e-06]","[5.697586540898136e-07, 1.7573115132507588e-06]","[0.3969798459916368, -0.4365584282740269]",0.1488451074592713
3,3004,"[0.37897276565447335, 0.6613087716109164]","[0.20033155121842627, 0.8577591891930944]","[0.5774626886502496, 0.44302955747387385]","[5.674793268700196e-07, 1.7502820689866189e-06]","[5.674796968446749e-07, 1.7502823206894114e-06]","[0.39697984599155256, -0.4365584282740851]",0.1488451084330365
3,3005,"[0.3789727645195147, 0.6613087681103522]","[0.20033155121842627, 0.8577591891930944]","[0.5774626875152493, 0.4430295539732808]","[5.652094883283059e-07, 1.7432809949326944e-06]","[5.652098546415907e-07, 1.743281244304118e-06]","[0.3969798459914692, -0.4365584282741428]",0.14884510940290677
3,3006,"[0.37897276338909575, 0.6613087646237902]","[0.20033155121842627, 0.8577591891930944]","[0.577462686384789, 0.4430295504866901]","[5.629487284775982e-07, 1.7363079246845233e-06]","[5.629490910097346e-07, 1.7363081717403084e-06]","[0.3969798459913866, -0.4365584282742001]",0.1488451103688976
3,3007,"[0.3789727622631983, 0.6613087611511743]","[0.20033155121842627, 0.8577591891930944]","[0.5774626852588505, 0.44302954701404584]","[5.606970110730236e-07, 1.7293627464337197e-06]","[5.606973701999252e-07, 1.7293629911985242e-06]","[0.3969798459913043, -0.43655842827425695]",0.14884511133102446
3,3008,"[0.3789727611418043, 0.6613087576924488]","[0.20033155121842627, 0.8577591891930944]","[0.5774626841374157, 0.4430295435552921]","[5.584542998337446e-07, 1.722445348376842e-06]","[5.584546553527581e-07, 1.7224455908793068e-06]","[0.39697984599122293, -0.43655842827431335]",0.14884511228930286
3,3009,"[0.37897276002489566, 0.6613087542475581]","[0.20033155121842627, 0.8577591891930944]","[0.5774626830204668, 0.44302954011037343]","[5.562205588685011e-07, 1.7155556196337903e-06]","[5.56220910774563e-07, 1.715555859871376e-06]","[0.3969798459911422, -0.4365584282743693]",0.14884511324374816
3,3010,"[0.3789727589124545, 0.6613087508164468]","[0.20033155121842627, 0.8577591891930944]","[0.5774626819079856, 0.4430295366792344]","[5.539957521532492e-07, 1.7086934492324992e-06]","[5.539961006051364e-07, 1.7086936872634517e-06]","[0.39697984599106206, -0.4365584282744248]",0.14884511419437568
3,3011,"[0.378972757804463, 0.6613087473990599]","[0.20033155121842627, 0.8577591891930944]","[0.5774626807999543, 0.44302953326181993]","[5.517798441416451e-07, 1.7018587270940031e-06]","[5.517801889842744e-07, 1.7018589629214098e-06]","[0.3969798459909827, -0.4365584282744799]",0.1488451151412008
3,3012,"[0.3789727567009033, 0.6613087439953425]","[0.20033155121842627, 0.8577591891930944]","[0.5774626796963552, 0.4430295298580752]","[5.495727991898264e-07, 1.6950513436288759e-06]","[5.495731405513737e-07, 1.6950515772662378e-06]","[0.39697984599090386, -0.4365584282745345]",0.14884511608423856
3,3013,"[0.3789727556017577, 0.6613087406052398]","[0.20033155121842627, 0.8577591891930944]","[0.5774626785971704, 0.44302952646794547]","[5.473745818323838e-07, 1.688271189280121e-06]","[5.473749200013422e-07, 1.6882714207189231e-06]","[0.39697984599082536, -0.4365584282745887]",0.14884511702350417
3,3014,"[0.3789727545070085, 0.6613087372286974]","[0.20033155121842627, 0.8577591891930944]","[0.5774626775023824, 0.4430295230913762]","[5.451851567789434e-07, 1.6815181551552387e-06]","[5.451854913629539e-07, 1.681518384366587e-06]","[0.39697984599074787, -0.4365584282746424]",0.14884511795901278
3,3015,"[0.3789727534166382, 0.6613087338656611]","[0.20033155121842627, 0.8577591891930944]","[0.5774626764119737, 0.4430295197283133]","[5.430044888909236e-07, 1.6747921327318298e-06]","[5.430048200527615e-07, 1.6747923597404402e-06]","[0.39697984599067093, -0.4365584282746957]",0.1488451188907794
3,3016,"[0.3789727523306292, 0.6613087305160769]","[0.20033155121842627, 0.8577591891930944]","[0.5774626753259264, 0.4430295163787025]","[5.408325429228439e-07, 1.6680930138886622e-06]","[5.408328708766952e-07, 1.668093238815782e-06]","[0.39697984599059444, -0.43655842827474867]",0.14884511981881898
3,3017,"[0.3789727512489641, 0.6613087271798909]","[0.20033155121842627, 0.8577591891930944]","[0.5774626742442235, 0.4430295130424903]","[5.386692843107811e-07, 1.6614206913076098e-06]","[5.386696088627296e-07, 1.661420914123024e-06]","[0.3969798459905187, -0.4365584282748012]",0.1488451207431464
3,3018,"[0.37897275017162557, 0.6613087238570495]","[0.20033155121842627, 0.8577591891930944]","[0.5774626731668474, 0.4430295097196229]","[5.365146781618011e-07, 1.6547750576438618e-06]","[5.365149992608842e-07, 1.6547752783035996e-06]","[0.39697984599044367, -0.43655842827485325]",0.14884512166377656
3,3019,"[0.37897274909859624, 0.6613087205474995]","[0.20033155121842627, 0.8577591891930944]","[0.5774626720937808, 0.443029506410047]","[5.343686899179513e-07, 1.6481560061144386e-06]","[5.343690077652674e-07, 1.648156224609565e-06]","[0.39697984599036906, -0.4365584282749049]",0.1488451225807242
3,3020,"[0.37897274802985886, 0.6613087172511875]","[0.20033155121842627, 0.8577591891930944]","[0.5774626710250064, 0.44302950311370937]","[5.322312850195454e-07, 1.6415634302582648e-06]","[5.322315996814098e-07, 1.6415636467370653e-06]","[0.396979845990295, -0.43655842827495617]",0.14884512349400408
3,3021,"[0.3789727469653963, 0.6613087139680606]","[0.20033155121842627, 0.8577591891930944]","[0.5774626699605072, 0.44302949983055706]","[5.30102429170119e-07, 1.6349972243808672e-06]","[5.301027403703529e-07, 1.6349974387708244e-06]","[0.39697984599022185, -0.436558428275007]",0.1488451244036309
3,3022,"[0.3789727459051914, 0.6613087106980661]","[0.20033155121842627, 0.8577591891930944]","[0.577462668900266, 0.44302949656053736]","[5.27982088125418e-07, 1.6284572828250294e-06]","[5.279823960813168e-07, 1.6284574951286324e-06]","[0.3969798459901491, -0.4365584282750574]",0.1488451253096193
3,3023,"[0.37897274484922727, 0.6613087074411516]","[0.20033155121842627, 0.8577591891930944]","[0.5774626678442658, 0.4430294933035978]","[5.258702280284576e-07, 1.6219435008712277e-06]","[5.258705326194324e-07, 1.6219437111719692e-06]","[0.3969798459900771, -0.4365584282751075]",0.1488451262119837
3,3024,"[0.3789727437974868, 0.6613087041972645]","[0.20033155121842627, 0.8577591891930944]","[0.5774626667924895, 0.4430294900596859]","[5.237668146775408e-07, 1.6154557734587871e-06]","[5.237671162339197e-07, 1.6154559818182257e-06]","[0.39697984599000535, -0.43655842827515723]",0.14884512711073863
3,3025,"[0.3789727427499532, 0.661308700966353]","[0.20033155121842627, 0.8577591891930944]","[0.5774626657449203, 0.44302948682874976]","[5.216718145456878e-07, 1.6089939967718628e-06]","[5.216721129519541e-07, 1.6089942030395044e-06]","[0.3969798459899343, -0.4365584282752064]",0.1488451280058986
3,3026,"[0.37897274170660955, 0.661308697748365]","[0.20033155121842627, 0.8577591891930944]","[0.5774626647015414, 0.44302948361073735]","[5.195851938632344e-07, 1.6025580667664357e-06]","[5.195854892448004e-07, 1.6025582710299524e-06]","[0.3969798459898637, -0.43655842827525526]",0.14884512889747792
3,3027,"[0.3789727406674392, 0.6613086945432488]","[0.20033155121842627, 0.8577591891930944]","[0.5774626636623361, 0.4430294804055969]","[5.175069191655841e-07, 1.5961478799704056e-06]","[5.175072113616785e-07, 1.596148082316784e-06]","[0.39697984598979386, -0.4365584282753038]",0.14884512978549103
3,3028,"[0.37897273963242534, 0.661308691350953]","[0.20033155121842627, 0.8577591891930944]","[0.5774626626272875, 0.4430294772132771]","[5.154369569537557e-07, 1.5897633337373268e-06]","[5.154372462179424e-07, 1.589763534093347e-06]","[0.39697984598972436, -0.43655842827535185]",0.14884513066995197
3,3029,"[0.37897273860155145, 0.6613086881714264]","[0.20033155121842627, 0.8577591891930944]","[0.5774626615963792, 0.4430294740337266]","[5.133752741546972e-07, 1.583404325331224e-06]","[5.133755604513901e-07, 1.5834045237750338e-06]","[0.3969798459896554, -0.4365584282753996]",0.1488451315508752
3,3030,"[0.3789727375748009, 0.6613086850046177]","[0.20033155121842627, 0.8577591891930944]","[0.5774626605695944, 0.44302947086689426]","[5.113218374876833e-07, 1.577070752416372e-06]","[5.113221208663532e-07, 1.5770709488882595e-06]","[0.396979845989587, -0.4365584282754469]",0.14884513242827468
3,3031,"[0.3789727365521572, 0.6613086818504762]","[0.20033155121842627, 0.8577591891930944]","[0.5774626595469168, 0.44302946771272933]","[5.092766140944217e-07, 1.5707625136217592e-06]","[5.09276894544719e-07, 1.5707627080696618e-06]","[0.3969798459895192, -0.43655842827549374]",0.14884513330216462
3,3032,"[0.37897273553360394, 0.6613086787089512]","[0.20033155121842627, 0.8577591891930944]","[0.5774626585283299, 0.44302946457118103]","[5.072395711222658e-07, 1.5644795073506012e-06]","[5.07239848623886e-07, 1.5644796998448562e-06]","[0.3969798459894519, -0.43655842827554026]",0.148845134172559
3,3033,"[0.3789727345191248, 0.6613086755799922]","[0.20033155121842627, 0.8577591891930944]","[0.5774626575138173, 0.4430294614421989]","[5.052106756917569e-07, 1.5582216328305921e-06]","[5.052109504077862e-07, 1.5582218235721257e-06]","[0.39697984598938507, -0.43655842827558655]",0.14884513503947183
3,3034,"[0.3789727335087034, 0.661308672463549]","[0.20033155121842627, 0.8577591891930944]","[0.5774626565033629, 0.4430294583257328]","[5.031898955018367e-07, 1.5519887895593096e-06]","[5.031901671448402e-07, 1.551988978276686e-06]","[0.396979845989319, -0.4365584282756323]",0.148845135902917
3,3035,"[0.3789727325023236, 0.6613086693595713]","[0.20033155121842627, 0.8577591891930944]","[0.5774626554969504, 0.4430294552217324]","[5.011771979284314e-07, 1.545780877055553e-06]","[5.011774664165358e-07, 1.545781063982954e-06]","[0.3969798459892536, -0.4365584282756778]",0.14884513676290856
3,3036,"[0.3789727314999692, 0.6613086662680095]","[0.20033155121842627, 0.8577591891930944]","[0.5774626544945634, 0.4430294521301481]","[4.991725504421761e-07, 1.5395977959475014e-06]","[4.99172816303961e-07, 1.5395979809929017e-06]","[0.39697984598918834, -0.4365584282757229]",0.14884513761946006
3,3037,"[0.3789727305016241, 0.661308663188814]","[0.20033155121842627, 0.8577591891930944]","[0.577462653496186, 0.44302944905093017]","[4.971759213101605e-07, 1.5334394469582312e-06]","[4.971761843330924e-07, 1.5334396301636133e-06]","[0.3969798459891237, -0.43655842827576763]",0.1488451384725854
3,3038,"[0.3789727295072723, 0.6613086601219351]","[0.20033155121842627, 0.8577591891930944]","[0.5774626525018022, 0.4430294459840291]","[4.951872781656985e-07, 1.5273057309875553e-06]","[4.951875381964399e-07, 1.5273059124076838e-06]","[0.3969798459890598, -0.43655842827581204]",0.14884513932229826
3,3039,"[0.37897272851689773, 0.6613086570673237]","[0.20033155121842627, 0.8577591891930944]","[0.5774626515113959, 0.4430294429293956]","[4.932065890480239e-07, 1.5211965494874243e-06]","[4.932068462526473e-07, 1.5211967291373085e-06]","[0.39697984598899627, -0.4365584282758561]",0.14884514016861228
3,3040,"[0.37897272753048455, 0.6613086540249306]","[0.20033155121842627, 0.8577591891930944]","[0.5774626505249512, 0.4430294398869806]","[4.912338222204685e-07, 1.5151118043618198e-06]","[4.912340766383139e-07, 1.5151119822642833e-06]","[0.3969798459889332, -0.43655842827589986]",0.14884514101154112
3,3041,"[0.3789727265480169, 0.6613086509947069]","[0.20033155121842627, 0.8577591891930944]","[0.5774626495424522, 0.44302943685673535]","[4.892689459907271e-07, 1.5090513979317041e-06]","[4.892691977120833e-07, 1.5090515739779597e-06]","[0.3969798459888706, -0.43655842827594316]",0.14884514185109818
3,3042,"[0.378972725569479, 0.6613086479766042]","[0.20033155121842627, 0.8577591891930944]","[0.5774626485638832, 0.44302943383861104]","[4.873119287229073e-07, 1.5030152328706957e-06]","[4.873121778325995e-07, 1.5030154072448454e-06]","[0.3969798459888084, -0.43655842827598623]",0.14884514268729704
3,3043,"[0.3789727245948551, 0.6613086449705737]","[0.20033155121842627, 0.8577591891930944]","[0.5774626475892286, 0.4430294308325593]","[4.853627390965883e-07, 1.4970032121857035e-06]","[4.85362985302995e-07, 1.4970033847538922e-06]","[0.396979845988747, -0.43655842827602886]",0.1488451435201511
3,3044,"[0.3789727236241296, 0.6613086419765674]","[0.20033155121842627, 0.8577591891930944]","[0.5774626466184726, 0.4430294278385317]","[4.834213457227435e-07, 1.4910152392728032e-06]","[4.834215892590699e-07, 1.4910154101932527e-06]","[0.39697984598868596, -0.4365584282760713]",0.14884514434967389
3,3045,"[0.3789727226572869, 0.6613086389945368]","[0.20033155121842627, 0.8577591891930944]","[0.5774626456515995, 0.4430294248564802]","[4.81487717483877e-07, 1.4850512177522128e-06]","[4.814879583925347e-07, 1.4850513869180126e-06]","[0.39697984598862535, -0.43655842827611324]",0.14884514517587855
3,3046,"[0.37897272169431145, 0.6613086360244345]","[0.20033155121842627, 0.8577591891930944]","[0.577462644688594, 0.44302942188635697]","[4.795618233538894e-07, 1.4791110521759796e-06]","[4.795620617836782e-07, 1.4791112197265477e-06]","[0.39697984598856506, -0.436558428276155]",0.14884514599877835
3,3047,"[0.3789727207351878, 0.6613086330662123]","[0.20033155121842627, 0.8577591891930944]","[0.5774626437294406, 0.44302941892811415]","[4.77643632351113e-07, 1.473194646831114e-06]","[4.776438680131889e-07, 1.4731948127510996e-06]","[0.39697984598850555, -0.4365584282761964]",0.14884514681838662
3,3048,"[0.37897271977990055, 0.6613086301198231]","[0.20033155121842627, 0.8577591891930944]","[0.5774626427741238, 0.44302941598170437]","[4.757331137091131e-07, 1.4673019069825284e-06]","[4.7573334660544475e-07, 1.4673020712341334e-06]","[0.3969798459884466, -0.4365584282762375]",0.1488451476347165
3,3049,"[0.3789727188284343, 0.6613086271852193]","[0.20033155121842627, 0.8577591891930944]","[0.5774626418226283, 0.4430294130470802]","[4.738302365574959e-07, 1.4614327377256097e-06]","[4.738304668627791e-07, 1.4614329003626025e-06]","[0.396979845988388, -0.4365584282762782]",0.14884514844778113
3,3050,"[0.37897271788077386, 0.6613086242623538]","[0.20033155121842627, 0.8577591891930944]","[0.5774626408749388, 0.4430294101241945]","[4.7193497065837726e-07, 1.4555870447169908e-06]","[4.719351982540587e-07, 1.455587205712039e-06]","[0.3969798459883299, -0.43655842827631863]",0.14884514925759348
3,3051,"[0.37897271693690393, 0.6613086213511797]","[0.20033155121842627, 0.8577591891930944]","[0.5774626399310401, 0.4430294072130003]","[4.7004728529209444e-07, 1.4497647342644001e-06]","[4.700475102481505e-07, 1.4497648937461527e-06]","[0.3969798459882723, -0.4365584282763588]",0.14884515006416665
3,3052,"[0.3789727159968094, 0.6613086184516502]","[0.20033155121842627, 0.8577591891930944]","[0.5774626389909169, 0.44302940431345095]","[4.6816715024103156e-07, 1.4439657126550504e-06]","[4.681673727024993e-07, 1.4439658704845648e-06]","[0.396979845988215, -0.43655842827639857]",0.14884515086751346
3,3053,"[0.3789727150604751, 0.6613086155637188]","[0.20033155121842627, 0.8577591891930944]","[0.577462638054554, 0.44302940142549974]","[4.6629453524282636e-07, 1.4381898868516162e-06]","[4.662947555855723e-07, 1.4381900431681416e-06]","[0.39697984598815783, -0.4365584282764381]",0.1488451516676469
3,3054,"[0.378972714127886, 0.661308612687339]","[0.20033155121842627, 0.8577591891930944]","[0.5774626371219367, 0.4430293985491004]","[4.64429410357021e-07, 1.4324371640602467e-06]","[4.644296283107252e-07, 1.4324373187046824e-06]","[0.3969798459881013, -0.4365584282764772]",0.14884515246457986
3,3055,"[0.3789727131990272, 0.6613086098224646]","[0.20033155121842627, 0.8577591891930944]","[0.5774626361930499, 0.44302939568420663]","[4.6257174549018016e-07, 1.4267074518958026e-06]","[4.625719609019363e-07, 1.4267076050011873e-06]","[0.3969798459880455, -0.43655842827651603]",0.1488451532583251
3,3056,"[0.3789727122738837, 0.6613086069690497]","[0.20033155121842627, 0.8577591891930944]","[0.5774626352678787, 0.4430293928307724]","[4.607215108384464e-07, 1.4210006582616907e-06]","[4.6072172382727317e-07, 1.421000809798123e-06]","[0.39697984598798997, -0.43655842827655456]",0.14884515404889537
3,3057,"[0.37897271135244065, 0.6613086041270484]","[0.20033155121842627, 0.8577591891930944]","[0.5774626343464081, 0.443029389988752]","[4.5887867680547503e-07, 1.4153166916014926e-06]","[4.588788873327587e-07, 1.4153168415576012e-06]","[0.3969798459879349, -0.43655842827659275]",0.14884515483630334
3,3058,"[0.3789727104346833, 0.661308601296415]","[0.20033155121842627, 0.8577591891930944]","[0.5774626334286235, 0.4430293871580997]","[4.5704321368157494e-07, 1.4096554604780216e-06]","[4.570434216644159e-07, 1.4096556088527556e-06]","[0.3969798459878804, -0.4365584282766306]",0.14884515562056175
3,3059,"[0.37897270952059686, 0.6613085984771041]","[0.20033155121842627, 0.8577591891930944]","[0.57746263251451, 0.44302938433877004]","[4.5521509196645803e-07, 1.4040168740179436e-06]","[4.5521529745684575e-07, 1.4040170208118319e-06]","[0.3969798459878263, -0.43655842827666813]",0.14884515640168317
3,3060,"[0.3789727086101667, 0.6613085956690704]","[0.20033155121842627, 0.8577591891930944]","[0.577462631604053, 0.4430293815307177]","[4.5339428238498196e-07, 1.3984008417656915e-06]","[4.5339448551118267e-07, 1.3984009870071645e-06]","[0.3969798459877726, -0.43655842827670543]",0.14884515717968005
3,3061,"[0.3789727077033781, 0.6613085928722687]","[0.20033155121842627, 0.8577591891930944]","[0.5774626306972377, 0.4430293787338975]","[4.515807554864499e-07, 1.3928072732412467e-06]","[4.5158095635100537e-07, 1.392807416955577e-06]","[0.3969798459877192, -0.4365584282767424]",0.1488451579545649
3,3062,"[0.3789727068002166, 0.6613085900866542]","[0.20033155121842627, 0.8577591891930944]","[0.5774626297940497, 0.44302937594826464]","[4.4977448248147305e-07, 1.3872360786746902e-06]","[4.4977468105500407e-07, 1.3872362209510491e-06]","[0.3969798459876662, -0.43655842827677915]",0.14884515872635032
3,3063,"[0.3789727059006676, 0.661308587312182]","[0.20033155121842627, 0.8577591891930944]","[0.5774626288944744, 0.4430293731737742]","[4.479754340219783e-07, 1.3816871685516326e-06]","[4.479756304243132e-07, 1.3816873093430715e-06]","[0.3969798459876136, -0.43655842827681557]",0.1488451594950486
3,3064,"[0.37897270500471675, 0.6613085845488077]","[0.20033155121842627, 0.8577591891930944]","[0.5774626279984976, 0.4430293704103819]","[4.461835815156423e-07, 1.376160453952511e-06]","[4.4618377548211186e-07, 1.3761605932027798e-06]","[0.39697984598756164, -0.43655842827685165]",0.14884516026067213
3,3065,"[0.37897270411234957, 0.6613085817964868]","[0.20033155121842627, 0.8577591891930944]","[0.5774626271061045, 0.443029367658043]","[4.443988958820127e-07, 1.370655845778491e-06]","[4.443990876401571e-07, 1.37065598360131e-06]","[0.3969798459875099, -0.4365584282768875]",0.14884516102323314
3,3066,"[0.37897270322355175, 0.661308579055175]","[0.20033155121842627, 0.8577591891930944]","[0.5774626262172811, 0.4430293649167135]","[4.426213486564527e-07, 1.3651732557621132e-06]","[4.426215381991838e-07, 1.3651733921093978e-06]","[0.3969798459874586, -0.43655842827692304]",0.14884516178274398
3,3067,"[0.37897270233830904, 0.6613085763248285]","[0.20033155121842627, 0.8577591891930944]","[0.577462625332013, 0.44302936218634936]","[4.4085091130699375e-07, 1.359712595971005e-06]","[4.4085109845992676e-07, 1.3597127309084023e-06]","[0.3969798459874079, -0.43655842827695834]",0.14884516253921676
3,3068,"[0.3789727014566072, 0.6613085736054033]","[0.20033155121842627, 0.8577591891930944]","[0.577462624450286, 0.4430293594669067]","[4.390875552690801e-07, 1.3542737783948097e-06]","[4.3908774016720997e-07, 1.354273911791104e-06]","[0.39697984598735747, -0.4365584282769932]",0.14884516329266367
3,3069,"[0.37897270057843213, 0.6613085708968557]","[0.20033155121842627, 0.8577591891930944]","[0.5774626235720859, 0.44302935675834176]","[4.3733125234041455e-07, 1.3488567157698633e-06]","[4.373314349548352e-07, 1.3488568477160179e-06]","[0.3969798459873075, -0.43655842827702784]",0.14884516404309683
3,3070,"[0.3789726997037696, 0.6613085681991423]","[0.20033155121842627, 0.8577591891930944]","[0.5774626226973985, 0.44302935406061117]","[4.355819741519604e-07, 1.3434613213602712e-06]","[4.35582154789671e-07, 1.3434614519192145e-06]","[0.39697984598725766, -0.43655842827706226]",0.14884516479052817
3,3071,"[0.37897269883260565, 0.6613085655122196]","[0.20033155121842627, 0.8577591891930944]","[0.5774626218262098, 0.4430293513736714]","[4.338396926850753e-07, 1.3380875081032586e-06]","[4.3383987130551915e-07, 1.3380876373592088e-06]","[0.39697984598720826, -0.43655842827709646]",0.14884516553496988
3,3072,"[0.3789726979649263, 0.6613085628360446]","[0.20033155121842627, 0.8577591891930944]","[0.577462620958506, 0.44302934869747934]","[4.3210438012505194e-07, 1.3327351898881825e-06]","[4.3210455652475943e-07, 1.3327353178271828e-06]","[0.3969798459871594, -0.43655842827713043]",0.14884516627643385
3,3073,"[0.3789726971007175, 0.6613085601705742]","[0.20033155121842627, 0.8577591891930944]","[0.577462620094273, 0.4430293460319922]","[4.3037600840228654e-07, 1.3274042807029588e-06]","[4.303761826918162e-07, 1.3274044071698299e-06]","[0.3969798459871109, -0.43655842827716396]",0.14884516701493195
3,3074,"[0.3789726962399655, 0.6613085575157656]","[0.20033155121842627, 0.8577591891930944]","[0.5774626192334968, 0.44302934337716693]","[4.2865454979153895e-07, 1.3220946948641877e-06]","[4.2865472199560273e-07, 1.3220948199554883e-06]","[0.3969798459870627, -0.43655842827719726]",0.14884516775047607
3,3075,"[0.3789726953826564, 0.6613085548715761]","[0.20033155121842627, 0.8577591891930944]","[0.5774626183761639, 0.44302934073296096]","[4.269399766358556e-07, 1.3168063471499508e-06]","[4.269401467360545e-07, 1.3168064709190297e-06]","[0.39697984598701497, -0.43655842827723035]",0.1488451684830781
3,3076,"[0.3789726945287764, 0.6613085522379635]","[0.20033155121842627, 0.8577591891930944]","[0.5774626175222602, 0.4430293380993319]","[4.252322614267254e-07, 1.3115391527125286e-06]","[4.2523242937964056e-07, 1.3115392750728816e-06]","[0.39697984598696767, -0.4365584282772631]",0.14884516921274962
3,3077,"[0.3789726936783119, 0.6613085496148852]","[0.20033155121842627, 0.8577591891930944]","[0.5774626166717722, 0.44302933547623735]","[4.2353137665273354e-07, 1.3062930266858646e-06]","[4.235315425593633e-07, 1.3062931477070272e-06]","[0.3969798459869207, -0.43655842827729563]",0.14884516993950253
3,3078,"[0.3789726928312491, 0.6613085470022991]","[0.20033155121842627, 0.8577591891930944]","[0.5774626158246862, 0.44302933286363516]","[4.2183729510738547e-07, 1.301067885017145e-06]","[4.218374590192475e-07, 1.3010680047220724e-06]","[0.3969798459868741, -0.43655842827732794]",0.14884517066334846
3,3079,"[0.37897269198757455, 0.6613085444001634]","[0.20033155121842627, 0.8577591891930944]","[0.5774626149809885, 0.4430293302614834]","[4.2014998963200027e-07, 1.2958636436721449e-06]","[4.2015015144780676e-07, 1.2958637621296454e-06]","[0.3969798459868279, -0.43655842827736]",0.14884517138429898
3,3080,"[0.37897269114727455, 0.6613085418084361]","[0.20033155121842627, 0.8577591891930944]","[0.5774626141406656, 0.4430293276697402]","[4.184694329253307e-07, 1.2906802190511745e-06]","[4.184695927000881e-07, 1.2906803362744412e-06]","[0.39697984598678204, -0.4365584282773919]",0.14884517210236575
3,3081,"[0.3789726903103357, 0.6613085392270757]","[0.20033155121842627, 0.8577591891930944]","[0.5774626133037041, 0.4430293250883639]","[4.167955982477736e-07, 1.2855175278076291e-06]","[4.1679575579767203e-07, 1.285517643834222e-06]","[0.39697984598673675, -0.4365584282774235]",0.14884517281756038
3,3082,"[0.3789726894767445, 0.6613085366560406]","[0.20033155121842627, 0.8577591891930944]","[0.5774626124700903, 0.4430293225173132]","[4.1512845838491703e-07, 1.2803754871515433e-06]","[4.151286139286725e-07, 1.2803756018753276e-06]","[0.39697984598669167, -0.43655842827745484]",0.14884517352989407
3,3083,"[0.3789726886464876, 0.6613085340952897]","[0.20033155121842627, 0.8577591891930944]","[0.5774626116398109, 0.4430293199565467]","[4.134679867614818e-07, 1.2752540144690366e-06]","[4.1346814055875925e-07, 1.2752541279636986e-06]","[0.3969798459866467, -0.4365584282774859]",0.14884517423937849
3,3084,"[0.3789726878195516, 0.6613085315447816]","[0.20033155121842627, 0.8577591891930944]","[0.5774626108128528, 0.4430293174060233]","[4.118141567994999e-07, 1.270153027422331e-06]","[4.1181430859849044e-07, 1.2701531396097643e-06]","[0.3969798459866023, -0.4365584282775167]",0.14884517494602495
3,3085,"[0.3789726869959233, 0.6613085290044756]","[0.20033155121842627, 0.8577591891930944]","[0.5774626099892024, 0.4430293148657019]","[4.101669417509055e-07, 1.2650724440101023e-06]","[4.101670916245581e-07, 1.2650725550455988e-06]","[0.3969798459865582, -0.4365584282775473]",0.14884517564984492
3,3086,"[0.37897268617558943, 0.6613085264743307]","[0.20033155121842627, 0.8577591891930944]","[0.5774626091688468, 0.4430293123355419]","[4.085263153393704e-07, 1.260012182792812e-06]","[4.0852646299160966e-07, 1.2600122925587875e-06]","[0.3969798459865148, -0.4365584282775776]",0.14884517635084965
3,3087,"[0.3789726853585368, 0.6613085239543063]","[0.20033155121842627, 0.8577591891930944]","[0.5774626083517725, 0.4430293098155025]","[4.068922509327577e-07, 1.2549721622954903e-06]","[4.0689239666491517e-07, 1.2549722707144717e-06]","[0.3969798459864715, -0.4365584282776076]",0.14884517704905031
3,3088,"[0.3789726845447523, 0.6613085214443619]","[0.20033155121842627, 0.8577591891930944]","[0.5774626075379665, 0.4430293073055432]","[4.0526472249839127e-07, 1.249952301591219e-06]","[4.0526486644321125e-07, 1.2499524088549485e-06]","[0.39697984598642844, -0.43655842827763747]",0.14884517774445816
3,3089,"[0.3789726837342229, 0.6613085189444573]","[0.20033155121842627, 0.8577591891930944]","[0.5774626067274158, 0.44302930480562375]","[4.036437039107828e-07, 1.2449525202089083e-06]","[4.0364384595870106e-07, 1.2449526263225152e-06]","[0.3969798459863858, -0.4365584282776671]",0.14884517843708447
3,3090,"[0.3789726829269355, 0.6613085164545522]","[0.20033155121842627, 0.8577591891930944]","[0.5774626059201071, 0.44302930231570403]","[4.020291690981279e-07, 1.2399727377056075e-06]","[4.0202930945421045e-07, 1.2399728425704915e-06]","[0.3969798459863433, -0.4365584282776964]",0.14884517912694023
3,3091,"[0.37897268212287716, 0.6613085139746068]","[0.20033155121842627, 0.8577591891930944]","[0.5774626051160279, 0.44302929983574396]","[4.00421092102998e-07, 1.2350128741089637e-06]","[4.0042123045092026e-07, 1.235012977884864e-06]","[0.3969798459863014, -0.4365584282777256]",0.1488451798140366
3,3092,"[0.378972681322035, 0.661308511504581]","[0.20033155121842627, 0.8577591891930944]","[0.5774626043151648, 0.4430292973657038]","[3.988194470764261e-07, 1.2300728498392993e-06]","[3.988195836912567e-07, 1.2300729523850862e-06]","[0.3969798459862597, -0.4365584282777545]",0.14884518049838463
3,3093,"[0.3789726805243961, 0.6613085090444353]","[0.20033155121842627, 0.8577591891930944]","[0.5774626035175052, 0.4430292949055437]","[3.972242083221586e-07, 1.2251525853528163e-06]","[3.9722434319600097e-07, 1.2251526866902118e-06]","[0.39697984598621827, -0.43655842827778313]",0.14884518117999518
3,3094,"[0.3789726797299477, 0.6613085065941301]","[0.20033155121842627, 0.8577591891930944]","[0.5774626027230364, 0.4430292924552243]","[3.956353502846747e-07, 1.2202520017701556e-06]","[3.9563548315246777e-07, 1.220252101918895e-06]","[0.3969798459861774, -0.43655842827781155]",0.1488451818588794
3,3095,"[0.378972678938677, 0.6613085041536261]","[0.20033155121842627, 0.8577591891930944]","[0.5774626019317454, 0.44302929001470615]","[3.940528472581306e-07, 1.2153710202345758e-06]","[3.940529783030833e-07, 1.2153711193563232e-06]","[0.3969798459861368, -0.43655842827783986]",0.1488451825350481
3,3096,"[0.3789726781505713, 0.661308501722884]","[0.20033155121842627, 0.8577591891930944]","[0.5774626011436196, 0.4430292875839501]","[3.924766739758942e-07, 1.210509562453423e-06]","[3.924768030572068e-07, 1.2105096603987064e-06]","[0.3969798459860966, -0.43655842827786784]",0.14884518320851214
3,3097,"[0.37897267736561796, 0.6613084993018649]","[0.20033155121842627, 0.8577591891930944]","[0.5774626003586462, 0.44302928516291706]","[3.909068050886471e-07, 1.2056675502462742e-06]","[3.909069326013537e-07, 1.205667647052877e-06]","[0.3969798459860564, -0.4365584282778956]",0.14884518387928228
3,3098,"[0.37897267658380435, 0.6613084968905297]","[0.20033155121842627, 0.8577591891930944]","[0.5774625995768127, 0.44302928275156817]","[3.8934321531925993e-07, 1.2008449059137651e-06]","[3.8934334112283864e-07, 1.2008450016032235e-06]","[0.39697984598601666, -0.4365584282779231]",0.1488451845473694
3,3099,"[0.3789726758051179, 0.6613084944888399]","[0.20033155121842627, 0.8577591891930944]","[0.5774625987981066, 0.44302928034986466]","[3.8778587966856563e-07, 1.1960415519028136e-06]","[3.877860036416436e-07, 1.1960416464451562e-06]","[0.39697984598597735, -0.43655842827795044]",0.14884518521278414
3,3100,"[0.3789726750295461, 0.6613084920967568]","[0.20033155121842627, 0.8577591891930944]","[0.5774625980225152, 0.44302927795776803]","[3.862347730075032e-07, 1.1912574112810387e-06]","[3.86234895344284e-07, 1.1912575046957308e-06]","[0.39697984598593816, -0.43655842827797753]",0.14884518587553716
3,3101,"[0.3789726742570766, 0.6613084897142419]","[0.20033155121842627, 0.8577591891930944]","[0.5774625972500262, 0.4430292755752397]","[3.8468987058591354e-07, 1.1864924068436865e-06]","[3.8468999125074177e-07, 1.1864924992499581e-06]","[0.3969798459858993, -0.4365584282780045]",0.14884518653563933
3,3102,"[0.37897267348769687, 0.6613084873412571]","[0.20033155121842627, 0.8577591891930944]","[0.5774625964806273, 0.44302927320224156]","[3.831511475155142e-07, 1.1817464623581459e-06]","[3.8315126649202114e-07, 1.181746553613472e-06]","[0.3969798459858608, -0.43655842827803115]",0.14884518719310103
3,3103,"[0.37897267272139457, 0.6613084849777642]","[0.20033155121842627, 0.8577591891930944]","[0.5774625957143058, 0.44302927083873533]","[3.816185789377772e-07, 1.1770195013250227e-06]","[3.816186963656598e-07, 1.1770195915694615e-06]","[0.3969798459858225, -0.4365584282780577]",0.14884518784793288
3,3104,"[0.3789726719581574, 0.6613084826237252]","[0.20033155121842627, 0.8577591891930944]","[0.5774625949510498, 0.4430292684846832]","[3.8009214046561384e-07, 1.172311448161509e-06]","[3.800922560581732e-07, 1.1723115373452053e-06]","[0.39697984598578473, -0.436558428278084]",0.14884518850014547
3,3105,"[0.3789726711979731, 0.6613084802791023]","[0.20033155121842627, 0.8577591891930944]","[0.5774625941908467, 0.44302926614004723]","[3.785718073172777e-07, 1.167622226799773e-06]","[3.785719213111882e-07, 1.1676223149459375e-06]","[0.3969798459857471, -0.4365584282781101]",0.14884518914974917
3,3106,"[0.3789726704408295, 0.6613084779438578]","[0.20033155121842627, 0.8577591891930944]","[0.5774625934336846, 0.44302926380478985]","[3.770575552778432e-07, 1.162951762212653e-06]","[3.7705766731122026e-07, 1.1629518493205815e-06]","[0.3969798459857101, -0.43655842827813596]",0.14884518979675454
3,3107,"[0.3789726696867144, 0.6613084756179544]","[0.20033155121842627, 0.8577591891930944]","[0.577462592679551, 0.44302926147887356]","[3.755493599336875e-07, 1.1582999794448151e-06]","[3.755494702994966e-07, 1.158300065473572e-06]","[0.39697984598567326, -0.4365584282781616]",0.14884519044117187
3,3108,"[0.37897266893561565, 0.6613084733013544]","[0.20033155121842627, 0.8577591891930944]","[0.577462591928434, 0.44302925916226094]","[3.740471970686943e-07, 1.1536668035622753e-06]","[3.7404730579559953e-07, 1.153666888520366e-06]","[0.3969798459856366, -0.436558428278187]",0.14884519108301147
3,3109,"[0.37897266818752123, 0.6613084709940208]","[0.20033155121842627, 0.8577591891930944]","[0.5774625911803213, 0.4430292568549146]","[3.725510425114396e-07, 1.1490521600232915e-06]","[3.7255114981871174e-07, 1.1490522440205098e-06]","[0.3969798459856001, -0.43655842827821234]",0.14884519172228378
3,3110,"[0.37897266744241914, 0.6613084686959164]","[0.20033155121842627, 0.8577591891930944]","[0.5774625904352012, 0.4430292545567977]","[3.710608724701243e-07, 1.1444559748141771e-06]","[3.710609779994378e-07, 1.1444560578111052e-06]","[0.39697984598556413, -0.43655842827823743]",0.1488451923589991
3,3111,"[0.3789726667002974, 0.6613084664070045]","[0.20033155121842627, 0.8577591891930944]","[0.5774625896930616, 0.4430292522678734]","[3.6957666276925665e-07, 1.13987817435473e-06]","[3.6957676657900507e-07, 1.1398782562288545e-06]","[0.3969798459855285, -0.4365584282782622]",0.14884519299316748
3,3112,"[0.37897266596114404, 0.6613084641272481]","[0.20033155121842627, 0.8577591891930944]","[0.5774625889538905, 0.44302924998810467]","[3.680983895725411e-07, 1.135318684738714e-06]","[3.680984919651742e-07, 1.1353187656104602e-06]","[0.39697984598549285, -0.43655842827828684]",0.14884519362479914
3,3113,"[0.37897266522494727, 0.6613084618566107]","[0.20033155121842627, 0.8577591891930944]","[0.5774625882176762, 0.4430292477174551]","[3.6662602932360416e-07, 1.1307774330537193e-06]","[3.666261300105944e-07, 1.1307775129032471e-06]","[0.39697984598545777, -0.43655842827831126]",0.1488451942539044
3,3114,"[0.3789726644916952, 0.6613084595950559]","[0.20033155121842627, 0.8577591891930944]","[0.5774625874844066, 0.4430292454558881]","[3.6515955814531433e-07, 1.126254346269965e-06]","[3.6515965734507105e-07, 1.1262544251655626e-06]","[0.3969798459854228, -0.4365584282783356]",0.14884519488049314
3,3115,"[0.37897266376137606, 0.6613084573425472]","[0.20033155121842627, 0.8577591891930944]","[0.5774625867540701, 0.44302924320336734]","[3.6369895258114445e-07, 1.121749351433791e-06]","[3.636990502098314e-07, 1.1217494293447317e-06]","[0.39697984598538816, -0.43655842827835967]",0.14884519550457564
3,3116,"[0.37897266303397814, 0.6613084550990485]","[0.20033155121842627, 0.8577591891930944]","[0.577462586026655, 0.44302924095985663]","[3.622441891832962e-07, 1.1172623764796195e-06]","[3.622442853457031e-07, 1.1172624534983022e-06]","[0.39697984598535374, -0.43655842827838365]",0.14884519612616182
3,3117,"[0.3789726623094898, 0.6613084528645237]","[0.20033155121842627, 0.8577591891930944]","[0.5774625853021497, 0.44302923872531996]","[3.607952447087087e-07, 1.1127933492047629e-06]","[3.6079533921595797e-07, 1.1127934252952443e-06]","[0.39697984598531977, -0.4365584282784074]",0.14884519674526167
3,3118,"[0.3789726615878993, 0.661308450638937]","[0.20033155121842627, 0.8577591891930944]","[0.5774625845805423, 0.44302923649972153]","[3.5935209562904026e-07, 1.1083421979324864e-06]","[3.593521884504014e-07, 1.1083422729596393e-06]","[0.39697984598528613, -0.43655842827843083]",0.14884519736188506
3,3119,"[0.37897266086919507, 0.6613084484222526]","[0.20033155121842627, 0.8577591891930944]","[0.5774625838618213, 0.4430292342830255]","[3.5791471888709784e-07, 1.1039088510885045e-06]","[3.579148104559948e-07, 1.1039089251596579e-06]","[0.3969798459852524, -0.43655842827845415]",0.148845197976042
3,3120,"[0.3789726601533656, 0.6613084462144349]","[0.20033155121842627, 0.8577591891930944]","[0.5774625831459752, 0.4430292320751962]","[3.5648309145073753e-07, 1.0994932374332425e-06]","[3.5648318141845436e-07, 1.099493310618982e-06]","[0.3969798459852192, -0.43655842827847735]",0.1488451985877423
3,3121,"[0.37897265944039943, 0.6613084440154484]","[0.20033155121842627, 0.8577591891930944]","[0.5774625824329924, 0.4430292298761983]","[3.5505719019808355e-07, 1.095095286198721e-06]","[3.550572789112749e-07, 1.095095358338849e-06]","[0.396979845985186, -0.4365584282785002]",0.1488451991969958
3,3122,"[0.3789726587302851, 0.6613084418252578]","[0.20033155121842627, 0.8577591891930944]","[0.5774625817228616, 0.4430292276859963]","[3.536369924414052e-07, 1.0907149264514928e-06]","[3.5363707989732873e-07, 1.0907149977645858e-06]","[0.396979845985153, -0.4365584282785231]",0.1488451998038123
3,3123,"[0.3789726580230111, 0.661308439643828]","[0.20033155121842627, 0.8577591891930944]","[0.5774625810155714, 0.44302922550455515]","[3.522224752225608e-07, 1.0863520880864795e-06]","[3.5222256122846574e-07, 1.0863521585080527e-06]","[0.3969798459851205, -0.43655842827854574]",0.1488452004082016
3,3124,"[0.37897265731856616, 0.6613084374711239]","[0.20033155121842627, 0.8577591891930944]","[0.5774625803111103, 0.4430292233318398]","[3.5081361580010117e-07, 1.0820067009617762e-06]","[3.508137003116474e-07, 1.0820067704586656e-06]","[0.3969798459850883, -0.43655842827856817]",0.1488452010101733
3,3125,"[0.3789726566169389, 0.6613084353071105]","[0.20033155121842627, 0.8577591891930944]","[0.577462579609467, 0.4430292211678153]","[3.494103914616982e-07, 1.0776786950657806e-06]","[3.494104746648574e-07, 1.0776787636168628e-06]","[0.3969798459850562, -0.43655842827859037]",0.14884520160973713
3,3126,"[0.37897265591811813, 0.6613084331517531]","[0.20033155121842627, 0.8577591891930944]","[0.5774625789106304, 0.4430292190124469]","[3.4801277987645895e-07, 1.0733680011468097e-06]","[3.480128616950573e-07, 1.0733680688157499e-06]","[0.39697984598502445, -0.43655842827861246]",0.14884520220690273
3,3127,"[0.37897265522209256, 0.6613084310050171]","[0.20033155121842627, 0.8577591891930944]","[0.577462578214589, 0.44302921686569996]","[3.466207584309149e-07, 1.069074549717388e-06]","[3.4662083892023077e-07, 1.0690746164443432e-06]","[0.3969798459849929, -0.43655842827863434]",0.14884520280167968
3,3128,"[0.37897265452885104, 0.661308428866868]","[0.20033155121842627, 0.8577591891930944]","[0.5774625775213318, 0.44302921472754]","[3.452343049131099e-07, 1.0647982719494461e-06]","[3.452343841914285e-07, 1.0647983378353487e-06]","[0.3969798459849615, -0.4365584282786561]",0.14884520339407747
3,3129,"[0.3789726538383824, 0.6613084267372715]","[0.20033155121842627, 0.8577591891930944]","[0.5774625768308477, 0.4430292125979327]","[3.4385339698439907e-07, 1.0605390992198064e-06]","[3.438534748045896e-07, 1.06053916421045e-06]","[0.3969798459849305, -0.43655842827867763]",0.14884520398410575
3,3130,"[0.37897265315067563, 0.6613084246161933]","[0.20033155121842627, 0.8577591891930944]","[0.5774625761431256, 0.44302921047684385]","[3.424780124845061e-07, 1.056296962970795e-06]","[3.424780888328094e-07, 1.0562970270133754e-06]","[0.3969798459848999, -0.43655842827869895]",0.14884520457177391
3,3131,"[0.3789726524657196, 0.6613084225035994]","[0.20033155121842627, 0.8577591891930944]","[0.5774625754581542, 0.4430292083642393]","[3.41108129156143e-07, 1.0520717951721356e-06]","[3.4110820440469425e-07, 1.052071858465009e-06]","[0.39697984598486913, -0.43655842827872027]",0.14884520515709138
3,3132,"[0.3789726517835033, 0.6613084203994558]","[0.20033155121842627, 0.8577591891930944]","[0.5774625747759228, 0.44302920626008513]","[3.3974372522777564e-07, 1.0478635277043118e-06]","[3.3974379903822793e-07, 1.0478635901756128e-06]","[0.39697984598483893, -0.43655842827874136]",0.14884520574006765
3,3133,"[0.37897265110401585, 0.6613084183037288]","[0.20033155121842627, 0.8577591891930944]","[0.5774625740964203, 0.44302920416434766]","[3.3838477868540684e-07, 1.0436720932567625e-06]","[3.3838485108406147e-07, 1.0436721548656713e-06]","[0.39697984598480895, -0.43655842827876223]",0.14884520632071202
3,3134,"[0.37897265042724626, 0.6613084162163846]","[0.20033155121842627, 0.8577591891930944]","[0.5774625734196359, 0.4430292020769931]","[3.370312676075665e-07, 1.0394974244012134e-06]","[3.3703133855977896e-07, 1.0394974852001582e-06]","[0.3969798459847793, -0.436558428278783]",0.1488452068990338
3,3135,"[0.37897264975318373, 0.6613084141373897]","[0.20033155121842627, 0.8577591891930944]","[0.5774625727455587, 0.44302919999798795]","[3.3568317049042033e-07, 1.0353394540282649e-06]","[3.356832399825649e-07, 1.0353395139550692e-06]","[0.3969798459847499, -0.43655842827880353]",0.14884520747504235
3,3136,"[0.3789726490818174, 0.6613084120667108]","[0.20033155121842627, 0.8577591891930944]","[0.5774625720741777, 0.44302919792729883]","[3.343404655163582e-07, 1.031198115278933e-06]","[3.3434053359204796e-07, 1.0311981742949783e-06]","[0.3969798459847207, -0.43655842827882385]",0.14884520804874682
3,3137,"[0.37897264841313644, 0.6613084100043145]","[0.20033155121842627, 0.8577591891930944]","[0.5774625714054822, 0.4430291958648924]","[3.330031310279707e-07, 1.027073341734742e-06]","[3.330031979609238e-07, 1.0270734000505932e-06]","[0.3969798459846915, -0.43655842827884417]",0.14884520862015654
3,3138,"[0.3789726477471302, 0.6613084079501679]","[0.20033155121842627, 0.8577591891930944]","[0.5774625707394615, 0.4430291938107358]","[3.3167114572120104e-07, 1.0229650673690652e-06]","[3.3167121143984346e-07, 1.022965124775066e-06]","[0.3969798459846626, -0.43655842827886415]",0.14884520918928054
3,3139,"[0.3789726470837879, 0.6613084059042378]","[0.20033155121842627, 0.8577591891930944]","[0.5774625700761049, 0.4430291917647957]","[3.303444882499366e-07, 1.0188732258938259e-06]","[3.3034455271252483e-07, 1.01887328257666e-06]","[0.396979845984634, -0.43655842827888414]",0.14884520975612814
3,3140,"[0.3789726464230989, 0.6613084038664914]","[0.20033155121842627, 0.8577591891930944]","[0.5774625694154016, 0.4430291897270394]","[3.2902313702581853e-07, 1.0147977517027318e-06]","[3.2902320035166355e-07, 1.0147978075636388e-06]","[0.39697984598460545, -0.4365584282789039]",0.14884521032070824
3,3141,"[0.37897264576505263, 0.6613084018368959]","[0.20033155121842627, 0.8577591891930944]","[0.5774625687573413, 0.44302918769743416]","[3.277070710721697e-07, 1.010738579170523e-06]","[3.2770713315199984e-07, 1.0107386341773328e-06]","[0.39697984598457725, -0.43655842827892344]",0.1488452108830301
3,3142,"[0.37897264510963846, 0.6613083998154187]","[0.20033155121842627, 0.8577591891930944]","[0.5774625681019131, 0.4430291856759472]","[3.2639626912320256e-07, 1.006695642996201e-06]","[3.2639633001929624e-07, 1.0066956973031616e-06]","[0.3969798459845493, -0.436558428278943]",0.1488452114431027
3,3143,"[0.3789726444568459, 0.6613083978020274]","[0.20033155121842627, 0.8577591891930944]","[0.5774625674491067, 0.4430291836625463]","[3.2509071025145617e-07, 1.0026688787175997e-06]","[3.2509076980380414e-07, 1.002668932270634e-06]","[0.39697984598452163, -0.4365584282789623]",0.14884521200093498
3,3144,"[0.3789726438066645, 0.6613083957966897]","[0.20033155121842627, 0.8577591891930944]","[0.5774625667989115, 0.44302918165719896]","[3.2379037335900707e-07, 9.986582211428748e-07]","[3.2379043185537526e-07, 9.986582738541472e-07]","[0.396979845984494, -0.4365584282789814]",0.148845212556536
3,3145,"[0.37897264315908374, 0.6613083937993732]","[0.20033155121842627, 0.8577591891930944]","[0.5774625661513171, 0.44302917965987304]","[3.224952376470414e-07, 9.946636061491366e-07]","[3.224952949132387e-07, 9.946636581048551e-07]","[0.3969798459844667, -0.4365584282790004]",0.14884521310991455
3,3146,"[0.3789726425140933, 0.661308391810046]","[0.20033155121842627, 0.8577591891930944]","[0.577462565506313, 0.4430291776705364]","[3.2120528233267705e-07, 9.906849693466695e-07]","[3.2120533849377964e-07, 9.906850204632889e-07]","[0.39697984598443947, -0.43655842827901914]",0.14884521366107964
3,3147,"[0.3789726418716827, 0.661308389828676]","[0.20033155121842627, 0.8577591891930944]","[0.577462564863889, 0.4430291756891571]","[3.1992048658429094e-07, 9.86722247060737e-07]","[3.1992054155827176e-07, 9.867222973691803e-07]","[0.3969798459844126, -0.4365584282790378]",0.14884521421004007
3,3148,"[0.37897264123184177, 0.6613083878552315]","[0.20033155121842627, 0.8577591891930944]","[0.5774625642240347, 0.44302917371570333]","[3.186408298770449e-07, 9.827753753925683e-07]","[3.186408836231003e-07, 9.827754249847054e-07]","[0.39697984598438596, -0.43655842827905633]",0.14884521475680473
3,3149,"[0.3789726405945601, 0.6613083858896808]","[0.20033155121842627, 0.8577591891930944]","[0.5774625635867399, 0.4430291717501434]","[3.1736629150930655e-07, 9.78844291258035e-07]","[3.173663440381169e-07, 9.788443401381741e-07]","[0.39697984598435954, -0.43655842827907476]",0.14884521530138223
3,3150,"[0.3789726399598275, 0.6613083839319922]","[0.20033155121842627, 0.8577591891930944]","[0.5774625629519942, 0.4430291697924457]","[3.16096851059641e-07, 9.749289312669098e-07]","[3.160969024307292e-07, 9.749289793803406e-07]","[0.39697984598433333, -0.43655842827909297]",0.14884521584378152
3,3151,"[0.3789726393276338, 0.6613083819821344]","[0.20033155121842627, 0.8577591891930944]","[0.5774625623197875, 0.44302916784257884]","[3.148324882679613e-07, 9.710292326459315e-07]","[3.148325383173223e-07, 9.710292800391152e-07]","[0.39697984598430747, -0.43655842827911107]",0.14884521638401121
3,3152,"[0.3789726386979688, 0.6613083800400759]","[0.20033155121842627, 0.8577591891930944]","[0.5774625616901097, 0.44302916590051133]","[3.1357318267742357e-07, 9.671451324995348e-07]","[3.135732315473483e-07, 9.671451791648522e-07]","[0.3969798459842817, -0.43655842827912905]",0.14884521692207997
3,3153,"[0.37897263807082243, 0.6613083781057856]","[0.20033155121842627, 0.8577591891930944]","[0.5774625610629505, 0.44302916396621217]","[3.1231891404993827e-07, 9.632765687017743e-07]","[3.12318961859237e-07, 9.632766145850624e-07]","[0.39697984598425606, -0.4365584282791468]",0.14884521745799642
3,3154,"[0.3789726374461846, 0.6613083761792324]","[0.20033155121842627, 0.8577591891930944]","[0.5774625604382999, 0.44302916203965015]","[3.110696623441549e-07, 9.594234790513472e-07]","[3.1106970904692943e-07, 9.594235242937899e-07]","[0.39697984598423064, -0.4365584282791646]",0.1488452179917693
3,3155,"[0.37897263682404525, 0.6613083742603855]","[0.20033155121842627, 0.8577591891930944]","[0.5774625598161479, 0.4430291601207944]","[3.0982540742294296e-07, 9.555858016519651e-07]","[3.098254531264111e-07, 9.555858461740563e-07]","[0.3969798459842053, -0.4365584282791821]",0.14884521852340699
3,3156,"[0.3789726362043944, 0.6613083723492139]","[0.20033155121842627, 0.8577591891930944]","[0.5774625591964846, 0.4430291582096142]","[3.0858612936992817e-07, 9.517634748595996e-07]","[3.0858617394713406e-07, 9.517635186084838e-07]","[0.39697984598418035, -0.43655842827919944]",0.14884521905291817
3,3157,"[0.37897263558722216, 0.6613083704456869]","[0.20033155121842627, 0.8577591891930944]","[0.5774625585792998, 0.4430291563060786]","[3.073518082314072e-07, 9.479564370890057e-07]","[3.07351851913662e-07, 9.47956480090717e-07]","[0.39697984598415537, -0.43655842827921665]",0.1488452195803113
3,3158,"[0.37897263497251854, 0.661308368549774]","[0.20033155121842627, 0.8577591891930944]","[0.5774625579645839, 0.4430291544101571]","[3.061224242678688e-07, 9.441646274247738e-07]","[3.06122466875447e-07, 9.441646698360451e-07]","[0.3969798459841307, -0.43655842827923386]",0.14884522010559492
3,3159,"[0.3789726343602737, 0.6613083666614448]","[0.20033155121842627, 0.8577591891930944]","[0.5774625573523269, 0.4430291525218194]","[3.0489795763227953e-07, 9.40387984879184e-07]","[3.04897999015008e-07, 9.40388026504646e-07]","[0.3969798459841064, -0.43655842827925073]",0.1488452206287774
3,3160,"[0.37897263375047774, 0.6613083647806688]","[0.20033155121842627, 0.8577591891930944]","[0.5774625567425189, 0.443029150641035]","[3.036783886333102e-07, 9.366264487571413e-07]","[3.0367842884793106e-07, 9.366264897558985e-07]","[0.3969798459840823, -0.4365584282792676]",0.14884522114986715
3,3161,"[0.37897263314312096, 0.6613083629074159]","[0.20033155121842627, 0.8577591891930944]","[0.5774625561351501, 0.4430291487677738]","[3.024636977379337e-07, 9.328799586970577e-07]","[3.0246373694531314e-07, 9.328799989716252e-07]","[0.3969798459840582, -0.43655842827928426]",0.14884522166887254
3,3162,"[0.3789726325381936, 0.661308361041656]","[0.20033155121842627, 0.8577591891930944]","[0.5774625555302109, 0.4430291469020056]","[3.012538655497997e-07, 9.291484545068515e-07]","[3.012539034896733e-07, 9.291484940887607e-07]","[0.3969798459840346, -0.4365584282793008]",0.14884522218580198
3,3163,"[0.37897263193568587, 0.6613083591833591]","[0.20033155121842627, 0.8577591891930944]","[0.5774625549276913, 0.44302914504370045]","[3.0004887240946354e-07, 9.254318759834756e-07]","[3.0004890944068663e-07, 9.254319149332169e-07]","[0.3969798459840108, -0.43655842827931723]",0.14884522270066364
3,3164,"[0.3789726313355881, 0.6613083573324953]","[0.20033155121842627, 0.8577591891930944]","[0.5774625543275818, 0.4430291431928285]","[2.9884869909859077e-07, 9.21730163771385e-07]","[2.988487351474056e-07, 9.217302020525509e-07]","[0.3969798459839873, -0.43655842827933355]",0.14884522321346585
3,3165,"[0.3789726307378907, 0.661308355489035]","[0.20033155121842627, 0.8577591891930944]","[0.5774625537298728, 0.4430291413493601]","[2.976533263028825e-07, 9.180432584666293e-07]","[2.976533612364385e-07, 9.18043296105342e-07]","[0.3969798459839641, -0.43655842827934976]",0.14884522372421688
3,3166,"[0.3789726301425841, 0.6613083536529485]","[0.20033155121842627, 0.8577591891930944]","[0.5774625531345545, 0.44302913951326556]","[2.964627347867324e-07, 9.143711005870376e-07]","[2.964627688339938e-07, 9.143711375836361e-07]","[0.39697984598394087, -0.43655842827936586]",0.14884522423292496
3,3167,"[0.3789726295496586, 0.6613083518242063]","[0.20033155121842627, 0.8577591891930944]","[0.5774625525416176, 0.44302913768451546]","[2.952769055067841e-07, 9.107136312604941e-07]","[2.952769384556575e-07, 9.107136675345906e-07]","[0.396979845983918, -0.43655842827938174]",0.1488452247395981
3,3168,"[0.3789726289591048, 0.6613083500027791]","[0.20033155121842627, 0.8577591891930944]","[0.5774625519510524, 0.44302913586308035]","[2.940958193003155e-07, 9.070707916791491e-07]","[2.94095851172127e-07, 9.070708272829187e-07]","[0.39697984598389535, -0.4365584282793975]",0.14884522524424465
3,3169,"[0.3789726283709131, 0.6613083481886375]","[0.20033155121842627, 0.8577591891930944]","[0.5774625513628495, 0.44302913404893085]","[2.9291945724249023e-07, 9.034425231627185e-07]","[2.929194881096109e-07, 9.034425582088446e-07]","[0.3969798459838728, -0.43655842827941327]",0.1488452257468726
3,3170,"[0.3789726277850742, 0.6613083463817524]","[0.20033155121842627, 0.8577591891930944]","[0.5774625507769995, 0.443029132242038]","[2.9174780053649364e-07, 8.998287676537849e-07]","[2.917478302277843e-07, 8.998288020256595e-07]","[0.3969798459838506, -0.4365584282794288]",0.14884522624749014
3,3171,"[0.3789726272015786, 0.6613083445820949]","[0.20033155121842627, 0.8577591891930944]","[0.5774625501934928, 0.44302913044237274]","[2.905808302661586e-07, 8.962294670786627e-07]","[2.905808590414338e-07, 8.962295008352328e-07]","[0.3969798459838284, -0.43655842827944424]",0.14884522674610512
3,3172,"[0.3789726266204169, 0.6613083427896359]","[0.20033155121842627, 0.8577591891930944]","[0.5774625496123201, 0.44302912864990607]","[2.8941852774671715e-07, 8.92644563581621e-07]","[2.8941855551023465e-07, 8.926445968504559e-07]","[0.3969798459838064, -0.4365584282794597]",0.14884522724272564
3,3173,"[0.3789726260415799, 0.6613083410043468]","[0.20033155121842627, 0.8577591891930944]","[0.5774625490334722, 0.4430291268646094]","[2.882608742576535e-07, 8.890739995841952e-07]","[2.8826090109346225e-07, 8.890740321176871e-07]","[0.39697984598378455, -0.4365584282794748]",0.1488452277373597
3,3174,"[0.3789726254650581, 0.6613083392261988]","[0.20033155121842627, 0.8577591891930944]","[0.5774625484569396, 0.44302912508645387]","[2.8710785115242694e-07, 8.855177178721064e-07]","[2.871078770283475e-07, 8.855177497935074e-07]","[0.3969798459837629, -0.4365584282794899]",0.14884522823001523
3,3175,"[0.37897262489084244, 0.6613083374551634]","[0.20033155121842627, 0.8577591891930944]","[0.5774625478827131, 0.443029123315411]","[2.859594401456187e-07, 8.819756610957011e-07]","[2.859594651072328e-07, 8.81975692312853e-07]","[0.39697984598374136, -0.43655842827950475]",0.1488452287207001
3,3176,"[0.37897262431892353, 0.6613083356912121]","[0.20033155121842627, 0.8577591891930944]","[0.5774625473107835, 0.4430291215514523]","[2.848156224823261e-07, 8.784477724163426e-07]","[2.8481564656734903e-07, 8.784478029988385e-07]","[0.39697984598371994, -0.4365584282795195]",0.14884522920942223
3,3177,"[0.3789726237492923, 0.6613083339343165]","[0.20033155121842627, 0.8577591891930944]","[0.5774625467411417, 0.4430291197945494]","[2.8367638003832126e-07, 8.749339951875215e-07]","[2.836764030900163e-07, 8.749340252300897e-07]","[0.39697984598369884, -0.4365584282795343]",0.14884522969618957
3,3178,"[0.3789726231819395, 0.6613083321844485]","[0.20033155121842627, 0.8577591891930944]","[0.5774625461737783, 0.4430291180446741]","[2.825416942565301e-07, 8.714342728931315e-07]","[2.8254171663411043e-07, 8.714343022742099e-07]","[0.39697984598367764, -0.4365584282795488]",0.14884523018100979
3,3179,"[0.37897262261685616, 0.66130833044158]","[0.20033155121842627, 0.8577591891930944]","[0.5774625456086846, 0.4430291163017983]","[2.814115472005016e-07, 8.679485494738989e-07]","[2.8141156854788463e-07, 8.679485783424923e-07]","[0.3969798459836569, -0.43655842827956337]",0.14884523066389074
3,3180,"[0.37897262205403304, 0.6613083287056829]","[0.20033155121842627, 0.8577591891930944]","[0.5774625450458511, 0.44302911456589406]","[2.802859204811724e-07, 8.644767688127537e-07]","[2.8028594090123704e-07, 8.644767970356071e-07]","[0.3969798459836362, -0.4365584282795777]",0.1488452311448402
3,3181,"[0.37897262149346117, 0.6613083269767294]","[0.20033155121842627, 0.8577591891930944]","[0.577462544485269, 0.44302911283693336]","[2.791647961189848e-07, 8.610188751571037e-07]","[2.791648156530435e-07, 8.610189028424031e-07]","[0.3969798459836157, -0.436558428279592]",0.1488452316238658
3,3182,"[0.37897262093513157, 0.6613083252546916]","[0.20033155121842627, 0.8577591891930944]","[0.5774625439269293, 0.4430291111148885]","[2.7804815615803423e-07, 8.575748130204657e-07]","[2.780481746511576e-07, 8.57574840196218e-07]","[0.3969798459835955, -0.4365584282796062]",0.14884523210097542
3,3183,"[0.37897262037903523, 0.661308323539542]","[0.20033155121842627, 0.8577591891930944]","[0.5774625433708229, 0.44302910939973195]","[2.76935982522843e-07, 8.54144527030072e-07]","[2.7693600007649977e-07, 8.541445535859005e-07]","[0.3969798459835754, -0.4365584282796202]",0.1488452325761765
3,3184,"[0.3789726198251633, 0.661308321831253]","[0.20033155121842627, 0.8577591891930944]","[0.577462542816941, 0.44302910769143594]","[2.758282574992557e-07, 8.507279620086445e-07]","[2.758282741655016e-07, 8.507279879443885e-07]","[0.3969798459835554, -0.4365584282796341]",0.1488452330494769
3,3185,"[0.3789726192735068, 0.661308320129797]","[0.20033155121842627, 0.8577591891930944]","[0.5774625422652746, 0.443029105989973]","[2.747249632236905e-07, 8.473250630495761e-07]","[2.747249789325501e-07, 8.473250884821759e-07]","[0.39697984598353564, -0.43655842827964797]",0.14884523352088405
3,3186,"[0.37897261872405685, 0.6613083184351469]","[0.20033155121842627, 0.8577591891930944]","[0.5774625417158149, 0.44302910429531606]","[2.7362608197990046e-07, 8.439357758105117e-07]","[2.7362609666958804e-07, 8.439358007428233e-07]","[0.3969798459835161, -0.43655842827966174]",0.14884523399040556
3,3187,"[0.37897261817680467, 0.6613083167472754]","[0.20033155121842627, 0.8577591891930944]","[0.577462541168553, 0.4430291026074378]","[2.725315959390871e-07, 8.405600455798656e-07]","[2.7253160977958046e-07, 8.405600698813132e-07]","[0.39697984598349667, -0.4365584282796753]",0.148845234458049
3,3188,"[0.37897261763174145, 0.6613083150661553]","[0.20033155121842627, 0.8577591891930944]","[0.57746254062348, 0.44302910092631087]","[2.7144148775468623e-07, 8.371978180372891e-07]","[2.714415009430482e-07, 8.371978418297843e-07]","[0.39697984598347713, -0.4365584282796888]",0.14884523492382185
3,3189,"[0.3789726170888585, 0.6613083133917597]","[0.20033155121842627, 0.8577591891930944]","[0.5774625400805874, 0.4430290992519086]","[2.7035573996120933e-07, 8.338490394483559e-07]","[2.7035575239642284e-07, 8.338490625758865e-07]","[0.3969798459834578, -0.43655842827970215]",0.14884523538773162
3,3190,"[0.378972616548147, 0.6613083117240616]","[0.20033155121842627, 0.8577591891930944]","[0.5774625395398664, 0.44302909758420383]","[2.6927433497357144e-07, 8.30513655762137e-07]","[2.692743465981806e-07, 8.305136783848255e-07]","[0.3969798459834387, -0.43655842827971547]",0.1488452358497858
3,3191,"[0.37897261600959836, 0.6613083100630343]","[0.20033155121842627, 0.8577591891930944]","[0.5774625390013083, 0.44302909592316997]","[2.681972555507819e-07, 8.27191613518229e-07]","[2.681972662843535e-07, 8.271916355218067e-07]","[0.39697984598341984, -0.43655842827972857]",0.14884523630999175
3,3192,"[0.3789726154732039, 0.6613083084086511]","[0.20033155121842627, 0.8577591891930944]","[0.5774625384649044, 0.44302909426878023]","[2.6712448427286286e-07, 8.238828594296624e-07]","[2.671244943019957e-07, 8.238828809736809e-07]","[0.39697984598340097, -0.4365584282797417]",0.14884523676835681
3,3193,"[0.3789726149389549, 0.6613083067608854]","[0.20033155121842627, 0.8577591891930944]","[0.5774625379306461, 0.4430290926210081]","[2.660560039818653e-07, 8.205873401867772e-07]","[2.6605601316509464e-07, 8.205873611166759e-07]","[0.3969798459833823, -0.43655842827975455]",0.14884523722488846
3,3194,"[0.3789726144068429, 0.6613083051197107]","[0.20033155121842627, 0.8577591891930944]","[0.5774625373985248, 0.443029090979827]","[2.6499179743356975e-07, 8.173050030206287e-07]","[2.649918057207046e-07, 8.173050234372425e-07]","[0.3969798459833639, -0.43655842827976743]",0.148845237679594
3,3195,"[0.37897261387685927, 0.6613083034851007]","[0.20033155121842627, 0.8577591891930944]","[0.5774625368685321, 0.4430290893452106]","[2.6393184752322955e-07, 8.140357950137909e-07]","[2.639318548713909e-07, 8.140358149222315e-07]","[0.3969798459833457, -0.4365584282797802]",0.14884523813248074
3,3196,"[0.37897261334899557, 0.6613083018570292]","[0.20033155121842627, 0.8577591891930944]","[0.5774625363406594, 0.44302908771713273]","[2.6287613725129355e-07, 8.107796637715738e-07]","[2.628761437417637e-07, 8.107796831691161e-07]","[0.3969798459833276, -0.43655842827979285]",0.14884523858355592
3,3197,"[0.3789726128232433, 0.6613083002354698]","[0.20033155121842627, 0.8577591891930944]","[0.5774625358148981, 0.44302908609556707]","[2.618246497364164e-07, 8.07536556947672e-07]","[2.618246552898995e-07, 8.075365759419029e-07]","[0.3969798459833097, -0.4365584282798055]",0.14884523903282687
3,3198,"[0.378972612299594, 0.6613082986203968]","[0.20033155121842627, 0.8577591891930944]","[0.5774625352912399, 0.4430290844804878]","[2.607773680805738e-07, 8.043064224907509e-07]","[2.607773728069418e-07, 8.043064409490874e-07]","[0.39697984598329183, -0.43655842827981794]",0.1488452394803007
3,3199,"[0.37897261177803926, 0.661308297011784]","[0.20033155121842627, 0.8577591891930944]","[0.5774625347696762, 0.44302908287186876]","[2.5973427536652297e-07, 8.010892085467499e-07]","[2.597342794175006e-07, 8.010892265652991e-07]","[0.39697984598327396, -0.4365584282798304]",0.14884523992598458
3,3200,"[0.37897261125857074, 0.6613082954096056]","[0.20033155121842627, 0.8577591891930944]","[0.5774625342501989, 0.4430290812696842]","[2.5869535495001065e-07, 7.978848633485261e-07]","[2.5869535824618595e-07, 7.978848808876116e-07]","[0.3969798459832563, -0.4365584282798427]",0.14884524036988583
3,3201,"[0.37897261074118005, 0.6613082938138358]","[0.20033155121842627, 0.8577591891930944]","[0.5774625337327994, 0.44302907967390837]","[2.5766059005073454e-07, 7.946933353210646e-07]","[2.5766059263965246e-07, 7.946933524016764e-07]","[0.39697984598323877, -0.4365584282798549]",0.1488452408120114
3,3202,"[0.3789726102258589, 0.6613082922244492]","[0.20033155121842627, 0.8577591891930944]","[0.5774625332174697, 0.4430290780845157]","[2.5662996410917425e-07, 7.915145734595264e-07]","[2.5662996577802133e-07, 7.915145900372345e-07]","[0.39697984598322156, -0.436558428279867]",0.14884524125236853
3,3203,"[0.37897260971259894, 0.66130829064142]","[0.20033155121842627, 0.8577591891930944]","[0.5774625327042011, 0.4430290765014805]","[2.5560346049400766e-07, 7.883485264405996e-07]","[2.5560346139652523e-07, 7.883485426130044e-07]","[0.39697984598320435, -0.4365584282798791]",0.1488452416909642
3,3204,"[0.37897260920139203, 0.6613082890647229]","[0.20033155121842627, 0.8577591891930944]","[0.5774625321929856, 0.44302907492477744]","[2.5458106277213213e-07, 7.851951434839139e-07]","[2.545810630638634e-07, 7.851951591142381e-07]","[0.39697984598318714, -0.436558428279891]",0.14884524212780553
3,3205,"[0.37897260869222993, 0.6613082874943327]","[0.20033155121842627, 0.8577591891930944]","[0.5774625316838151, 0.44302907335438135]","[2.535627545829432e-07, 7.820543741032968e-07]","[2.5356275396015704e-07, 7.820543890812992e-07]","[0.3969798459831704, -0.43655842827990265]",0.1488452425628995
3,3206,"[0.3789726081851044, 0.661308285930224]","[0.20033155121842627, 0.8577591891930944]","[0.5774625311766812, 0.4430290717902668]","[2.525485194180567e-07, 7.789261676350779e-07]","[2.525485180426834e-07, 7.789261821100624e-07]","[0.3969798459831536, -0.4365584282799143]",0.148845242996253
3,3207,"[0.3789726076800074, 0.6613082843723717]","[0.20033155121842627, 0.8577591891930944]","[0.5774625306715759, 0.4430290702324087]","[2.515383411123823e-07, 7.758104739805517e-07]","[2.5153833888014177e-07, 7.758104880184469e-07]","[0.39697984598313707, -0.43655842827992597]",0.14884524342787325
3,3208,"[0.3789726071769307, 0.6613082828207507]","[0.20033155121842627, 0.8577591891930944]","[0.577462530168491, 0.443029068680782]","[2.505322032817813e-07, 7.727072429413668e-07]","[2.5053220026327594e-07, 7.727072564023274e-07]","[0.39697984598312064, -0.4365584282799374]",0.1488452438577669
3,3209,"[0.3789726066758663, 0.6613082812753363]","[0.20033155121842627, 0.8577591891930944]","[0.5774625296674184, 0.44302906713536183]","[2.495300899739019e-07, 7.696164247270093e-07]","[2.4953008626038553e-07, 7.696164377457571e-07]","[0.3969798459831042, -0.43655842827994884]",0.14884524428594098
3,3210,"[0.3789726061768061, 0.6613082797361034]","[0.20033155121842627, 0.8577591891930944]","[0.5774625291683502, 0.4430290655961233]","[2.4853198499854577e-07, 7.665379696972549e-07]","[2.485319803846586e-07, 7.665379822552332e-07]","[0.3969798459830881, -0.43655842827996016]",0.14884524471240246
3,3211,"[0.37897260567974217, 0.6613082782030275]","[0.20033155121842627, 0.8577591891930944]","[0.5774625286712781, 0.4430290640630418]","[2.4753787234416803e-07, 7.634718285183176e-07]","[2.475378670929729e-07, 7.634718405813423e-07]","[0.3969798459830719, -0.4365584282799714]",0.14884524513715808
3,3212,"[0.3789726051846664, 0.6613082766760838]","[0.20033155121842627, 0.8577591891930944]","[0.5774625281761944, 0.44302906253609253]","[2.465477359302719e-07, 7.604179516315819e-07]","[2.465477299540275e-07, 7.604179633191599e-07]","[0.3969798459830559, -0.4365584282799826]",0.14884524556021467
3,3213,"[0.37897260469157096, 0.6613082751552479]","[0.20033155121842627, 0.8577591891930944]","[0.577462527683091, 0.4430290610152511]","[2.4556156000663934e-07, 7.57376290234914e-07]","[2.455615532026556e-07, 7.573763015078505e-07]","[0.39697984598304015, -0.4365584282799937]",0.148845245981579
3,3214,"[0.3789726042004478, 0.6613082736404954]","[0.20033155121842627, 0.8577591891930944]","[0.57746252719196, 0.44302905950049304]","[2.445793285923762e-07, 7.543467954765953e-07]","[2.4457932112920133e-07, 7.543468062976011e-07]","[0.3969798459830244, -0.4365584282800047]",0.14884524640125785
3,3215,"[0.37897260371128916, 0.6613082721318018]","[0.20033155121842627, 0.8577591891930944]","[0.5774625267027935, 0.44302905799179393]","[2.4360102603757893e-07, 7.513294184890332e-07]","[2.436010179129866e-07, 7.513294289496208e-07]","[0.39697984598300873, -0.4365584282800157]",0.14884524681925812
3,3216,"[0.3789726032240871, 0.6613082706291429]","[0.20033155121842627, 0.8577591891930944]","[0.5774625262155837, 0.44302905648912966]","[2.4262663655114694e-07, 7.483241109353396e-07]","[2.4262662778884447e-07, 7.483241208916525e-07]","[0.3969798459829932, -0.43655842828002644]",0.1488452472355863
3,3217,"[0.3789726027388338, 0.6613082691324946]","[0.20033155121842627, 0.8577591891930944]","[0.5774625257303228, 0.4430290549924761]","[2.4165614446320653e-07, 7.453308244718441e-07]","[2.41656134991608e-07, 7.453308339400166e-07]","[0.39697984598297786, -0.4365584282800371]",0.14884524765024917
3,3218,"[0.37897260225552154, 0.661308267641833]","[0.20033155121842627, 0.8577591891930944]","[0.5774625252470028, 0.44302905350180916]","[2.406895343110269e-07, 7.423495112711294e-07]","[2.4068952425571055e-07, 7.423495203551234e-07]","[0.39697984598296254, -0.43655842828004776]",0.14884524806325344
3,3219,"[0.3789726017741425, 0.661308266157134]","[0.20033155121842627, 0.8577591891930944]","[0.5774625247656162, 0.44302905201710485]","[2.397267904736963e-07, 7.393801231517572e-07]","[2.397267797049629e-07, 7.393801317867599e-07]","[0.39697984598294744, -0.4365584282800583]",0.14884524847460567
3,3220,"[0.3789726012946889, 0.6613082646783738]","[0.20033155121842627, 0.8577591891930944]","[0.5774625242861551, 0.4430290505383394]","[2.3876789749954854e-07, 7.364226125705299e-07]","[2.3876788612930966e-07, 7.364226207173807e-07]","[0.39697984598293234, -0.43655842828006874]",0.1488452488843125
3,3221,"[0.3789726008171531, 0.6613082632055286]","[0.20033155121842627, 0.8577591891930944]","[0.5774625238086118, 0.443029049065489]","[2.378128400248206e-07, 7.334769320409914e-07]","[2.3781282793011727e-07, 7.33476939795974e-07]","[0.39697984598291747, -0.4365584282800792]",0.14884524929238047
3,3222,"[0.3789726003415274, 0.6613082617385747]","[0.20033155121842627, 0.8577591891930944]","[0.5774625233329787, 0.44302904759853]","[2.3686160255894077e-07, 7.30543033950723e-07]","[2.368615900083526e-07, 7.305430411719271e-07]","[0.3969798459829025, -0.4365584282800894]",0.14884524969881613
3,3223,"[0.3789725998678042, 0.6613082602774887]","[0.20033155121842627, 0.8577591891930944]","[0.577462522859248, 0.4430290461374389]","[2.3591417002280574e-07, 7.276208715357003e-07]","[2.359141568764045e-07, 7.276208783268956e-07]","[0.3969798459828877, -0.4365584282800996]",0.1488452501036261
3,3224,"[0.37897259939597583, 0.661308258822247]","[0.20033155121842627, 0.8577591891930944]","[0.5774625223874125, 0.4430290446821921]","[2.3497052709254912e-07, 7.247103976873377e-07]","[2.3497051315768402e-07, 7.247104040208896e-07]","[0.3969798459828733, -0.4365584282801097]",0.14884525050681682
3,3225,"[0.3789725989260348, 0.6613082573728262]","[0.20033155121842627, 0.8577591891930944]","[0.5774625219174643, 0.44302904323276626]","[2.340306586743749e-07, 7.218115655069571e-07]","[2.3403064397520268e-07, 7.218115714580087e-07]","[0.39697984598285896, -0.4365584282801198]",0.14884525090839484
3,3226,"[0.3789725984579735, 0.6613082559292031]","[0.20033155121842627, 0.8577591891930944]","[0.5774625214493958, 0.44302904178913816]","[2.33094549571562e-07, 7.189243286790002e-07]","[2.3309453422992732e-07, 7.189243342309304e-07]","[0.39697984598284464, -0.4365584282801298]",0.14884525130836657
3,3227,"[0.3789725979917844, 0.6613082544913544]","[0.20033155121842627, 0.8577591891930944]","[0.5774625209831996, 0.4430290403512846]","[2.3216218483954607e-07, 7.160486407788258e-07]","[2.3216216887833596e-07, 7.160486459323323e-07]","[0.3969798459828304, -0.4365584282801397]",0.1488452517067384
3,3228,"[0.37897259752746004, 0.6613082530592571]","[0.20033155121842627, 0.8577591891930944]","[0.5774625205188681, 0.4430290389191823]","[2.3123354940238472e-07, 7.131844553597953e-07]","[2.3123353293241777e-07, 7.13184460154892e-07]","[0.3969798459828162, -0.43655842828014957]",0.14884525210351673
3,3229,"[0.3789725970649929, 0.6613082516328882]","[0.20033155121842627, 0.8577591891930944]","[0.5774625200563941, 0.4430290374928086]","[2.3030862841402378e-07, 7.10331726690069e-07]","[2.3030861118211732e-07, 7.103317309908874e-07]","[0.39697984598280234, -0.4365584282801592]",0.14884525249870792
3,3230,"[0.37897259660437566, 0.6613082502122247]","[0.20033155121842627, 0.8577591891930944]","[0.5774625195957699, 0.4430290360721403]","[2.2938740697585875e-07, 7.074904088582304e-07]","[2.2938738913902412e-07, 7.074904127546411e-07]","[0.39697984598278846, -0.4365584282801689]",0.14884525289231842
3,3231,"[0.37897259614560086, 0.6613082487972439]","[0.20033155121842627, 0.8577591891930944]","[0.5774625191369882, 0.4430290346571547]","[2.2846987037619376e-07, 7.046604563355168e-07]","[2.2846985192614966e-07, 7.046604597604755e-07]","[0.3969798459827747, -0.43655842828017843]",0.1488452532843544
3,3232,"[0.3789725956886611, 0.661308247387923]","[0.20033155121842627, 0.8577591891930944]","[0.5774625186800417, 0.44302903324782905]","[2.275560037968549e-07, 7.018418235011598e-07]","[2.2755598449997194e-07, 7.018418266002691e-07]","[0.39697984598276126, -0.436558428280188]",0.14884525367482232
3,3233,"[0.3789725952335491, 0.6613082459842394]","[0.20033155121842627, 0.8577591891930944]","[0.5774625182249229, 0.4430290318441407]","[2.2664579250464914e-07, 6.990344651536029e-07]","[2.2664577276065856e-07, 6.990344678659e-07]","[0.3969798459827476, -0.4365584282801974]",0.1488452540637283
3,3234,"[0.3789725947802575, 0.6613082445861705]","[0.20033155121842627, 0.8577591891930944]","[0.5774625177716246, 0.4430290304460672]","[2.2573922205581642e-07, 6.962383362040903e-07]","[2.2573920172019868e-07, 6.962383384823134e-07]","[0.39697984598273417, -0.43655842828020675]",0.1488452544510787
3,3235,"[0.37897259432877906, 0.6613082431936939]","[0.20033155121842627, 0.8577591891930944]","[0.5774625173201395, 0.44302902905358577]","[2.2483627772140495e-07, 6.934533915012532e-07]","[2.2483625666813722e-07, 6.934533935964993e-07]","[0.39697984598272096, -0.4365584282802162]",0.14884525483687971
3,3236,"[0.3789725938791065, 0.661308241806787]","[0.20033155121842627, 0.8577591891930944]","[0.5774625168704604, 0.44302902766667435]","[2.239369451039544e-07, 6.906795865463396e-07]","[2.2393692344913063e-07, 6.90679588244425e-07]","[0.39697984598270775, -0.4365584282802254]",0.1488452552211375
3,3237,"[0.3789725934312326, 0.6613082404254279]","[0.20033155121842627, 0.8577591891930944]","[0.57746251642258, 0.44302902628531066]","[2.2304120964204002e-07, 6.879168769282958e-07]","[2.2304118729721267e-07, 6.879168781837031e-07]","[0.39697984598269476, -0.4365584282802345]",0.14884525560385828
3,3238,"[0.3789725929851502, 0.6613082390495941]","[0.20033155121842627, 0.8577591891930944]","[0.5774625159764911, 0.4430290249094724]","[2.221490571100917e-07, 6.851652179000579e-07]","[2.2214903411255094e-07, 6.851652187278567e-07]","[0.3969798459826819, -0.4365584282802435]",0.14884525598504822
3,3239,"[0.3789725925408521, 0.6613082376792637]","[0.20033155121842627, 0.8577591891930944]","[0.5774625155321866, 0.4430290235391375]","[2.2126047305675786e-07, 6.824245655213116e-07]","[2.2126044940673495e-07, 6.824245659675654e-07]","[0.3969798459826691, -0.4365584282802525]",0.14884525636471338
3,3240,"[0.3789725920983311, 0.6613082363144146]","[0.20033155121842627, 0.8577591891930944]","[0.5774625150896593, 0.44302902217428386]","[2.2037544316225666e-07, 6.79694875650449e-07]","[2.2037541896891e-07, 6.79694875826975e-07]","[0.39697984598265634, -0.4365584282802615]",0.14884525674285987
3,3241,"[0.37897259165758024, 0.6613082349550249]","[0.20033155121842627, 0.8577591891930944]","[0.577462514648902, 0.44302902081488976]","[2.1949395334837555e-07, 6.769761045510804e-07]","[2.1949392881026597e-07, 6.769761042857425e-07]","[0.39697984598264346, -0.43655842828027025]",0.14884525711949376
3,3242,"[0.37897259121859234, 0.6613082336010727]","[0.20033155121842627, 0.8577591891930944]","[0.5774625142099077, 0.4430290194609332]","[2.1861598943792436e-07, 6.742682084743616e-07]","[2.1861596449790355e-07, 6.742682078786366e-07]","[0.3969798459826307, -0.436558428280279]",0.14884525749462105
3,3243,"[0.37897259078136036, 0.6613082322525363]","[0.20033155121842627, 0.8577591891930944]","[0.5774625137726694, 0.4430290181123925]","[2.177415372815498e-07, 6.715711438787256e-07]","[2.1774151182096801e-07, 6.715711428628701e-07]","[0.39697984598261815, -0.4365584282802877]",0.14884525786824793
3,3244,"[0.37897259034587727, 0.6613082309093941]","[0.20033155121842627, 0.8577591891930944]","[0.5774625133371801, 0.4430290167692459]","[2.1687058284858096e-07, 6.688848674470344e-07]","[2.168705568461604e-07, 6.688848661062785e-07]","[0.3969798459826057, -0.43655842828029634]",0.1488452582403802
3,3245,"[0.3789725899121361, 0.6613082295716243]","[0.20033155121842627, 0.8577591891930944]","[0.5774625129034328, 0.4430290154314718]","[2.1600311210905702e-07, 6.662093359729796e-07]","[2.1600308569569293e-07, 6.66209334365675e-07]","[0.3969798459825933, -0.436558428280305]",0.1488452586110241
3,3246,"[0.3789725894801299, 0.6613082282392057]","[0.20033155121842627, 0.8577591891930944]","[0.5774625124714204, 0.44302901409904893]","[2.1513911128400534e-07, 6.635445067847966e-07]","[2.1513908426973316e-07, 6.635445047309396e-07]","[0.39697984598258107, -0.43655842828031344]",0.14884525898018536
3,3247,"[0.3789725890498517, 0.6613082269121167]","[0.20033155121842627, 0.8577591891930944]","[0.5774625120411363, 0.4430290127719557]","[2.142785663966278e-07, 6.608903366782423e-07]","[2.14278538579471e-07, 6.608903342919525e-07]","[0.3969798459825692, -0.4365584282803219]",0.14884525934786996
3,3248,"[0.37897258862129457, 0.661308225590336]","[0.20033155121842627, 0.8577591891930944]","[0.5774625116125731, 0.4430290114501708]","[2.134214634132266e-07, 6.582467831838735e-07]","[2.1342143519120782e-07, 6.582467805271719e-07]","[0.3969798459825571, -0.4365584282803303]",0.14884525971408386
3,3249,"[0.3789725881944516, 0.6613082242738424]","[0.20033155121842627, 0.8577591891930944]","[0.5774625111857241, 0.44302901013367313]","[2.1256778873327303e-07, 6.556138038391731e-07]","[2.125677601716447e-07, 6.556138007485224e-07]","[0.396979845982545, -0.43655842828033853]",0.14884526007883286
3,3250,"[0.378972587769316, 0.6613082229626148]","[0.20033155121842627, 0.8577591891930944]","[0.5774625107605826, 0.4430290088224414]","[2.1171752876864055e-07, 6.529913563995177e-07]","[2.1171749958748265e-07, 6.52991353100596e-07]","[0.3969798459825332, -0.43655842828034686]",0.14884526044212293
3,3251,"[0.37897258734588096, 0.6613082216566321]","[0.20033155121842627, 0.8577591891930944]","[0.5774625103371417, 0.4430290075164545]","[2.1087066972461908e-07, 6.503793986197951e-07]","[2.1087064006053424e-07, 6.503793950063397e-07]","[0.39697984598252145, -0.43655842828035507]",0.14884526080395982
3,3252,"[0.3789725869241396, 0.6613082203558732]","[0.20033155121842627, 0.8577591891930944]","[0.5774625099153945, 0.44302900621569163]","[2.1002719799602226e-07, 6.477778885803389e-07]","[2.1002716782403397e-07, 6.477778846103455e-07]","[0.3969798459825098, -0.4365584282803632]",0.14884526116434935
3,3253,"[0.3789725865040852, 0.6613082190603174]","[0.20033155121842627, 0.8577591891930944]","[0.5774625094953343, 0.44302900492013186]","[2.091871001496204e-07, 6.451867846546148e-07]","[2.0918706955530553e-07, 6.451867802792499e-07]","[0.39697984598249814, -0.43655842828037117]",0.14884526152329736
3,3254,"[0.378972586085711, 0.6613082177699439]","[0.20033155121842627, 0.8577591891930944]","[0.5774625090769543, 0.4430290036297543]","[2.083503625107815e-07, 6.426060449258696e-07]","[2.0835033148758342e-07, 6.426060402686673e-07]","[0.3969798459824866, -0.43655842828037916]",0.14884526188080952
3,3255,"[0.37897258566901026, 0.6613082164847318]","[0.20033155121842627, 0.8577591891930944]","[0.5774625086602478, 0.44302900234453835]","[2.0751697186740151e-07, 6.40035628309069e-07]","[2.075169403537025e-07, 6.400356231672788e-07]","[0.39697984598247515, -0.43655842828038693]",0.14884526223689165
3,3256,"[0.3789725852539763, 0.6613082152046605]","[0.20033155121842627, 0.8577591891930944]","[0.5774625082452083, 0.4430290010644632]","[2.0668691460908586e-07, 6.374754931386637e-07]","[2.0668688249791956e-07, 6.374754876192767e-07]","[0.39697984598246394, -0.4365584282803947]",0.14884526259154945
3,3257,"[0.3789725848406025, 0.6613082139297095]","[0.20033155121842627, 0.8577591891930944]","[0.577462507831829, 0.44302899978950827]","[2.0586017755571388e-07, 6.349255983668372e-07]","[2.0586014476409176e-07, 6.349255925464092e-07]","[0.39697984598245295, -0.4365584282804025]",0.14884526294478873
3,3258,"[0.3789725844288821, 0.6613082126598583]","[0.20033155121842627, 0.8577591891930944]","[0.577462507420103, 0.44302899851965316]","[2.0503674720938733e-07, 6.323859031799978e-07]","[2.050367140515874e-07, 6.32385897092469e-07]","[0.39697984598244174, -0.43655842828041025]",0.14884526329661496
3,3259,"[0.3789725840188086, 0.6613082113950864]","[0.20033155121842627, 0.8577591891930944]","[0.5774625070100241, 0.4430289972548775]","[2.04216610741672e-07, 6.298563666955631e-07]","[2.042165768156856e-07, 6.298563602902263e-07]","[0.39697984598243097, -0.4365584282804179]",0.14884526364703393
3,3260,"[0.3789725836103754, 0.6613082101353737]","[0.20033155121842627, 0.8577591891930944]","[0.5774625066015855, 0.4430289959951609]","[2.0339975460215344e-07, 6.273369483210922e-07]","[2.0339972006677698e-07, 6.27336941672052e-07]","[0.3969798459824202, -0.43655842828042557]",0.1488452639960513
3,3261,"[0.3789725832035759, 0.6613082088806997]","[0.20033155121842627, 0.8577591891930944]","[0.5774625061947806, 0.4430289947404832]","[2.0258616580706678e-07, 6.248276075634093e-07]","[2.0258613087076327e-07, 6.248276006037834e-07]","[0.3969798459824093, -0.4365584282804331]",0.1488452643436725
3,3262,"[0.37897258279840357, 0.6613082076310445]","[0.20033155121842627, 0.8577591891930944]","[0.5774625057896029, 0.4430289934908242]","[2.0177583125933173e-07, 6.223283040916193e-07]","[2.017757957939459e-07, 6.223282967843247e-07]","[0.39697984598239866, -0.43655842828044056]",0.14884526468990322
3,3263,"[0.37897258239485193, 0.6613082063863879]","[0.20033155121842627, 0.8577591891930944]","[0.5774625053860459, 0.44302899224616393]","[2.009687380260476e-07, 6.198389977988785e-07]","[2.009687021242712e-07, 6.198389901346246e-07]","[0.396979845982388, -0.4365584282804479]",0.14884526503474907
3,3264,"[0.37897258199291445, 0.6613082051467098]","[0.20033155121842627, 0.8577591891930944]","[0.5774625049841032, 0.4430289910064822]","[2.0016487303195872e-07, 6.173596486564961e-07]","[2.0016483653906292e-07, 6.173596407976767e-07]","[0.39697984598237757, -0.4365584282804553]",0.14884526537821552
3,3265,"[0.3789725815925847, 0.6613082039119905]","[0.20033155121842627, 0.8577591891930944]","[0.5774625045837682, 0.44302898977175925]","[1.9936422341135186e-07, 6.148902168709383e-07]","[1.9936418638177855e-07, 6.148902086389185e-07]","[0.39697984598236713, -0.43655842828046254]",0.14884526572030812
3,3266,"[0.37897258119385624, 0.6613082026822101]","[0.20033155121842627, 0.8577591891930944]","[0.5774625041850345, 0.44302898854197525]","[1.9856677634433262e-07, 6.124306629130647e-07]","[1.9856673899587562e-07, 6.12430654356455e-07]","[0.3969798459823566, -0.43655842828046976]",0.14884526606103227
3,3267,"[0.3789725807967227, 0.6613082014573488]","[0.20033155121842627, 0.8577591891930944]","[0.5774625037878959, 0.4430289873171104]","[1.977725190277222e-07, 6.099809470028285e-07]","[1.97772481114189e-07, 6.099809380932797e-07]","[0.39697984598234637, -0.43655842828047686]",0.14884526640039358
3,3268,"[0.37897258040117765, 0.6613082002373869]","[0.20033155121842627, 0.8577591891930944]","[0.5774625033923457, 0.4430289860971449]","[1.9698143856692342e-07, 6.075410298790096e-07]","[1.9698140019119847e-07, 6.075410206585197e-07]","[0.39697984598233615, -0.43655842828048397]",0.14884526673839743
3,3269,"[0.3789725800072148, 0.6613081990223049]","[0.20033155121842627, 0.8577591891930944]","[0.5774625029983778, 0.44302898488205933]","[1.9619352244698567e-07, 6.051108724454845e-07]","[1.961934836813839e-07, 6.051108630278357e-07]","[0.39697984598232594, -0.4365584282804911]",0.14884526707504928
3,3270,"[0.3789725796148277, 0.6613081978120832]","[0.20033155121842627, 0.8577591891930944]","[0.5774625026059856, 0.4430289836718341]","[1.954087578591225e-07, 6.026904356498232e-07]","[1.9540871865064702e-07, 6.026904260103549e-07]","[0.39697984598231584, -0.4365584282804982]",0.1488452674103545
3,3271,"[0.37897257922401023, 0.6613081966067023]","[0.20033155121842627, 0.8577591891930944]","[0.5774625022151632, 0.4430289824664497]","[1.9462713228019335e-07, 6.002796803662996e-07]","[1.9462709266448996e-07, 6.002796704707158e-07]","[0.39697984598230585, -0.4365584282805052]",0.14884526774431858
3,3272,"[0.378972578834756, 0.6613081954061429]","[0.20033155121842627, 0.8577591891930944]","[0.5774625018259039, 0.4430289812658869]","[1.9384863309872222e-07, 5.978785682610384e-07]","[1.938485932329037e-07, 5.978785580507129e-07]","[0.39697984598229574, -0.43655842828051206]",0.14884526807694667
3,3273,"[0.37897257844705873, 0.6613081942103858]","[0.20033155121842627, 0.8577591891930944]","[0.5774625014382018, 0.4430289800701263]","[1.9307324793758923e-07, 5.954870603635322e-07]","[1.9307320742179002e-07, 5.954870498925402e-07]","[0.3969798459822861, -0.43655842828051894]",0.1488452684082444
3,3274,"[0.3789725780609122, 0.6613081930194117]","[0.20033155121842627, 0.8577591891930944]","[0.5774625010520504, 0.4430289788791488]","[1.923009641898287e-07, 5.931051185695689e-07]","[1.9230092312971792e-07, 5.931051078045257e-07]","[0.3969798459822764, -0.4365584282805257]",0.1488452687382169
3,3275,"[0.3789725776763103, 0.6613081918332014]","[0.20033155121842627, 0.8577591891930944]","[0.5774625006674436, 0.4430289776929352]","[1.9153176947026028e-07, 5.907327044513546e-07]","[1.9153172808872299e-07, 5.90732693428464e-07]","[0.39697984598226665, -0.4365584282805325]",0.1488452690668695
3,3276,"[0.3789725772932468, 0.6613081906517361]","[0.20033155121842627, 0.8577591891930944]","[0.5774625002843754, 0.4430289765114665]","[1.9076565151326e-07, 5.883697800007018e-07]","[1.9076560953124044e-07, 5.883697686837053e-07]","[0.3969798459822572, -0.43655842828053915]",0.14884526939420747
3,3277,"[0.3789725769117155, 0.6613081894749965]","[0.20033155121842627, 0.8577591891930944]","[0.5774624999028393, 0.4430289753347236]","[1.9000259789369856e-07, 5.860163070463862e-07]","[1.9000255563339508e-07, 5.860162954895998e-07]","[0.39697984598224756, -0.4365584282805458]",0.14884526972023612
3,3278,"[0.3789725765317103, 0.6613081883029639]","[0.20033155121842627, 0.8577591891930944]","[0.5774624995228292, 0.4430289741626877]","[1.8924259640662424e-07, 5.836722480393303e-07]","[1.8924255390517786e-07, 5.83672236209587e-07]","[0.3969798459822379, -0.43655842828055236]",0.14884527004496062
3,3279,"[0.3789725761532251, 0.6613081871356195]","[0.20033155121842627, 0.8577591891930944]","[0.5774624991443393, 0.44302897299534]","[1.8848563495218053e-07, 5.813375652919221e-07]","[1.884855920231132e-07, 5.813375532071063e-07]","[0.39697984598222846, -0.4365584282805589]",0.14884527036838624
3,3280,"[0.3789725757762538, 0.6613081859729443]","[0.20033155121842627, 0.8577591891930944]","[0.5774624987673633, 0.44302897183266154]","[1.8773170118737867e-07, 5.790122210766439e-07]","[1.8773165794128133e-07, 5.790122087900862e-07]","[0.396979845982219, -0.43655842828056546]",0.14884527069051817
3,3281,"[0.37897257540079043, 0.6613081848149198]","[0.20033155121842627, 0.8577591891930944]","[0.5774624983918955, 0.44302897067463387]","[1.8698078322543632e-07, 5.766961782189282e-07]","[1.8698073928069547e-07, 5.766961656550329e-07]","[0.39697984598221003, -0.4365584282805719]",0.14884527101136164
3,3282,"[0.37897257502682885, 0.6613081836615274]","[0.20033155121842627, 0.8577591891930944]","[0.5774624980179293, 0.44302896952123827]","[1.8623286869039074e-07, 5.74389399441192e-07]","[1.862328243840139e-07, 5.743893866649863e-07]","[0.3969798459822008, -0.43655842828057834]",0.14884527133092168
3,3283,"[0.3789725746543631, 0.6613081825127486]","[0.20033155121842627, 0.8577591891930944]","[0.577462497645459, 0.4430289683724563]","[1.854879458780663e-07, 5.720918477440055e-07]","[1.8548790114980562e-07, 5.720918345719639e-07]","[0.3969798459821917, -0.43655842828058455]",0.14884527164920347
3,3284,"[0.3789725742833872, 0.6613081813685648]","[0.20033155121842627, 0.8577591891930944]","[0.5774624972744786, 0.44302896722826945]","[1.8474600257964086e-07, 5.698034861628896e-07]","[1.8474595731010623e-07, 5.698034726830947e-07]","[0.39697984598218283, -0.43655842828059077]",0.14884527196621217
3,3285,"[0.3789725739138952, 0.6613081802289579]","[0.20033155121842627, 0.8577591891930944]","[0.5774624969049822, 0.4430289660886594]","[1.8400702703997038e-07, 5.675242780935899e-07]","[1.8400698131859627e-07, 5.67524264361019e-07]","[0.39697984598217395, -0.436558428280597]",0.14884527228195282
3,3286,"[0.37897257354588115, 0.6613081790939093]","[0.20033155121842627, 0.8577591891930944]","[0.5774624965369637, 0.4430289649536077]","[1.8327100729523955e-07, 5.652541866550122e-07]","[1.8327096118486708e-07, 5.6525417263531e-07]","[0.39697984598216507, -0.4365584282806031]",0.1488452725964305
3,3287,"[0.37897257317933913, 0.6613081779634009]","[0.20033155121842627, 0.8577591891930944]","[0.5774624961704172, 0.4430289638230963]","[1.8253793154016247e-07, 5.629931756923612e-07]","[1.8253788514055458e-07, 5.629931614237194e-07]","[0.3969798459821562, -0.4365584282806092]",0.14884527290965027
3,3288,"[0.3789725728142633, 0.6613081768374146]","[0.20033155121842627, 0.8577591891930944]","[0.577462495805337, 0.443028962697107]","[1.8180778809528584e-07, 5.60741208794802e-07]","[1.8180774119525012e-07, 5.607411941999096e-07]","[0.39697984598214753, -0.4365584282806152]",0.1488452732216171
3,3289,"[0.3789725724506477, 0.6613081757159321]","[0.20033155121842627, 0.8577591891930944]","[0.5774624954417171, 0.44302896157562155]","[1.8108056515059038e-07, 5.584982494906446e-07]","[1.8108051785814538e-07, 5.584982346595879e-07]","[0.39697984598213887, -0.4365584282806212]",0.14884527353233618
3,3290,"[0.37897257208848656, 0.6613081745989356]","[0.20033155121842627, 0.8577591891930944]","[0.5774624950795517, 0.44302896045862206]","[1.8035625097622674e-07, 5.562642620970691e-07]","[1.8035620324985402e-07, 5.562642470535728e-07]","[0.3969798459821303, -0.4365584282806272]",0.14884527384181234
3,3291,"[0.37897257172777404, 0.6613081734864071]","[0.20033155121842627, 0.8577591891930944]","[0.5774624947188349, 0.44302895934609055]","[1.796348340285422e-07, 5.540392107108722e-07]","[1.7963478593507887e-07, 5.540391954661494e-07]","[0.39697984598212177, -0.4365584282806332]",0.1488452741500506
3,3292,"[0.3789725713685044, 0.6613081723783287]","[0.20033155121842627, 0.8577591891930944]","[0.577462494359561, 0.44302895823800925]","[1.7891630268451996e-07, 5.518230594011307e-07]","[1.7891625431198932e-07, 5.518230438150695e-07]","[0.3969798459821132, -0.43655842828063895]",0.14884527445705587
3,3293,"[0.3789725710106718, 0.6613081712746827]","[0.20033155121842627, 0.8577591891930944]","[0.5774624940017241, 0.44302895713436025]","[1.782006454194593e-07, 5.496157727286159e-07]","[1.7820059677875477e-07, 5.496157570172855e-07]","[0.3969798459821047, -0.43655842828064484]",0.1488452747628331
3,3294,"[0.3789725706542705, 0.6613081701754511]","[0.20033155121842627, 0.8577591891930944]","[0.5774624936453188, 0.4430289560351257]","[1.7748785078561688e-07, 5.474173149832814e-07]","[1.774878015115e-07, 5.474172991015713e-07]","[0.39697984598209657, -0.4365584282806507]",0.14884527506738737
3,3295,"[0.37897257029929476, 0.6613081690806164]","[0.20033155121842627, 0.8577591891930944]","[0.5774624932903389, 0.44302895494028816]","[1.7677790715183558e-07, 5.452276510781658e-07]","[1.7677785746350594e-07, 5.452276349848795e-07]","[0.39697984598208835, -0.4365584282806565]",0.14884527537072337
3,3296,"[0.37897256994573897, 0.6613081679901611]","[0.20033155121842627, 0.8577591891930944]","[0.5774624929367791, 0.44302895384983004]","[1.7607080326030317e-07, 5.430467458314377e-07]","[1.7607075314396425e-07, 5.4304672947314e-07]","[0.39697984598208025, -0.43655842828066216]",0.14884527567284606
3,3297,"[0.3789725695935974, 0.6613081669040677]","[0.20033155121842627, 0.8577591891930944]","[0.5774624925846334, 0.4430289527637338]","[1.753665277894336e-07, 5.408745642992733e-07]","[1.7536647728411126e-07, 5.4087454770535e-07]","[0.39697984598207214, -0.4365584282806678]",0.14884527597376013
3,3298,"[0.3789725692428643, 0.6613081658223185]","[0.20033155121842627, 0.8577591891930944]","[0.5774624922338965, 0.44302895168198186]","[1.7466506924958635e-07, 5.387110713387766e-07]","[1.7466501822660518e-07, 5.387110544319285e-07]","[0.39697984598206426, -0.43655842828067337]",0.14884527627347063
3,3299,"[0.3789725688935342, 0.6613081647448964]","[0.20033155121842627, 0.8577591891930944]","[0.5774624918845623, 0.44302895060455694]","[1.7396641658712677e-07, 5.365562322595592e-07]","[1.739663652022827e-07, 5.365562151249392e-07]","[0.39697984598205627, -0.4365584282806789]",0.14884527657198232
3,3300,"[0.37897256854560135, 0.6613081636717839]","[0.20033155121842627, 0.8577591891930944]","[0.5774624915366255, 0.4430289495314417]","[1.7327055838589357e-07, 5.344100124489342e-07]","[1.732705066093132e-07, 5.34409995145424e-07]","[0.3969798459820484, -0.4365584282806845]",0.14884527686929988
3,3301,"[0.3789725681990602, 0.6613081626029639]","[0.20033155121842627, 0.8577591891930944]","[0.5774624911900805, 0.44302894846261887]","[1.7257748352520342e-07, 5.322723775172345e-07]","[1.7257743134546644e-07, 5.322723600764689e-07]","[0.3969798459820406, -0.43655842828069]",0.14884527716542828
3,3302,"[0.37897256785390526, 0.6613081615384191]","[0.20033155121842627, 0.8577591891930944]","[0.5774624908449217, 0.44302894739807136]","[1.7188718093260048e-07, 5.301432930526402e-07]","[1.7188712830851216e-07, 5.301432753901381e-07]","[0.39697984598203295, -0.43655842828069547]",0.14884527746037213
3,3303,"[0.3789725675101309, 0.6613081604781325]","[0.20033155121842627, 0.8577591891930944]","[0.5774624905011435, 0.443028946337782]","[1.7119963954435974e-07, 5.280227249016835e-07]","[1.7119958661826473e-07, 5.280227070580956e-07]","[0.3969798459820252, -0.4365584282807009]",0.14884527775413625
3,3304,"[0.37897256716773164, 0.661308159422087]","[0.20033155121842627, 0.8577591891930944]","[0.5774624901587404, 0.44302894528173387]","[1.705148482556134e-07, 5.259106390181272e-07]","[1.705147949504493e-07, 5.259106208854725e-07]","[0.3969798459820175, -0.43655842828070623]",0.14884527804672526
3,3305,"[0.37897256682670194, 0.6613081583702657]","[0.20033155121842627, 0.8577591891930944]","[0.577462489817707, 0.44302894422990996]","[1.6983279607333594e-07, 5.238070014687162e-07]","[1.6983274225834677e-07, 5.238069830104664e-07]","[0.3969798459820101, -0.43655842828071145]",0.14884527833814393
3,3306,"[0.37897256648703637, 0.6613081573226517]","[0.20033155121842627, 0.8577591891930944]","[0.5774624894780376, 0.4430289431822933]","[1.6915347197402864e-07, 5.217117784105744e-07]","[1.691534179948384e-07, 5.217117597933196e-07]","[0.3969798459820024, -0.4365584282807168]",0.1488452786283969
3,3307,"[0.37897256614872943, 0.6613081562792281]","[0.20033155121842627, 0.8577591891930944]","[0.5774624891397269, 0.4430289421388671]","[1.6847686515803183e-07, 5.196249362389621e-07]","[1.684768108911605e-07, 5.1962491737223e-07]","[0.39697984598199487, -0.436558428280722]",0.14884527891748883
3,3308,"[0.3789725658117757, 0.6613081552399782]","[0.20033155121842627, 0.8577591891930944]","[0.5774624888027693, 0.44302894109961466]","[1.678029647499878e-07, 5.175464412755802e-07]","[1.678029103446832e-07, 5.1754642210744e-07]","[0.3969798459819872, -0.4365584282807271]",0.1488452792054244
3,3309,"[0.37897256547616975, 0.6613081542048853]","[0.20033155121842627, 0.8577591891930944]","[0.5774624884671598, 0.4430289400645192]","[1.671317599481635e-07, 5.154762603553699e-07]","[1.6713170497562047e-07, 5.154762409143032e-07]","[0.39697984598198, -0.4365584282807322]",0.1488452794922083
3,3310,"[0.37897256514190625, 0.6613081531739328]","[0.20033155121842627, 0.8577591891930944]","[0.5774624881328926, 0.44302893903356416]","[1.664632398160033e-07, 5.13414360090413e-07]","[1.6646318451440933e-07, 5.134143403195957e-07]","[0.39697984598197267, -0.4365584282807372]",0.14884527977784504
3,3311,"[0.3789725648089798, 0.661308152147104]","[0.20033155121842627, 0.8577591891930944]","[0.5774624877999626, 0.44302893800673293]","[1.6579739383318286e-07, 5.113607073630117e-07]","[1.6579733802535301e-07, 5.113606873496934e-07]","[0.39697984598196556, -0.4365584282807422]",0.1488452800623392
3,3312,"[0.378972564477385, 0.6613081511243826]","[0.20033155121842627, 0.8577591891930944]","[0.5774624874683643, 0.44302893698400897]","[1.651342109953166e-07, 5.093152691515586e-07]","[1.65134154683777e-07, 5.093152489199504e-07]","[0.39697984598195857, -0.4365584282807472]",0.14884528034569547
3,3313,"[0.37897256414711655, 0.6613081501057521]","[0.20033155121842627, 0.8577591891930944]","[0.5774624871380922, 0.44302893596537596]","[1.6447368083553109e-07, 5.072780127936912e-07]","[1.6447362433114066e-07, 5.072779923898096e-07]","[0.39697984598195135, -0.4365584282807522]",0.14884528062791824
3,3314,"[0.3789725638181692, 0.6613081490911961]","[0.20033155121842627, 0.8577591891930944]","[0.5774624868091414, 0.44302893495081747]","[1.6381579279780662e-07, 5.052489054425066e-07]","[1.638157358652137e-07, 5.052488848966696e-07]","[0.39697984598194436, -0.4365584282807572]",0.14884528090901217
3,3315,"[0.3789725634905376, 0.6613081480806983]","[0.20033155121842627, 0.8577591891930944]","[0.5774624864815062, 0.44302893394031717]","[1.6316053631652028e-07, 5.03227914460755e-07]","[1.6316047912745546e-07, 5.032278937999735e-07]","[0.39697984598193725, -0.4365584282807622]",0.14884528118898166
3,3316,"[0.3789725631642165, 0.6613081470742425]","[0.20033155121842627, 0.8577591891930944]","[0.5774624861551817, 0.4430289329338589]","[1.6250790073168278e-07, 5.012150074372189e-07]","[1.62507843126658e-07, 5.012149865701865e-07]","[0.39697984598193037, -0.4365584282807671]",0.14884528146783133
3,3317,"[0.3789725628392007, 0.6613081460718124]","[0.20033155121842627, 0.8577591891930944]","[0.5774624858301625, 0.44302893193142645]","[1.6185787567114056e-07, 4.992101519540534e-07]","[1.618578177597918e-07, 4.992101309553298e-07]","[0.3969798459819235, -0.43655842828077196]",0.1488452817455656
3,3318,"[0.37897256251548495, 0.6613081450733921]","[0.20033155121842627, 0.8577591891930944]","[0.5774624855064432, 0.4430289309330037]","[1.6121045060879915e-07, 4.972133157712701e-07]","[1.6121039247973812e-07, 4.972132945368912e-07]","[0.3969798459819165, -0.43655842828077673]",0.1488452820221889
3,3319,"[0.378972562193064, 0.6613081440789654]","[0.20033155121842627, 0.8577591891930944]","[0.5774624851840189, 0.4430289299385747]","[1.6056561521630785e-07, 4.952244669402209e-07]","[1.6056555673937822e-07, 4.95224445506981e-07]","[0.3969798459819097, -0.4365584282807815]",0.14884528229770577
3,3320,"[0.3789725618719328, 0.6613081430885165]","[0.20033155121842627, 0.8577591891930944]","[0.5774624848628843, 0.4430289289481234]","[1.599233591408084e-07, 4.932435735368064e-07]","[1.5992330026914914e-07, 4.932435518356648e-07]","[0.39697984598190306, -0.43655842828078617]",0.14884528257212049
3,3321,"[0.3789725615520861, 0.6613081421020294]","[0.20033155121842627, 0.8577591891930944]","[0.5774624845430343, 0.443028927961634]","[1.592836721008284e-07, 4.912706037304916e-07]","[1.5928361285499903e-07, 4.912705817150531e-07]","[0.3969798459818964, -0.4365584282807907]",0.14884528284543758
3,3322,"[0.37897256123351875, 0.6613081411194882]","[0.20033155121842627, 0.8577591891930944]","[0.5774624842244636, 0.4430289269790905]","[1.5864654367535066e-07, 4.893055257037979e-07]","[1.586464842828761e-07, 4.893055035593008e-07]","[0.3969798459818896, -0.4365584282807954]",0.1488452831176614
3,3323,"[0.37897256091622566, 0.6613081401408771]","[0.20033155121842627, 0.8577591891930944]","[0.5774624839071671, 0.4430289260004771]","[1.58011963770369e-07, 4.873483078675204e-07]","[1.5801190411668387e-07, 4.873482856160294e-07]","[0.39697984598188296, -0.43655842828080005]",0.14884528338879632
3,3324,"[0.37897256060020174, 0.6613081391661805]","[0.20033155121842627, 0.8577591891930944]","[0.5774624835911399, 0.4430289250257782]","[1.5737992208315815e-07, 4.853989188774183e-07]","[1.5737986214237054e-07, 4.853988964104161e-07]","[0.3969798459818764, -0.4365584282808046]",0.14884528365884675
3,3325,"[0.3789725602854419, 0.6613081381953826]","[0.20033155121842627, 0.8577591891930944]","[0.5774624832763768, 0.44302892405497807]","[1.5675040854103604e-07, 4.83457327357336e-07]","[1.567503483679289e-07, 4.834573046341717e-07]","[0.39697984598186986, -0.43655842828080904]",0.14884528392781698
3,3326,"[0.37897255997194107, 0.6613081372284679]","[0.20033155121842627, 0.8577591891930944]","[0.5774624829628727, 0.4430289230880612]","[1.561234129849498e-07, 4.815235022614679e-07]","[1.561233525793071e-07, 4.815234793120737e-07]","[0.3969798459818633, -0.4365584282808135]",0.14884528419571125
3,3327,"[0.37897255965969423, 0.661308136265421]","[0.20033155121842627, 0.8577591891930944]","[0.5774624826506227, 0.443028922125012]","[1.5549892540582934e-07, 4.795974124855879e-07]","[1.5549886461796447e-07, 4.795973893578775e-07]","[0.396979845981857, -0.4365584282808179]",0.14884528446253403
3,3328,"[0.3789725593486964, 0.6613081353062261]","[0.20033155121842627, 0.8577591891930944]","[0.5774624823396217, 0.44302892116581494]","[1.5487693575612632e-07, 4.77679026963028e-07]","[1.5487687465842725e-07, 4.776790036853384e-07]","[0.39697984598185065, -0.43655842828082236]",0.1488452847282895
3,3329,"[0.3789725590389425, 0.6613081343508681]","[0.20033155121842627, 0.8577591891930944]","[0.5774624820298647, 0.44302892021045476]","[1.5425743386267813e-07, 4.757683150767912e-07]","[1.5425737243113247e-07, 4.7576829154127864e-07]","[0.39697984598184444, -0.4365584282808267]",0.14884528499298189
3,3330,"[0.3789725587304276, 0.6613081333993315]","[0.20033155121842627, 0.8577591891930944]","[0.5774624817213467, 0.44302891925891597]","[1.536404100210872e-07, 4.7386524590493416e-07]","[1.536403482771398e-07, 4.7386522217252036e-07]","[0.3969798459818382, -0.436558428280831]",0.1488452852566156
3,3331,"[0.3789725584231468, 0.661308132451601]","[0.20033155121842627, 0.8577591891930944]","[0.5774624814140628, 0.4430289183111834]","[1.5302585427610263e-07, 4.719697891326418e-07]","[1.5302579237097547e-07, 4.719697651034416e-07]","[0.3969798459818319, -0.43655842828083524]",0.14884528551919468
3,3332,"[0.3789725581170951, 0.6613081315076614]","[0.20033155121842627, 0.8577591891930944]","[0.577462481108008, 0.4430289173672417]","[1.5241375673121423e-07, 4.7008191390725926e-07]","[1.5241369449858766e-07, 4.700818896918868e-07]","[0.3969798459818258, -0.43655842828083946]",0.14884528578072348
3,3333,"[0.37897255781226763, 0.6613081305674976]","[0.20033155121842627, 0.8577591891930944]","[0.5774624808031775, 0.4430289164270757]","[1.5180410749868458e-07, 4.6820159018954884e-07]","[1.5180404489001376e-07, 4.682015659063232e-07]","[0.3969798459818198, -0.4365584282808438]",0.14884528604120628
3,3334,"[0.37897255750865944, 0.6613081296310944]","[0.20033155121842627, 0.8577591891930944]","[0.5774624804995663, 0.44302891549067036]","[1.5119689681012274e-07, 4.6632878776596767e-07]","[1.5119683399733574e-07, 4.663287634376623e-07]","[0.3969798459818137, -0.4365584282808481]",0.14884528630064708
3,3335,"[0.37897255720626566, 0.6613081286984368]","[0.20033155121842627, 0.8577591891930944]","[0.5774624801971695, 0.44302891455801063]","[1.505921149289151e-07, 4.6446347650422604e-07]","[1.505920518285464e-07, 4.6446345203232653e-07]","[0.3969798459818077, -0.43655842828085234]",0.14884528655905016
3,3336,"[0.3789725569050814, 0.6613081277695099]","[0.20033155121842627, 0.8577591891930944]","[0.5774624798959822, 0.44302891362908164]","[1.4998975203187918e-07, 4.6260562652398385e-07]","[1.4998968883572772e-07, 4.626056018253166e-07]","[0.3969798459818016, -0.43655842828085645]",0.1488452868164195
3,3337,"[0.37897255660510193, 0.6613081268442986]","[0.20033155121842627, 0.8577591891930944]","[0.5774624795959998, 0.44302891270386835]","[1.4938979868594655e-07, 4.607552079157195e-07]","[1.4938973508238362e-07, 4.607551830626555e-07]","[0.3969798459817958, -0.43655842828086056]",0.14884528707275946
3,3338,"[0.3789725563063223, 0.6613081259227882]","[0.20033155121842627, 0.8577591891930944]","[0.5774624792972174, 0.44302891178235587]","[1.487922450090155e-07, 4.589121909478278e-07]","[1.4879218096508495e-07, 4.5891216593485495e-07]","[0.39697984598179015, -0.43655842828086466]",0.14884528732807406
3,3339,"[0.3789725560087378, 0.6613081250049638]","[0.20033155121842627, 0.8577591891930944]","[0.57746247899963, 0.44302891086452945]","[1.4819708143764177e-07, 4.570765459750694e-07]","[1.4819701710244715e-07, 4.5707652085447137e-07]","[0.3969798459817844, -0.43655842828086877]",0.14884528758236742
3,3340,"[0.3789725557123436, 0.6613081240908107]","[0.20033155121842627, 0.8577591891930944]","[0.577462478703233, 0.44302890995037436]","[1.476042985025969e-07, 4.5524824360352435e-07]","[1.476042338355299e-07, 4.552482182895723e-07]","[0.3969798459817787, -0.43655842828087277]",0.14884528783564357
3,3341,"[0.37897255541713504, 0.6613081231803143]","[0.20033155121842627, 0.8577591891930944]","[0.5774624784080216, 0.4430289090398759]","[1.4701388672293093e-07, 4.5342725449972683e-07]","[1.4701382178294864e-07, 4.5342722898578103e-07]","[0.39697984598177305, -0.43655842828087676]",0.1488452880879066
3,3342,"[0.3789725551231073, 0.6613081222734598]","[0.20033155121842627, 0.8577591891930944]","[0.577462478113991, 0.44302890813301943]","[1.4642583656667354e-07, 4.516135492524476e-07]","[1.4642577139678536e-07, 4.516135236332097e-07]","[0.3969798459817674, -0.43655842828088076]",0.1488452883391606
3,3343,"[0.3789725548302556, 0.6613081213702328]","[0.20033155121842627, 0.8577591891930944]","[0.5774624778211366, 0.44302890722979044]","[1.4584013849409516e-07, 4.498070988716077e-07]","[1.4584007290707746e-07, 4.4980707303299283e-07]","[0.39697984598176195, -0.43655842828088465]",0.1488452885894096
3,3344,"[0.3789725545385753, 0.6613081204706186]","[0.20033155121842627, 0.8577591891930944]","[0.5774624775294535, 0.44302890633017433]","[1.452567831544564e-07, 4.4800787423625757e-07]","[1.4525671743204072e-07, 4.480078482083094e-07]","[0.3969798459817563, -0.43655842828088853]",0.1488452888386576
3,3345,"[0.37897255424806175, 0.6613081195746029]","[0.20033155121842627, 0.8577591891930944]","[0.5774624772389372, 0.44302890543415663]","[1.4467576123905588e-07, 4.4621584639690656e-07]","[1.4467569520171253e-07, 4.4621582034887197e-07]","[0.39697984598175085, -0.43655842828089253]",0.1488452890869086
3,3346,"[0.3789725539587102, 0.6613081186821712]","[0.20033155121842627, 0.8577591891930944]","[0.5774624769495829, 0.44302890454172306]","[1.440970633377915e-07, 4.4443098673556097e-07]","[1.440969971122641e-07, 4.444309604223484e-07]","[0.3969798459817453, -0.4365584282808963]",0.14884528933416658
3,3347,"[0.3789725536705161, 0.6613081177933092]","[0.20033155121842627, 0.8577591891930944]","[0.577462476661386, 0.44302890365285913]","[1.435206802293812e-07, 4.426532663050743e-07]","[1.43520613837822e-07, 4.426532399515182e-07]","[0.39697984598173974, -0.4365584282809002]",0.14884528958043558
3,3348,"[0.37897255338347474, 0.6613081169080027]","[0.20033155121842627, 0.8577591891930944]","[0.5774624763743419, 0.4430289027675507]","[1.4294660262097457e-07, 4.4088265686557335e-07]","[1.4294653605251284e-07, 4.4088263045916065e-07]","[0.3969798459817343, -0.4365584282809041]",0.14884528982571948
3,3349,"[0.37897255309758154, 0.6613081160262374]","[0.20033155121842627, 0.8577591891930944]","[0.577462476088446, 0.4430289018857835]","[1.4237482127612564e-07, 4.391191297582718e-07]","[1.423747544304632e-07, 4.391191031904995e-07]","[0.396979845981729, -0.43655842828090785]",0.14884529007002223
3,3350,"[0.3789725528128319, 0.6613081151479991]","[0.20033155121842627, 0.8577591891930944]","[0.5774624758036937, 0.44302890100754333]","[1.4180532700622901e-07, 4.373626567570952e-07]","[1.4180525992335546e-07, 4.3736263005689224e-07]","[0.39697984598172364, -0.4365584282809116]",0.1488452903133478
3,3351,"[0.37897255252922124, 0.6613081142732739]","[0.20033155121842627, 0.8577591891930944]","[0.5774624755200803, 0.44302890013281615]","[1.4123811071511327e-07, 4.356132096874003e-07]","[1.412380435383831e-07, 4.35613182858674e-07]","[0.3969798459817182, -0.4365584282809154]",0.14884529055570006
3,3352,"[0.37897255224674503, 0.6613081134020474]","[0.20033155121842627, 0.8577591891930944]","[0.5774624752376014, 0.44302889926158784]","[1.4067316323048885e-07, 4.3387076030419696e-07]","[1.4067309600518385e-07, 4.3387073339618e-07]","[0.39697984598171276, -0.4365584282809192]",0.14884529079708286
3,3353,"[0.3789725519653987, 0.6613081125343059]","[0.20033155121842627, 0.8577591891930944]","[0.5774624749562525, 0.4430288983938445]","[1.4011047553936822e-07, 4.32135280735262e-07]","[1.4011040805339547e-07, 4.321352535252565e-07]","[0.39697984598170755, -0.43655842828092273]",0.14884529103750016
3,3354,"[0.37897255168517774, 0.6613081116700353]","[0.20033155121842627, 0.8577591891930944]","[0.577462474676029, 0.44302889752957214]","[1.3955003851337217e-07, 4.304067430283168e-07]","[1.3954997074572262e-07, 4.3040671571237255e-07]","[0.39697984598170244, -0.4365584282809264]",0.1488452912769559
3,3355,"[0.37897255140607766, 0.6613081108092218]","[0.20033155121842627, 0.8577591891930944]","[0.5774624743969263, 0.4430288966687568]","[1.3899184321041965e-07, 4.286851194215271e-07]","[1.3899177514486993e-07, 4.286850919799079e-07]","[0.39697984598169733, -0.43655842828093006]",0.14884529151545373
3,3356,"[0.37897255112809397, 0.6613081099518515]","[0.20033155121842627, 0.8577591891930944]","[0.5774624741189402, 0.4430288958113847]","[1.3843588071805294e-07, 4.2697038218037855e-07]","[1.3843581209149747e-07, 4.2697035457228694e-07]","[0.39697984598169256, -0.4365584282809336]",0.14884529175299765
3,3357,"[0.3789725508512222, 0.6613081090979107]","[0.20033155121842627, 0.8577591891930944]","[0.577462473842066, 0.4430288949574422]","[1.3788214196102953e-07, 4.252625039320485e-07]","[1.3788207320342138e-07, 4.2526247606700096e-07]","[0.39697984598168745, -0.43655842828093705]",0.14884529198959126
3,3358,"[0.3789725505754579, 0.6613081082473857]","[0.20033155121842627, 0.8577591891930944]","[0.5774624735662992, 0.4430288941069155]","[1.373306180919537e-07, 4.2356145730695696e-07]","[1.3733054898823482e-07, 4.235614292080747e-07]","[0.39697984598168257, -0.4365584282809405]",0.14884529222523862
3,3359,"[0.3789725503007967, 0.6613081074002628]","[0.20033155121842627, 0.8577591891930944]","[0.5774624732916356, 0.4430288932597909]","[1.3678130025483348e-07, 4.218672147312503e-07]","[1.367812307861982e-07, 4.218671863509549e-07]","[0.3969798459816778, -0.4365584282809438]",0.14884529245994332
3,3360,"[0.37897255002723407, 0.6613081065565284]","[0.20033155121842627, 0.8577591891930944]","[0.5774624730180705, 0.44302889241605475]","[1.3623417964286988e-07, 4.201797491495374e-07]","[1.362341099375719e-07, 4.2017972062824427e-07]","[0.3969798459816729, -0.43655842828094726]",0.14884529269370916
3,3361,"[0.3789725497547657, 0.6613081057161689]","[0.20033155121842627, 0.8577591891930944]","[0.5774624727455997, 0.4430288915756936]","[1.3568924749810888e-07, 4.1849903345343265e-07]","[1.356891776160829e-07, 4.1849900483947877e-07]","[0.396979845981668, -0.4365584282809507]",0.14884529292653997
3,3362,"[0.3789725494833872, 0.6613081048791709]","[0.20033155121842627, 0.8577591891930944]","[0.5774624724742188, 0.4430288907386939]","[1.3514649508302139e-07, 4.1682504058224813e-07]","[1.351464250509693e-07, 4.168250117841943e-07]","[0.39697984598166314, -0.43655842828095404]",0.14884529315843947
3,3363,"[0.3789725492130942, 0.6613081040455209]","[0.20033155121842627, 0.8577591891930944]","[0.5774624722039233, 0.4430288899050422]","[1.346059136104981e-07, 4.1515774367530023e-07]","[1.3460584341595805e-07, 4.151577147060159e-07]","[0.39697984598165825, -0.43655842828095737]",0.14884529338941133
3,3364,"[0.3789725489438824, 0.6613081032152054]","[0.20033155121842627, 0.8577591891930944]","[0.5774624719347092, 0.44302888907472504]","[1.3406749448618712e-07, 4.134971158216523e-07]","[1.340674238847761e-07, 4.134970867375465e-07]","[0.3969798459816537, -0.4365584282809607]",0.1488452936194594
3,3365,"[0.37897254867574737, 0.6613081023882111]","[0.20033155121842627, 0.8577591891930944]","[0.5774624716665719, 0.4430288882477291]","[1.335312289314278e-07, 4.1184313042708236e-07]","[1.3353115796421733e-07, 4.1184310123343337e-07]","[0.39697984598164915, -0.43655842828096403]",0.14884529384858725
3,3366,"[0.3789725484086849, 0.6613081015645249]","[0.20033155121842627, 0.8577591891930944]","[0.5774624713995071, 0.44302888742404123]","[1.3299710834197312e-07, 4.101957610421936e-07]","[1.3299703716107558e-07, 4.101957317703686e-07]","[0.3969798459816445, -0.43655842828096736]",0.14884529407679856
3,3367,"[0.37897254814269066, 0.6613081007441334]","[0.20033155121842627, 0.8577591891930944]","[0.5774624711335106, 0.4430288866036481]","[1.3246512425499293e-07, 4.0855498105629e-07]","[1.3246505292663358e-07, 4.085549515919773e-07]","[0.3969798459816398, -0.4365584282809706]",0.14884529430409704
3,3368,"[0.3789725478777604, 0.6613080999270234]","[0.20033155121842627, 0.8577591891930944]","[0.577462470868578, 0.44302888578653654]","[1.319352681089732e-07, 4.069207642169535e-07]","[1.3193519654564057e-07, 4.0692073460801836e-07]","[0.39697984598163527, -0.4365584282809738]",0.14884529453048634
3,3369,"[0.3789725476138899, 0.6613080991131819]","[0.20033155121842627, 0.8577591891930944]","[0.5774624706047053, 0.4430288849726934]","[1.314075313828983e-07, 4.0529308412509106e-07]","[1.3140745935835696e-07, 4.052930543951838e-07]","[0.39697984598163094, -0.436558428280977]",0.14884529475597008
3,3370,"[0.37897254735107483, 0.6613080983025957]","[0.20033155121842627, 0.8577591891930944]","[0.577462470341888, 0.4430288841621056]","[1.308819055313163e-07, 4.036719147896279e-07]","[1.3088183337117698e-07, 4.036718849742549e-07]","[0.3969798459816264, -0.43655842828098024]",0.14884529498055193
3,3371,"[0.378972547089311, 0.6613080974952519]","[0.20033155121842627, 0.8577591891930944]","[0.577462470080122, 0.4430288833547602]","[1.303583820974465e-07, 4.020572301236079e-07]","[1.3035830970231643e-07, 4.02057200088457e-07]","[0.39697984598162195, -0.43655842828098335]",0.1488452952042354
3,3372,"[0.3789725468285942, 0.6613080966911374]","[0.20033155121842627, 0.8577591891930944]","[0.577462469819403, 0.4430288825506442]","[1.2983695276283243e-07, 4.0044900417433124e-07]","[1.2983688013612493e-07, 4.004489739806161e-07]","[0.3969798459816175, -0.43655842828098645]",0.14884529542702413
3,3373,"[0.3789725465689203, 0.6613080958902394]","[0.20033155121842627, 0.8577591891930944]","[0.5774624695597268, 0.4430288817497447]","[1.2931760909139438e-07, 3.988472110950385e-07]","[1.2931753640144095e-07, 3.9884718067151326e-07]","[0.39697984598161296, -0.43655842828098945]",0.14884529564892168
3,3374,"[0.3789725463102851, 0.661308095092545]","[0.20033155121842627, 0.8577591891930944]","[0.5774624693010894, 0.44302888095204873]","[1.2880034276926948e-07, 3.9725182503220296e-07]","[1.2880026994954719e-07, 3.972517944039744e-07]","[0.3969798459816085, -0.43655842828099245]",0.14884529586993164
3,3375,"[0.37897254605268443, 0.6613080942980413]","[0.20033155121842627, 0.8577591891930944]","[0.5774624690434864, 0.44302888015754355]","[1.2828514558259912e-07, 3.9566282056415787e-07]","[1.2828507273132672e-07, 3.9566278975389224e-07]","[0.39697984598160396, -0.43655842828099545]",0.1488452960900576
3,3376,"[0.37897254579611417, 0.6613080935067156]","[0.20033155121842627, 0.8577591891930944]","[0.5774624687869139, 0.4430288793662164]","[1.2777200915537988e-07, 3.9408017204207057e-07]","[1.2777193630908457e-07, 3.9408014113062606e-07]","[0.3969798459815994, -0.43655842828099845]",0.14884529630930304
3,3377,"[0.37897254554057014, 0.6613080927185553]","[0.20033155121842627, 0.8577591891930944]","[0.5774624685313677, 0.4430288785780546]","[1.2726092522700778e-07, 3.925038541930116e-07]","[1.2726085202308113e-07, 3.9250382305455744e-07]","[0.3969798459815952, -0.43655842828100133]",0.14884529652767148
3,3378,"[0.3789725452860483, 0.6613080919335476]","[0.20033155121842627, 0.8577591891930944]","[0.5774624682768438, 0.44302887779304545]","[1.267518856239131e-07, 3.9093384153317307e-07]","[1.2675181215726639e-07, 3.9093381021260143e-07]","[0.396979845981591, -0.4365584282810042]",0.14884529674516647
3,3379,"[0.3789725450325445, 0.6613080911516799]","[0.20033155121842627, 0.8577591891930944]","[0.5774624680233379, 0.4430288770111763]","[1.2624488207699924e-07, 3.893701089694579e-07]","[1.2624480838496766e-07, 3.893700774582065e-07]","[0.39697984598158675, -0.4365584282810071]",0.1488452969617915
3,3380,"[0.37897254478005477, 0.6613080903729397]","[0.20033155121842627, 0.8577591891930944]","[0.577462467770846, 0.4430288762324347]","[1.2573990653799553e-07, 3.8781263134304595e-07]","[1.257398327680903e-07, 3.8781259970033233e-07]","[0.3969798459815824, -0.43655842828101]",0.14884529717754996
3,3381,"[0.37897254452857493, 0.6613080895973145]","[0.20033155121842627, 0.8577591891930944]","[0.5774624675193641, 0.44302887545680797]","[1.252369508766199e-07, 3.8626138356787546e-07]","[1.252368767024059e-07, 3.862613519034497e-07]","[0.3969798459815784, -0.436558428281013]",0.14884529739244545
3,3382,"[0.378972544278101, 0.6613080888247918]","[0.20033155121842627, 0.8577591891930944]","[0.5774624672688882, 0.4430288746842838]","[1.2473600698097626e-07, 3.8471634087261e-07]","[1.2473593258288673e-07, 3.847163090875405e-07]","[0.3969798459815743, -0.4365584282810159]",0.14884529760648138
3,3383,"[0.378972544028629, 0.6613080880553591]","[0.20033155121842627, 0.8577591891930944]","[0.5774624670194142, 0.4430288739148497]","[1.242370668953874e-07, 3.831774783202302e-07]","[1.242369921938824e-07, 3.831774465501425e-07]","[0.3969798459815703, -0.4365584282810189]",0.1488452978196612
3,3384,"[0.3789725437801549, 0.6613080872890041]","[0.20033155121842627, 0.8577591891930944]","[0.577462466770938, 0.44302887314849326]","[1.2374012240767544e-07, 3.816447710927628e-07]","[1.2374004748627598e-07, 3.8164473920021535e-07]","[0.3969798459815663, -0.43655842828102176]",0.14884529803198826
3,3385,"[0.3789725435326746, 0.6613080865257146]","[0.20033155121842627, 0.8577591891930944]","[0.5774624665234558, 0.4430288723852023]","[1.2324516568280478e-07, 3.801181946330244e-07]","[1.23245090577484e-07, 3.801181626683636e-07]","[0.39697984598156233, -0.43655842828102465]",0.148845298243466
3,3386,"[0.3789725432861843, 0.6613080857654782]","[0.20033155121842627, 0.8577591891930944]","[0.5774624662769634, 0.44302887162496446]","[1.2275218878811305e-07, 3.785977244445922e-07]","[1.2275211364043415e-07, 3.785976923076362e-07]","[0.3969798459815582, -0.4365584282810274]",0.14884529845409783
3,3387,"[0.3789725430406799, 0.6613080850082828]","[0.20033155121842627, 0.8577591891930944]","[0.577462466031457, 0.44302887086776765]","[1.2226118379666976e-07, 3.770833362483301e-07]","[1.2226110845947602e-07, 3.7708330397068224e-07]","[0.3969798459815542, -0.4365584282810302]",0.14884529866388713
3,3388,"[0.37897254279615755, 0.6613080842541161]","[0.20033155121842627, 0.8577591891930944]","[0.5774624657869327, 0.44302887011359965]","[1.217721428363012e-07, 3.7557500563008903e-07]","[1.2177206726304846e-07, 3.7557497323259526e-07]","[0.39697984598155034, -0.436558428281033]",0.14884529887283726
3,3389,"[0.37897254255261326, 0.6613080835029661]","[0.20033155121842627, 0.8577591891930944]","[0.5774624655433864, 0.44302886936244823]","[1.2128505787754332e-07, 3.7407270814776415e-07]","[1.2128498222407913e-07, 3.740726756684687e-07]","[0.39697984598154634, -0.43655842828103575]",0.14884529908095162
3,3390,"[0.3789725423100431, 0.6613080827548207]","[0.20033155121842627, 0.8577591891930944]","[0.5774624653008145, 0.44302886861430146]","[1.207999213860028e-07, 3.7257641989744824e-07]","[1.2079984529345111e-07, 3.7257638724197406e-07]","[0.3969798459815427, -0.4365584282810384]",0.14884529928823353
3,3391,"[0.3789725420684433, 0.6613080820096678]","[0.20033155121842627, 0.8577591891930944]","[0.5774624650592127, 0.4430288678691473]","[1.203167252941168e-07, 3.710861167802497e-07]","[1.20316648977159e-07, 3.7108608397229403e-07]","[0.3969798459815389, -0.4365584282810411]",0.1488452994946863
3,3392,"[0.3789725418278098, 0.6613080812674956]","[0.20033155121842627, 0.8577591891930944]","[0.5774624648185773, 0.44302886712697376]","[1.1983546196860138e-07, 3.6960177489167805e-07]","[1.1983538555915274e-07, 3.6960174193412243e-07]","[0.396979845981535, -0.43655842828104374]",0.14884529970031324
3,3393,"[0.37897254158813887, 0.661308080528292]","[0.20033155121842627, 0.8577591891930944]","[0.5774624645789045, 0.44302886638776884]","[1.1935612364612456e-07, 3.681233702171998e-07]","[1.1935604704582659e-07, 3.681233371466419e-07]","[0.39697984598153124, -0.4365584282810464]",0.1488452999051177
3,3394,"[0.3789725413494266, 0.6613080797920453]","[0.20033155121842627, 0.8577591891930944]","[0.5774624643401903, 0.44302886565152083]","[1.1887870261353813e-07, 3.6665087926057823e-07]","[1.1887862588766396e-07, 3.666508460176132e-07]","[0.39697984598152747, -0.43655842828104896]",0.1488453001091029
3,3395,"[0.37897254111166917, 0.6613080790587436]","[0.20033155121842627, 0.8577591891930944]","[0.5774624641024311, 0.44302886491821775]","[1.1840319131074855e-07, 3.6518427820952874e-07]","[1.1840311436861484e-07, 3.651842448992859e-07]","[0.3969798459815238, -0.4365584282810516]",0.14884530031227222
3,3396,"[0.37897254087486276, 0.661308078328375]","[0.20033155121842627, 0.8577591891930944]","[0.5774624638656229, 0.44302886418784787]","[1.1792958203693944e-07, 3.6372354354066014e-07]","[1.179295046616069e-07, 3.6372351019942073e-07]","[0.39697984598152036, -0.4365584282810543]",0.1488453005146289
3,3397,"[0.3789725406390036, 0.6613080776009279]","[0.20033155121842627, 0.8577591891930944]","[0.5774624636297621, 0.4430288634603995]","[1.1745786709122144e-07, 3.6226865177810485e-07]","[1.1745778938365703e-07, 3.6226861827026724e-07]","[0.3969798459815169, -0.43655842828105684]",0.14884530071617613
3,3398,"[0.37897254040408784, 0.6613080768763906]","[0.20033155121842627, 0.8577591891930944]","[0.5774624633948445, 0.44302886273586095]","[1.1698803900496982e-07, 3.608195795937147e-07]","[1.1698796109627096e-07, 3.608195458526531e-07]","[0.39697984598151337, -0.4365584282810593]",0.14884530091691714
3,3399,"[0.3789725401701118, 0.6613080761547514]","[0.20033155121842627, 0.8577591891930944]","[0.5774624631608666, 0.44302886201422054]","[1.1652009015634052e-07, 3.5937630361696526e-07]","[1.1652001236095444e-07, 3.593762696874059e-07]","[0.3969798459815096, -0.43655842828106173]",0.14884530111685518
3,3400,"[0.3789725399370716, 0.6613080754359988]","[0.20033155121842627, 0.8577591891930944]","[0.5774624629278247, 0.4430288612954667]","[1.1605401317130656e-07, 3.579388007027886e-07]","[1.1605393507307937e-07, 3.579387666263756e-07]","[0.39697984598150615, -0.43655842828106417]",0.1488453013159935
3,3401,"[0.3789725397049636, 0.6613080747201212]","[0.20033155121842627, 0.8577591891930944]","[0.5774624626957149, 0.44302886057958785]","[1.1558980050701715e-07, 3.5650704788811594e-07]","[1.1558972229375186e-07, 3.565070137989679e-07]","[0.3969798459815026, -0.4365584282810667]",0.14884530151433523
3,3402,"[0.378972539473784, 0.6613080740071071]","[0.20033155121842627, 0.8577591891930944]","[0.5774624624645335, 0.44302885986657253]","[1.1512744462708748e-07, 3.5508102200899345e-07]","[1.1512736641794419e-07, 3.5508098777947694e-07]","[0.39697984598149894, -0.43655842828106917]",0.1488453017118836
3,3403,"[0.37897253924352914, 0.6613080732969451]","[0.20033155121842627, 0.8577591891930944]","[0.5774624622342768, 0.4430288591564093]","[1.1466693816536635e-07, 3.5366070026588163e-07]","[1.1466685995165093e-07, 3.536606658083308e-07]","[0.39697984598149527, -0.4365584282810715]",0.1488453019086417
3,3404,"[0.37897253901419525, 0.6613080725896237]","[0.20033155121842627, 0.8577591891930944]","[0.5774624620049412, 0.4430288584490867]","[1.1420827373383297e-07, 3.522460596656049e-07]","[1.1420819517882208e-07, 3.522460251814685e-07]","[0.39697984598149194, -0.43655842828107394]",0.14884530210461294
3,3405,"[0.3789725387857787, 0.6613080718851315]","[0.20033155121842627, 0.8577591891930944]","[0.5774624617765229, 0.44302885774459333]","[1.1375144384961025e-07, 3.5083707758136114e-07]","[1.1375136516056372e-07, 3.5083704308380703e-07]","[0.3969798459814885, -0.4365584282810764]",0.1488453022998002
3,3406,"[0.3789725385582758, 0.6613080711834574]","[0.20033155121842627, 0.8577591891930944]","[0.5774624615490184, 0.443028857042918]","[1.132964412525653e-07, 3.4943373151902183e-07]","[1.1329636234735929e-07, 3.494336968667966e-07]","[0.39697984598148517, -0.4365584282810787]",0.1488453024942067
3,3407,"[0.37897253833168293, 0.66130807048459]","[0.20033155121842627, 0.8577591891930944]","[0.5774624613224238, 0.44302885634404937]","[1.1284325875195064e-07, 3.4803599894597235e-07]","[1.1284317963378143e-07, 3.4803596427046557e-07]","[0.39697984598148184, -0.43655842828108116]",0.14884530268783563
3,3408,"[0.3789725381059964, 0.661308069788518]","[0.20033155121842627, 0.8577591891930944]","[0.5774624610967356, 0.44302885564797617]","[1.123918888454387e-07, 3.466438571447012e-07]","[1.1239180969235818e-07, 3.466438224797308e-07]","[0.3969798459814784, -0.4365584282810836]",0.14884530288069003
3,3409,"[0.3789725378812126, 0.6613080690952302]","[0.20033155121842627, 0.8577591891930944]","[0.5774624608719501, 0.44302885495468725]","[1.119423243787028e-07, 3.4525728384572973e-07]","[1.1194224519561757e-07, 3.452572490680872e-07]","[0.39697984598147495, -0.43655842828108593]",0.148845303072773
3,3410,"[0.37897253765732797, 0.6613080684047157]","[0.20033155121842627, 0.8577591891930944]","[0.5774624606480638, 0.44302885426417155]","[1.1149455823712154e-07, 3.4387625697882037e-07]","[1.1149447881608765e-07, 3.4387622210863e-07]","[0.39697984598147174, -0.43655842828108826]",0.14884530326408763
3,3411,"[0.37897253743433884, 0.6613080677169632]","[0.20033155121842627, 0.8577591891930944]","[0.5774624604250731, 0.44302885357641786]","[1.1104858310624025e-07, 3.425007541065237e-07]","[1.1104850344834105e-07, 3.4250071917485414e-07]","[0.3969798459814685, -0.4365584282810906]",0.14884530345463698
3,3412,"[0.37897253721224167, 0.6613080670319617]","[0.20033155121842627, 0.8577591891930944]","[0.5774624602029743, 0.44302885289141525]","[1.106043918209109e-07, 3.4113075326155463e-07]","[1.1060431198695042e-07, 3.411307181733214e-07]","[0.3969798459814653, -0.4365584282810928]",0.14884530364442417
3,3413,"[0.3789725369910329, 0.6613080663497002]","[0.20033155121842627, 0.8577591891930944]","[0.5774624599817639, 0.44302885220915267]","[1.1016197736837524e-07, 3.3976623246889634e-07]","[1.1016189738199955e-07, 3.3976619723263823e-07]","[0.3969798459814621, -0.43655842828109503]",0.14884530383345218
3,3414,"[0.3789725367707089, 0.6613080656701678]","[0.20033155121842627, 0.8577591891930944]","[0.5774624597614384, 0.4430288515296191]","[1.0972133242343835e-07, 3.3840716972059096e-07]","[1.0972125219499418e-07, 3.384071343703887e-07]","[0.39697984598145897, -0.43655842828109725]",0.1488453040217241
3,3415,"[0.3789725365512662, 0.6613080649933534]","[0.20033155121842627, 0.8577591891930944]","[0.5774624595419942, 0.44302885085280364]","[1.0928244999497939e-07, 3.370535430724159e-07]","[1.092823695980627e-07, 3.37053507604157e-07]","[0.39697984598145586, -0.4365584282810995]",0.14884530420924297
3,3416,"[0.37897253633270134, 0.6613080643192463]","[0.20033155121842627, 0.8577591891930944]","[0.5774624593234277, 0.4430288501786954]","[1.0884532322108723e-07, 3.357053309568546e-07]","[1.0884524276333352e-07, 3.3570529539561633e-07]","[0.39697984598145264, -0.4365584282811017]",0.14884530439601174
3,3417,"[0.3789725361150107, 0.6613080636478356]","[0.20033155121842627, 0.8577591891930944]","[0.5774624591057355, 0.44302884950728366]","[1.0840994484619064e-07, 3.343625116222163e-07]","[1.0840986425231236e-07, 3.343624758733732e-07]","[0.39697984598144953, -0.4365584282811038]",0.14884530458203343
3,3418,"[0.3789725358981908, 0.6613080629791105]","[0.20033155121842627, 0.8577591891930944]","[0.577462458888914, 0.4430288488385575]","[1.0797630798026855e-07, 3.3302506348123017e-07]","[1.0797622723712763e-07, 3.330250277211455e-07]","[0.3969798459814464, -0.436558428281106]",0.14884530476731106
3,3419,"[0.3789725356822382, 0.6613080623130604]","[0.20033155121842627, 0.8577591891930944]","[0.5774624586729599, 0.4430288481725063]","[1.0754440576957299e-07, 3.316929653154939e-07]","[1.0754432488990773e-07, 3.3169292940060657e-07]","[0.3969798459814433, -0.43655842828110814]",0.14884530495184756
3,3420,"[0.3789725354671494, 0.6613080616496745]","[0.20033155121842627, 0.8577591891930944]","[0.5774624584578696, 0.44302884750911936]","[1.0711423105134075e-07, 3.303661955124894e-07]","[1.0711414982766954e-07, 3.3036615948445203e-07]","[0.3969798459814404, -0.43655842828111024]",0.14884530513564587
3,3421,"[0.3789725352529209, 0.6613080609889421]","[0.20033155121842627, 0.8577591891930944]","[0.5774624582436396, 0.44302884684838595]","[1.0668577696246197e-07, 3.29044732763751e-07]","[1.0668569555560836e-07, 3.290446966563998e-07]","[0.39697984598143743, -0.43655842828111235]",0.14884530531870901
3,3422,"[0.37897253503954936, 0.6613080603308527]","[0.20033155121842627, 0.8577591891930944]","[0.5774624580302666, 0.4430288461902954]","[1.0625903669559142e-07, 3.277285558667201e-07]","[1.0625895507931915e-07, 3.2772851965567895e-07]","[0.39697984598143454, -0.43655842828111446]",0.14884530550103997
3,3423,"[0.3789725348270313, 0.6613080596753955]","[0.20033155121842627, 0.8577591891930944]","[0.5774624578177472, 0.44302884553483723]","[1.05834003386599e-07, 3.264176435653252e-07]","[1.05833921459908e-07, 3.2641760727702973e-07]","[0.39697984598143177, -0.4365584282811166]",0.1488453056826416
3,3424,"[0.3789725346153633, 0.6613080590225602]","[0.20033155121842627, 0.8577591891930944]","[0.5774624576060777, 0.44302884488200084]","[1.0541067015770988e-07, 3.251119748112866e-07]","[1.0541058803603676e-07, 3.251119384817258e-07]","[0.3969798459814289, -0.4365584282811187]",0.1488453058635168
3,3425,"[0.3789725344045419, 0.6613080583723362]","[0.20033155121842627, 0.8577591891930944]","[0.5774624573952549, 0.44302884423177585]","[1.0498903019478026e-07, 3.2381152876383856e-07]","[1.0498894792432267e-07, 3.2381149228655204e-07]","[0.396979845981426, -0.4365584282811207]",0.1488453060436685
3,3426,"[0.3789725341945639, 0.6613080577247131]","[0.20033155121842627, 0.8577591891930944]","[0.5774624571852754, 0.4430288435841518]","[1.0456907676923812e-07, 3.225162845650386e-07]","[1.0456899440791645e-07, 3.22516247985849e-07]","[0.3969798459814231, -0.4365584282811227]",0.14884530622309955
3,3427,"[0.37897253398542574, 0.6613080570796805]","[0.20033155121842627, 0.8577591891930944]","[0.5774624569761359, 0.44302884293911826]","[1.0415080318915421e-07, 3.212262212569767e-07]","[1.0415072071445763e-07, 3.212261844853792e-07]","[0.3969798459814202, -0.43655842828112457]",0.14884530640181287
3,3428,"[0.37897253377712414, 0.6613080564372281]","[0.20033155121842627, 0.8577591891930944]","[0.5774624567678328, 0.44302884229666484]","[1.0373420270254841e-07, 3.199413182760517e-07]","[1.0373412012709693e-07, 3.1994128146806133e-07]","[0.39697984598141733, -0.43655842828112656]",0.14884530657981138
3,3429,"[0.3789725335696557, 0.6613080557973455]","[0.20033155121842627, 0.8577591891930944]","[0.577462456560363, 0.44302884165678125]","[1.0331926850309422e-07, 3.186615549348736e-07]","[1.0331918576245158e-07, 3.186615180617025e-07]","[0.39697984598141456, -0.43655842828112856]",0.14884530675709784
3,3430,"[0.37897253336301717, 0.6613080551600224]","[0.20033155121842627, 0.8577591891930944]","[0.577462456353723, 0.4430288410194572]","[1.0290599409157182e-07, 3.173869106450542e-07]","[1.0290591140327265e-07, 3.173868736161545e-07]","[0.39697984598141156, -0.43655842828113045]",0.14884530693367515
3,3431,"[0.3789725331572052, 0.6613080545252487]","[0.20033155121842627, 0.8577591891930944]","[0.5774624561479096, 0.44302884038468243]","[1.0249437278227384e-07, 3.1611736485730144e-07]","[1.0249428994413279e-07, 3.161173278143359e-07]","[0.3969798459814088, -0.43655842828113245]",0.14884530710954624
3,3432,"[0.37897253295221645, 0.661308053893014]","[0.20033155121842627, 0.8577591891930944]","[0.5774624559429196, 0.4430288397524468]","[1.020843979008999e-07, 3.1485289728513317e-07]","[1.0208431472369384e-07, 3.1485286011712077e-07]","[0.39697984598140623, -0.43655842828113434]",0.1488453072847138
3,3433,"[0.37897253274804765, 0.6613080532633081]","[0.20033155121842627, 0.8577591891930944]","[0.5774624557387494, 0.44302883912273994]","[1.0167606291839614e-07, 3.135934873659234e-07]","[1.0167597952470686e-07, 3.135934502074278e-07]","[0.39697984598140357, -0.43655842828113633]",0.1488453074591808
3,3434,"[0.37897253254469554, 0.6613080526361211]","[0.20033155121842627, 0.8577591891930944]","[0.5774624555353959, 0.443028838495552]","[1.012693612828373e-07, 3.123391152390217e-07]","[1.0126927790787832e-07, 3.123390779902202e-07]","[0.3969798459814007, -0.4365584282811382]",0.14884530763294973
3,3435,"[0.37897253234215683, 0.6613080520114429]","[0.20033155121842627, 0.8577591891930944]","[0.5774624553328558, 0.4430288378708729]","[1.0086428643317726e-07, 3.1108976058136434e-07]","[1.0086420298982546e-07, 3.1108972325943895e-07]","[0.3969798459813979, -0.4365584282811401]",0.14884530780602367
3,3436,"[0.37897253214042825, 0.6613080513892634]","[0.20033155121842627, 0.8577591891930944]","[0.5774624551311258, 0.4430288372486924]","[1.0046083182709706e-07, 3.098454033179739e-07]","[1.0046074833125473e-07, 3.098453659200473e-07]","[0.39697984598139513, -0.436558428281142]",0.14884530797840534
3,3437,"[0.3789725319395066, 0.6613080507695726]","[0.20033155121842627, 0.8577591891930944]","[0.5774624549302028, 0.4430288366290006]","[1.000589910286225e-07, 3.086060233839555e-07]","[1.000589074928726e-07, 3.0860598593251964e-07]","[0.39697984598139235, -0.4365584282811439]",0.14884530815009744
3,3438,"[0.3789725317393886, 0.6613080501523605]","[0.20033155121842627, 0.8577591891930944]","[0.5774624547300835, 0.44302883601178766]","[9.965875760066869e-08, 3.0737160099226814e-07]","[9.965867381334093e-08, 3.073715633683527e-07]","[0.3969798459813898, -0.43655842828114566]",0.14884530832110285
3,3439,"[0.3789725315400711, 0.6613080495376172]","[0.20033155121842627, 0.8577591891930944]","[0.5774624545307647, 0.4430288353970435]","[9.926012513036134e-08, 3.06142116242204e-07]","[9.92600411309219e-08, 3.061420784655766e-07]","[0.39697984598138725, -0.43655842828114744]",0.1488453084914242
3,3440,"[0.37897253134155084, 0.661308048925333]","[0.20033155121842627, 0.8577591891930944]","[0.5774624543322431, 0.4430288347847584]","[9.88630870873292e-08, 3.049175494971314e-07]","[9.88630031173443e-08, 3.04917511628755e-07]","[0.39697984598138447, -0.4365584282811492]",0.1488453086610642
3,3441,"[0.3789725311438247, 0.6613080483154979]","[0.20033155121842627, 0.8577591891930944]","[0.5774624541345157, 0.44302883417492245]","[9.846763727214057e-08, 3.036978810749248e-07]","[9.846755294473652e-08, 3.036978430959181e-07]","[0.39697984598138203, -0.436558428281151]",0.14884530883002572
3,3442,"[0.3789725309468894, 0.6613080477081021]","[0.20033155121842627, 0.8577591891930944]","[0.577462453937579, 0.44302883356752576]","[9.807376906317604e-08, 3.024830911449827e-07]","[9.807368483993884e-08, 3.0248305310509593e-07]","[0.39697984598137925, -0.43655842828115277]",0.14884530899831133
3,3443,"[0.37897253075074183, 0.661308047103136]","[0.20033155121842627, 0.8577591891930944]","[0.5774624537414302, 0.4430288329625587]","[9.768147648242976e-08, 3.0127316039296995e-07]","[9.768139197507963e-08, 3.012731222828968e-07]","[0.3969798459813768, -0.43655842828115454]",0.14884530916592387
3,3444,"[0.3789725305553789, 0.6613080465005896]","[0.20033155121842627, 0.8577591891930944]","[0.5774624535460661, 0.44302883236001145]","[9.729075305294692e-08, 3.00068069353718e-07]","[9.729066829944344e-08, 3.000680312004178e-07]","[0.39697984598137437, -0.4365584282811563]",0.148845309332866
3,3445,"[0.37897253036079737, 0.6613080459004534]","[0.20033155121842627, 0.8577591891930944]","[0.5774624533514834, 0.4430288317598744]","[9.690159236477292e-08, 2.988677986710462e-07]","[9.690150731822555e-08, 2.988677604842671e-07]","[0.39697984598137204, -0.4365584282811581]",0.1488453094991403
3,3446,"[0.37897253016699417, 0.6613080453027178]","[0.20033155121842627, 0.8577591891930944]","[0.577462453157679, 0.44302883116213787]","[9.651398836629658e-08, 2.976723290123147e-07]","[9.651390314724395e-08, 2.976722908165641e-07]","[0.3969798459813696, -0.43655842828115987]",0.14884530966474957
3,3447,"[0.3789725299739662, 0.6613080447073731]","[0.20033155121842627, 0.8577591891930944]","[0.5774624529646497, 0.4430288305667924]","[9.612793472581799e-08, 2.9648164133546845e-07]","[9.612784945822739e-08, 2.9648160299045045e-07]","[0.39697984598136704, -0.43655842828116154]",0.1488453098296963
3,3448,"[0.3789725297817103, 0.6613080441144099]","[0.20033155121842627, 0.8577591891930944]","[0.5774624527723927, 0.4430288299738283]","[9.574342530759273e-08, 2.952957164555567e-07]","[9.574333970086002e-08, 2.9529567802111245e-07]","[0.3969798459813648, -0.4365584282811632]",0.14884530999398324
3,3449,"[0.3789725295902235, 0.6613080435238184]","[0.20033155121842627, 0.8577591891930944]","[0.5774624525809047, 0.443028829383236]","[9.536045393317721e-08, 2.941145350938084e-07]","[9.536036826851557e-08, 2.9411449659066946e-07]","[0.3969798459813624, -0.43655842828116487]",0.1488453101576131
3,3450,"[0.3789725293995026, 0.6613080429355894]","[0.20033155121842627, 0.8577591891930944]","[0.5774624523901827, 0.44302882879500616]","[9.497901444673123e-08, 2.929380786006201e-07]","[9.49789284998559e-08, 2.9293804004737467e-07]","[0.39697984598136016, -0.43655842828116653]",0.14884531032058845
3,3451,"[0.37897252920954455, 0.6613080423497133]","[0.20033155121842627, 0.8577591891930944]","[0.5774624522002234, 0.4430288282091292]","[9.459910062072002e-08, 2.91766327889203e-07]","[9.459901462172127e-08, 2.9176628929539206e-07]","[0.3969798459813577, -0.4365584282811682]",0.14884531048291183
3,3452,"[0.37897252902034634, 0.6613080417661806]","[0.20033155121842627, 0.8577591891930944]","[0.5774624520110241, 0.4430288276255957]","[9.422070643495646e-08, 2.905992641222709e-07]","[9.422062019481814e-08, 2.905992254609302e-07]","[0.3969798459813555, -0.43655842828116986]",0.14884531064458595
3,3453,"[0.3789725288319049, 0.6613080411849821]","[0.20033155121842627, 0.8577591891930944]","[0.5774624518225815, 0.4430288270443964]","[9.384382575349186e-08, 2.8943686858463913e-07]","[9.384373939047563e-08, 2.8943682978122e-07]","[0.39697984598135316, -0.4365584282811714]",0.14884531080561336
3,3454,"[0.37897252864421727, 0.6613080406061084]","[0.20033155121842627, 0.8577591891930944]","[0.5774624516348927, 0.44302882646552183]","[9.346845265355614e-08, 2.8827912263315165e-07]","[9.346836610246712e-08, 2.882790838265592e-07]","[0.39697984598135094, -0.4365584282811731]",0.14884531096599668
3,3455,"[0.37897252845728036, 0.6613080400295501]","[0.20033155121842627, 0.8577591891930944]","[0.5774624514479547, 0.44302882588896275]","[9.309458095591325e-08, 2.8712600764579907e-07]","[9.30944942800771e-08, 2.8712596883417874e-07]","[0.3969798459813487, -0.43655842828117475]",0.1488453111257385
3,3456,"[0.3789725282710912, 0.6613080394552981]","[0.20033155121842627, 0.8577591891930944]","[0.5774624512617644, 0.44302882531471]","[9.272220477657818e-08, 2.8597750519366776e-07]","[9.272211792810126e-08, 2.859774662633541e-07]","[0.3969798459813465, -0.4365584282811763]",0.1488453112848413
3,3457,"[0.3789725280856468, 0.6613080388833431]","[0.20033155121842627, 0.8577591891930944]","[0.5774624510763189, 0.4430288247427541]","[9.235131809830228e-08, 2.848335966031657e-07]","[9.235123127337985e-08, 2.84833557684383e-07]","[0.39697984598134417, -0.43655842828117797]",0.1488453114433077
3,3458,"[0.37897252790094416, 0.6613080383136759]","[0.20033155121842627, 0.8577591891930944]","[0.5774624508916151, 0.4430288241730861]","[9.198191493773308e-08, 2.836942636909399e-07]","[9.198182809866395e-08, 2.8369422477858564e-07]","[0.39697984598134184, -0.43655842828117963]",0.14884531160114028
3,3459,"[0.3789725277169803, 0.6613080377462873]","[0.20033155121842627, 0.8577591891930944]","[0.5774624507076501, 0.44302882360569673]","[9.161398934233532e-08, 2.8255948798677957e-07]","[9.161390240874923e-08, 2.8255944900523744e-07]","[0.3969798459813396, -0.4365584282811812]",0.14884531175834148
3,3460,"[0.3789725275337523, 0.6613080371811684]","[0.20033155121842627, 0.8577591891930944]","[0.577462450524421, 0.443028823040577]","[9.124753547203394e-08, 2.814292516153855e-07]","[9.124744843047594e-08, 2.814292125452589e-07]","[0.3969798459813374, -0.43655842828118274]",0.1488453119149139
3,3461,"[0.37897252735125725, 0.6613080366183098]","[0.20033155121842627, 0.8577591891930944]","[0.5774624503419248, 0.44302882247771774]","[9.088254742223254e-08, 2.8030353599160734e-07]","[9.088246039068437e-08, 2.8030349674690314e-07]","[0.39697984598133507, -0.4365584282811842]",0.14884531207086
3,3462,"[0.37897252716949215, 0.6613080360577027]","[0.20033155121842627, 0.8577591891930944]","[0.5774624501601586, 0.44302882191710985]","[9.05190192883766e-08, 2.791823231394739e-07]","[9.051893207212558e-08, 2.7918228390211297e-07]","[0.39697984598133296, -0.43655842828118574]",0.14884531222618233
3,3463,"[0.37897252698845413, 0.661308035499338]","[0.20033155121842627, 0.8577591891930944]","[0.5774624499791197, 0.44302882135874444]","[9.015694537845577e-08, 2.7806559524954995e-07]","[9.015685775715099e-08, 2.7806555585874193e-07]","[0.39697984598133107, -0.4365584282811872]",0.14884531238088344
3,3464,"[0.37897252680814025, 0.6613080349432069]","[0.20033155121842627, 0.8577591891930944]","[0.5774624497988047, 0.4430288208026125]","[8.979631960237531e-08, 2.769533343429854e-07]","[8.979623200566778e-08, 2.769532949642439e-07]","[0.39697984598132885, -0.43655842828118874]",0.14884531253496566
3,3465,"[0.37897252662854763, 0.6613080343893002]","[0.20033155121842627, 0.8577591891930944]","[0.5774624496192111, 0.4430288202487051]","[8.94371363475763e-08, 2.7584552233782054e-07]","[8.943704843389355e-08, 2.758454828444279e-07]","[0.39697984598132696, -0.4365584282811902]",0.1488453126884316
3,3466,"[0.3789725264496734, 0.6613080338376092]","[0.20033155121842627, 0.8577591891930944]","[0.5774624494403359, 0.44302881969701335]","[8.907938987281718e-08, 2.747421416939318e-07]","[8.907930176826895e-08, 2.747421021243035e-07]","[0.39697984598132496, -0.4365584282811916]",0.1488453128412837
3,3467,"[0.3789725262715146, 0.6613080332881249]","[0.20033155121842627, 0.8577591891930944]","[0.577462449262176, 0.44302881914752834]","[8.872307426189505e-08, 2.73643174577724e-07]","[8.872298612461194e-08, 2.7364313504030235e-07]","[0.39697984598132285, -0.4365584282811932]",0.14884531299352438
3,3468,"[0.37897252609406845, 0.6613080327408386]","[0.20033155121842627, 0.8577591891930944]","[0.5774624490847289, 0.4430288186002413]","[8.83681838794396e-08, 2.7254860327413946e-07]","[8.836809556322933e-08, 2.725485636623226e-07]","[0.39697984598132086, -0.4365584282811946]",0.14884531314515603
3,3469,"[0.3789725259173321, 0.6613080321957414]","[0.20033155121842627, 0.8577591891930944]","[0.5774624489079916, 0.4430288180551434]","[8.801471314387109e-08, 2.7145841029989125e-07]","[8.801462458851717e-08, 2.714583706153739e-07]","[0.39697984598131897, -0.43655842828119606]",0.14884531329618117
3,3470,"[0.3789725257413027, 0.6613080316528246]","[0.20033155121842627, 0.8577591891930944]","[0.5774624487319611, 0.44302881751222584]","[8.766265617845857e-08, 2.703725779968793e-07]","[8.766256776038261e-08, 2.703725382469102e-07]","[0.39697984598131675, -0.4365584282811975]",0.1488453134466023
3,3471,"[0.3789725255659774, 0.6613080311120795]","[0.20033155121842627, 0.8577591891930944]","[0.5774624485566348, 0.44302881697148]","[8.73120074514791e-08, 2.6929108906127953e-07]","[8.73119189170879e-08, 2.6929104929296344e-07]","[0.39697984598131475, -0.43655842828119895]",0.1488453135964216
3,3472,"[0.37897252539135334, 0.6613080305734973]","[0.20033155121842627, 0.8577591891930944]","[0.5774624483820097, 0.4430288164328971]","[8.696276125130559e-08, 2.682139260450936e-07]","[8.696267272956248e-08, 2.6821388626752096e-07]","[0.39697984598131264, -0.4365584282812004]",0.1488453137456417
3,3473,"[0.3789725252174278, 0.6613080300370694]","[0.20033155121842627, 0.8577591891930944]","[0.5774624482080831, 0.4430288158964685]","[8.661491214579928e-08, 2.671410715212783e-07]","[8.661482348015781e-08, 2.671410317400813e-07]","[0.39697984598131064, -0.43655842828120184]",0.14884531389426492
3,3474,"[0.378972525044198, 0.6613080295027872]","[0.20033155121842627, 0.8577591891930944]","[0.5774624480348522, 0.44302881536218564]","[8.626845437662806e-08, 2.660725085231876e-07]","[8.626836572878105e-08, 2.660724686132099e-07]","[0.39697984598130853, -0.43655842828120317]",0.1488453140422936
3,3475,"[0.37897252487166105, 0.6613080289706422]","[0.20033155121842627, 0.8577591891930944]","[0.5774624478623143, 0.44302881483004]","[8.592338234934658e-08, 2.650082197907199e-07]","[8.592329375778363e-08, 2.650081797894721e-07]","[0.3969798459813064, -0.4365584282812045]",0.14884531418973018
3,3476,"[0.3789725246998143, 0.6613080284406258]","[0.20033155121842627, 0.8577591891930944]","[0.5774624476904665, 0.44302881430002283]","[8.55796907604256e-08, 2.639481881412105e-07]","[8.557960207156157e-08, 2.639481480604111e-07]","[0.3969798459813044, -0.43655842828120583]",0.14884531433657705
3,3477,"[0.37897252452865493, 0.6613080279127294]","[0.20033155121842627, 0.8577591891930944]","[0.5774624475193062, 0.4430288137721258]","[8.52373738605549e-08, 2.6289239664588444e-07]","[8.523728500797745e-08, 2.6289235649512577e-07]","[0.39697984598130254, -0.43655842828120717]",0.14884531448283655
3,3478,"[0.3789725243581802, 0.6613080273869446]","[0.20033155121842627, 0.8577591891930944]","[0.5774624473488306, 0.44302881324634036]","[8.489642625307339e-08, 2.618408283970556e-07]","[8.489633712693845e-08, 2.6184078816271494e-07]","[0.39697984598130076, -0.4365584282812085]",0.148845314628511
3,3479,"[0.37897252418838734, 0.661308026863263]","[0.20033155121842627, 0.8577591891930944]","[0.5774624471790368, 0.44302881272265804]","[8.45568424053976e-08, 2.6079346637263665e-07]","[8.45567530438629e-08, 2.6079342607676637e-07]","[0.396979845981299, -0.43655842828120983]",0.14884531477360274
3,3480,"[0.37897252401927367, 0.6613080263416761]","[0.20033155121842627, 0.8577591891930944]","[0.5774624470099221, 0.4430288122010705]","[8.421861679124765e-08, 2.5975029382178764e-07]","[8.421852759621373e-08, 2.5975025347291236e-07]","[0.3969798459812969, -0.43655842828121116]",0.1488453149181141
3,3481,"[0.37897252385083646, 0.6613080258221755]","[0.20033155121842627, 0.8577591891930944]","[0.577462446841484, 0.44302881168156927]","[8.388174421637874e-08, 2.587112939832037e-07]","[8.388165489980892e-08, 2.5871125358678526e-07]","[0.396979845981295, -0.4365584282812125]",0.14884531506204737
3,3482,"[0.378972523683073, 0.661308025304753]","[0.20033155121842627, 0.8577591891930944]","[0.5774624466737196, 0.44302881116414605]","[8.354621904054949e-08, 2.576764501430444e-07]","[8.354612951455564e-08, 2.5767640970952854e-07]","[0.3969798459812932, -0.43655842828121383]",0.148845315205405
3,3483,"[0.37897252351598054, 0.6613080247894001]","[0.20033155121842627, 0.8577591891930944]","[0.5774624465066263, 0.4430288106487925]","[8.321203588851637e-08, 2.5664574561788336e-07]","[8.321194622240569e-08, 2.566457051322857e-07]","[0.39697984598129143, -0.43655842828121516]",0.14884531534818918
3,3484,"[0.37897252334955644, 0.6613080242761086]","[0.20033155121842627, 0.8577591891930944]","[0.5774624463402013, 0.44302881013550033]","[8.287918945292566e-08, 2.556191637928335e-07]","[8.287909963877738e-08, 2.556191233127336e-07]","[0.39697984598128966, -0.4365584282812165]",0.1488453154904022
3,3485,"[0.3789725231837981, 0.6613080237648703]","[0.20033155121842627, 0.8577591891930944]","[0.577462446174442, 0.44302880962426144]","[8.254767442666867e-08, 2.5459668848739707e-07]","[8.25475846566448e-08, 2.5459664787508274e-07]","[0.39697984598128777, -0.4365584282812177]",0.14884531563204637
3,3486,"[0.37897252301870277, 0.661308023255677]","[0.20033155121842627, 0.8577591891930944]","[0.5774624460093458, 0.4430288091150675]","[8.221748548574265e-08, 2.535783029667912e-07]","[8.221739550284823e-08, 2.535782622214988e-07]","[0.3969798459812861, -0.43655842828121894]",0.14884531577312396
3,3487,"[0.3789725228542678, 0.6613080227485203]","[0.20033155121842627, 0.8577591891930944]","[0.57746244584491, 0.44302880860791016]","[8.188861723216374e-08, 2.5256399086077113e-07]","[8.188852707036176e-08, 2.525639501427257e-07]","[0.39697984598128444, -0.43655842828122027]",0.14884531591363737
3,3488,"[0.3789725226904906, 0.6613080222433924]","[0.20033155121842627, 0.8577591891930944]","[0.5774624456811319, 0.4430288081027816]","[8.1561064473869e-08, 2.5155373617276746e-07]","[8.156097419664832e-08, 2.515536953739961e-07]","[0.39697984598128266, -0.4365584282812215]",0.14884531605358858
3,3489,"[0.37897252252736846, 0.6613080217402849]","[0.20033155121842627, 0.8577591891930944]","[0.5774624455180088, 0.44302880759967356]","[8.12348218371618e-08, 2.5054752245672545e-07]","[8.123473166365969e-08, 2.505474815950315e-07]","[0.3969798459812808, -0.4365584282812227]",0.14884531619298
3,3490,"[0.3789725223648988, 0.6613080212391899]","[0.20033155121842627, 0.8577591891930944]","[0.5774624453555384, 0.44302880709857784]","[8.090988423925384e-08, 2.495453334945606e-07]","[8.09097938647696e-08, 2.495452926520869e-07]","[0.3969798459812791, -0.43655842828122404]",0.14884531633181386
3,3491,"[0.37897252220307903, 0.6613080207400992]","[0.20033155121842627, 0.8577591891930944]","[0.5774624451937177, 0.44302880659948657]","[8.058624632908316e-08, 2.485471533632131e-07]","[8.058615591499674e-08, 2.485471124469285e-07]","[0.39697984598127734, -0.43655842828122526]",0.14884531647009241
3,3492,"[0.3789725220419065, 0.661308020243005]","[0.20033155121842627, 0.8577591891930944]","[0.5774624450325443, 0.4430288061023917]","[8.02639029388006e-08, 2.475529660159493e-07]","[8.026381248527059e-08, 2.4755292504785587e-07]","[0.39697984598127556, -0.4365584282812265]",0.14884531660781777
3,3493,"[0.3789725218813787, 0.661308019747899]","[0.20033155121842627, 0.8577591891930944]","[0.5774624448720156, 0.44302880560728514]","[7.994284890052737e-08, 2.465627552552635e-07]","[7.99427584130541e-08, 2.465627142456128e-07]","[0.3969798459812738, -0.4365584282812277]",0.1488453167449923
3,3494,"[0.378972521721493, 0.6613080192547734]","[0.20033155121842627, 0.8577591891930944]","[0.577462444712129, 0.443028805114159]","[7.96230791072596e-08, 2.4557650526970146e-07]","[7.962298848029903e-08, 2.455764642195213e-07]","[0.3969798459812721, -0.4365584282812289]",0.14884531688161817
3,3495,"[0.3789725215622468, 0.6613080187636204]","[0.20033155121842627, 0.8577591891930944]","[0.5774624445528821, 0.4430288046230054]","[7.930458839722417e-08, 2.4459420041887816e-07]","[7.930449757997948e-08, 2.445941592044143e-07]","[0.39697984598127056, -0.43655842828123004]",0.1488453170176975
3,3496,"[0.37897252140363763, 0.6613080182744321]","[0.20033155121842627, 0.8577591891930944]","[0.5774624443942722, 0.4430288041338165]","[7.898737160864486e-08, 2.436158248267471e-07]","[7.898728049404724e-08, 2.4361578349063606e-07]","[0.3969798459812691, -0.43655842828123115]",0.1488453171532325
3,3497,"[0.3789725212456629, 0.6613080177872004]","[0.20033155121842627, 0.8577591891930944]","[0.5774624442362967, 0.44302880364658426]","[7.867142365519624e-08, 2.4264136249199255e-07]","[7.867133239303215e-08, 2.42641321090975e-07]","[0.39697984598126757, -0.43655842828123226]",0.14884531728822542
3,3498,"[0.37897252108832, 0.6613080173019177]","[0.20033155121842627, 0.8577591891930944]","[0.5774624440789531, 0.443028803161301]","[7.835673946740891e-08, 2.416707981919771e-07]","[7.835664800337483e-08, 2.4167075668435345e-07]","[0.3969798459812661, -0.43655842828123337]",0.1488453174226783
3,3499,"[0.37897252093160655, 0.6613080168185761]","[0.20033155121842627, 0.8577591891930944]","[0.5774624439222387, 0.44302880267795886]","[7.80433139436409e-08, 2.4070411606456014e-07]","[7.804322271764974e-08, 2.407040745056044e-07]","[0.39697984598126423, -0.4365584282812345]",0.14884531755659336
3,3500,"[0.3789725207755199, 0.6613080163371678]","[0.20033155121842627, 0.8577591891930944]","[0.5774624437661513, 0.44302880219655]","[7.77311422499638e-08, 2.397413006410104e-07]","[7.773105076269715e-08, 2.397412591226278e-07]","[0.3969798459812628, -0.4365584282812357]",0.14884531768997278
3,3501,"[0.3789725206200576, 0.6613080158576853]","[0.20033155121842627, 0.8577591891930944]","[0.5774624436106882, 0.4430288017170669]","[7.742021908139872e-08, 2.3878233659867524e-07]","[7.742012753109151e-08, 2.387822949923013e-07]","[0.39697984598126124, -0.4365584282812368]",0.14884531782281868
3,3502,"[0.3789725204652172, 0.6613080153801206]","[0.20033155121842627, 0.8577591891930944]","[0.5774624434558471, 0.4430288012395016]","[7.711053972416287e-08, 2.378272083239302e-07]","[7.711044797131805e-08, 2.378271667935472e-07]","[0.3969798459812598, -0.43655842828123803]",0.14884531795513326
3,3503,"[0.3789725203109961, 0.6613080149044662]","[0.20033155121842627, 0.8577591891930944]","[0.5774624433016251, 0.44302880076384665]","[7.680209899082461e-08, 2.3687590059194764e-07]","[7.680200742044008e-08, 2.3687585898324315e-07]","[0.396979845981258, -0.43655842828123914]",0.14884531808691853
3,3504,"[0.3789725201573919, 0.6613080144307144]","[0.20033155121842627, 0.8577591891930944]","[0.5774624431480202, 0.4430288002900943]","[7.649489215898128e-08, 2.3592839799340284e-07]","[7.649480032734246e-08, 2.359283563513337e-07]","[0.3969798459812566, -0.43655842828124025]",0.1488453182181767
3,3505,"[0.3789725200044021, 0.6613080139588576]","[0.20033155121842627, 0.8577591891930944]","[0.5774624429950297, 0.44302879981823695]","[7.618891411031588e-08, 2.3498468547876126e-07]","[7.618882208459965e-08, 2.349846437987857e-07]","[0.39697984598125513, -0.43655842828124136]",0.14884531834890974
3,3506,"[0.3789725198520243, 0.6613080134888882]","[0.20033155121842627, 0.8577591891930944]","[0.5774624428426511, 0.44302879934826705]","[7.588415985812868e-08, 2.3404474771776946e-07]","[7.588406769620804e-08, 2.3404470589349913e-07]","[0.3969798459812537, -0.43655842828124236]",0.14884531847911994
3,3507,"[0.37897251970025597, 0.6613080130207988]","[0.20033155121842627, 0.8577591891930944]","[0.5774624426908821, 0.44302879888017704]","[7.558062466246244e-08, 2.331085697958006e-07]","[7.558053238820861e-08, 2.3310852798053006e-07]","[0.39697984598125224, -0.43655842828124347]",0.14884531860880928
3,3508,"[0.3789725195490947, 0.6613080125545816]","[0.20033155121842627, 0.8577591891930944]","[0.5774624425397201, 0.4430287984139593]","[7.527830354151934e-08, 2.3217613643867992e-07]","[7.527821116459776e-08, 2.3217609462777844e-07]","[0.3969798459812508, -0.4365584282812446]",0.14884531873797988
3,3509,"[0.3789725193985381, 0.6613080120902294]","[0.20033155121842627, 0.8577591891930944]","[0.5774624423891628, 0.4430287979496066]","[7.497719162596937e-08, 2.3124743300350247e-07]","[7.497709919590534e-08, 2.3124739106927805e-07]","[0.39697984598124936, -0.4365584282812456]",0.1488453188666337
3,3510,"[0.3789725192485837, 0.6613080116277346]","[0.20033155121842627, 0.8577591891930944]","[0.5774624422392076, 0.44302879748711127]","[7.467728427272192e-08, 2.3032244439675993e-07]","[7.467719187470578e-08, 2.303224023725292e-07]","[0.3969798459812478, -0.4365584282812466]",0.148845318994773
3,3511,"[0.37897251909922913, 0.6613080111670897]","[0.20033155121842627, 0.8577591891930944]","[0.5774624420898522, 0.4430287970264659]","[7.437857651732356e-08, 2.294011556466299e-07]","[7.437848420499549e-08, 2.2940111354952109e-07]","[0.39697984598124614, -0.4365584282812476]",0.14884531912239957
3,3512,"[0.37897251895047196, 0.6613080107082874]","[0.20033155121842627, 0.8577591891930944]","[0.5774624419410943, 0.44302879656766303]","[7.408106360689911e-08, 2.2848355196093395e-07]","[7.408097113525969e-08, 2.284835098897986e-07]","[0.3969798459812447, -0.4365584282812487]",0.14884531924951583
3,3513,"[0.3789725188023098, 0.6613080102513202]","[0.20033155121842627, 0.8577591891930944]","[0.5774624417929315, 0.4430287961106954]","[7.37847407286803e-08, 2.2756961866860338e-07]","[7.378464805807283e-08, 2.2756957651637322e-07]","[0.39697984598124336, -0.4365584282812497]",0.1488453193761236
3,3514,"[0.37897251865474035, 0.661308009796181]","[0.20033155121842627, 0.8577591891930944]","[0.5774624416453613, 0.44302879565555564]","[7.348960314869529e-08, 2.26659341103752e-07]","[7.348951042152052e-08, 2.2665929888532332e-07]","[0.3969798459812419, -0.4365584282812507]",0.1488453195022249
3,3515,"[0.37897251850776115, 0.6613080093428623]","[0.20033155121842627, 0.8577591891930944]","[0.5774624414983814, 0.4430287952022364]","[7.319564616457603e-08, 2.2575270461815295e-07]","[7.319555322959914e-08, 2.25752662341705e-07]","[0.3969798459812406, -0.4365584282812517]",0.14884531962782185
3,3516,"[0.37897251836136986, 0.6613080088913569]","[0.20033155121842627, 0.8577591891930944]","[0.5774624413519895, 0.44302879475073054]","[7.290286490803515e-08, 2.2484969479947957e-07]","[7.290277170834969e-08, 2.2484965250813005e-07]","[0.39697984598123937, -0.4365584282812527]",0.14884531975291637
3,3517,"[0.3789725182155641, 0.6613080084416575]","[0.20033155121842627, 0.8577591891930944]","[0.5774624412061831, 0.4430287943010307]","[7.261125472288665e-08, 2.2395029696925234e-07]","[7.261116152790237e-08, 2.2395025450760997e-07]","[0.3969798459812379, -0.4365584282812536]",0.1488453198775105
3,3518,"[0.3789725180703416, 0.6613080079937569]","[0.20033155121842627, 0.8577591891930944]","[0.5774624410609599, 0.4430287938531296]","[7.23208110030532e-08, 2.2305449666663698e-07]","[7.232071769225357e-08, 2.230544541848012e-07]","[0.3969798459812366, -0.4365584282812546]",0.14884532000160633
3,3519,"[0.37897251792569997, 0.6613080075476478]","[0.20033155121842627, 0.8577591891930944]","[0.5774624409163176, 0.44302879340702006]","[7.203152902432961e-08, 2.2216227950191512e-07]","[7.203143564948888e-08, 2.2216223699578208e-07]","[0.39697984598123526, -0.4365584282812556]",0.14884532012520574
3,3520,"[0.37897251778163693, 0.6613080071033233]","[0.20033155121842627, 0.8577591891930944]","[0.577462440772254, 0.44302879296269504]","[7.174340425198655e-08, 2.21273631294331e-07]","[7.174331068116047e-08, 2.2127358867418678e-07]","[0.39697984598123404, -0.43655842828125646]",0.1488453202483107
3,3521,"[0.3789725176381501, 0.661308006660776]","[0.20033155121842627, 0.8577591891930944]","[0.5774624406287665, 0.4430287925201474]","[7.145643187608056e-08, 2.203885377430253e-07]","[7.145633812433161e-08, 2.2038849500916058e-07]","[0.3969798459812328, -0.43655842828125735]",0.14884532037092327
3,3522,"[0.37897251749523725, 0.661308006219999]","[0.20033155121842627, 0.8577591891930944]","[0.577462440485853, 0.44302879207936985]","[7.117060739730254e-08, 2.1950698449515704e-07]","[7.117051348259906e-08, 2.1950694167882645e-07]","[0.3969798459812316, -0.43655842828125824]",0.1488453204930454
3,3523,"[0.37897251735289605, 0.661308005780985]","[0.20033155121842627, 0.8577591891930944]","[0.5774624403435111, 0.4430287916403554]","[7.088592626583012e-08, 2.1862895750336134e-07]","[7.088583242609303e-08, 2.186289146943743e-07]","[0.39697984598123015, -0.43655842828125924]",0.14884532061467903
3,3524,"[0.3789725172111242, 0.6613080053437271]","[0.20033155121842627, 0.8577591891930944]","[0.5774624402017385, 0.443028791203097]","[7.060238370403199e-08, 2.177544425642084e-07]","[7.06022899588099e-08, 2.1775439978943822e-07]","[0.3969798459812287, -0.43655842828126024]",0.1488453207358261
3,3525,"[0.3789725170699194, 0.6613080049082183]","[0.20033155121842627, 0.8577591891930944]","[0.577462440060533, 0.4430287907675877]","[7.031997545209034e-08, 2.1688342571369742e-07]","[7.031988175087989e-08, 2.1688338286418585e-07]","[0.39697984598122726, -0.4365584282812611]",0.14884532085648855
3,3526,"[0.37897251692927947, 0.6613080044744515]","[0.20033155121842627, 0.8577591891930944]","[0.5774624399198924, 0.4430287903338205]","[7.003869681277613e-08, 2.1601589303151373e-07]","[7.003860302834397e-08, 2.160158500963405e-07]","[0.39697984598122593, -0.436558428281262]",0.14884532097666836
3,3527,"[0.3789725167892021, 0.6613080040424197]","[0.20033155121842627, 0.8577591891930944]","[0.5774624397798144, 0.44302878990178823]","[6.97585433196792e-08, 2.151518304026918e-07]","[6.975844946133236e-08, 2.1515178749709207e-07]","[0.3969798459812246, -0.436558428281263]",0.14884532109636756
3,3528,"[0.378972516649685, 0.6613080036121161]","[0.20033155121842627, 0.8577591891930944]","[0.5774624396402966, 0.4430287894714841]","[6.947951038779407e-08, 2.1429122391091973e-07]","[6.947941649793066e-08, 2.14291180911097e-07]","[0.39697984598122327, -0.4365584282812639]",0.14884532121558786
3,3529,"[0.378972516510726, 0.6613080031835336]","[0.20033155121842627, 0.8577591891930944]","[0.577462439501337, 0.44302878904290116]","[6.920159364536827e-08, 2.1343405981777265e-07]","[6.920149958622446e-08, 2.1343401673812323e-07]","[0.39697984598122205, -0.4365584282812648]",0.14884532133433137
3,3530,"[0.3789725163723228, 0.6613080027566655]","[0.20033155121842627, 0.8577591891930944]","[0.5774624393629332, 0.4430287886160326]","[6.892478851553645e-08, 2.1258032443797763e-07]","[6.892469445185512e-08, 2.1258028132242757e-07]","[0.3969798459812207, -0.4365584282812657]",0.14884532145259985
3,3531,"[0.37897251623447326, 0.6613080023315048]","[0.20033155121842627, 0.8577591891930944]","[0.5774624392250829, 0.4430287881908715]","[6.864909055369246e-08, 2.1173000392658585e-07]","[6.864899659841939e-08, 2.117299607862222e-07]","[0.39697984598121927, -0.43655842828126656]",0.14884532157039523
3,3532,"[0.3789725160971751, 0.6613080019080447]","[0.20033155121842627, 0.8577591891930944]","[0.5774624390877842, 0.44302878776741106]","[6.837449548677092e-08, 2.108830846524587e-07]","[6.837440125195826e-08, 2.108830413627416e-07]","[0.39697984598121816, -0.43655842828126734]",0.14884532168771947
3,3533,"[0.3789725159604261, 0.6613080014862786]","[0.20033155121842627, 0.8577591891930944]","[0.5774624389510346, 0.44302878734564444]","[6.810099868294181e-08, 2.100395531495139e-07]","[6.81009043601577e-08, 2.1003950984033182e-07]","[0.39697984598121694, -0.43655842828126823]",0.14884532180457444
3,3534,"[0.3789725158242241, 0.6613080010661995]","[0.20033155121842627, 0.8577591891930944]","[0.577462438814832, 0.4430287869255649]","[6.782859591573526e-08, 2.0919939580330624e-07]","[6.78285014821256e-08, 2.0919935245222732e-07]","[0.3969798459812157, -0.4365584282812691]",0.14884532192096195
3,3535,"[0.3789725156885669, 0.6613080006478007]","[0.20033155121842627, 0.8577591891930944]","[0.5774624386791742, 0.4430287865071657]","[6.755728267526337e-08, 2.0836259906556715e-07]","[6.755718795492527e-08, 2.0836255570921836e-07]","[0.3969798459812147, -0.43655842828127]",0.14884532203688394
3,3536,"[0.3789725155534523, 0.6613080002310755]","[0.20033155121842627, 0.8577591891930944]","[0.5774624385440591, 0.4430287860904401]","[6.728705463465001e-08, 2.075291494748109e-07]","[6.728695978175381e-08, 2.0752910601107288e-07]","[0.3969798459812136, -0.4365584282812708]",0.14884532215234225
3,3537,"[0.37897251541887816, 0.6613079998160172]","[0.20033155121842627, 0.8577591891930944]","[0.5774624384094844, 0.44302878567538134]","[6.701790753211305e-08, 2.066990335870062e-07]","[6.701781252171912e-08, 2.066989901461369e-07]","[0.3969798459812125, -0.43655842828127167]",0.14884532226733868
3,3538,"[0.3789725152848423, 0.6613079994026191]","[0.20033155121842627, 0.8577591891930944]","[0.5774624382754479, 0.44302878526198286]","[6.674983690808155e-08, 2.0587223825649857e-07]","[6.674974212250717e-08, 2.0587219468071183e-07]","[0.39697984598121105, -0.43655842828127245]",0.1488453223818751
3,3539,"[0.37897251515134267, 0.6613079989908746]","[0.20033155121842627, 0.8577591891930944]","[0.5774624381419476, 0.4430287848502379]","[6.648283874378505e-08, 2.0504874995665853e-07]","[6.648274381015895e-08, 2.0504870640314365e-07]","[0.39697984598120994, -0.43655842828127334]",0.14884532249595347
3,3540,"[0.378972515018377, 0.661307998580777]","[0.20033155121842627, 0.8577591891930944]","[0.5774624380089814, 0.44302878444014]","[6.621690856816436e-08, 2.0422855574689282e-07]","[6.621681336582697e-08, 2.042285121017784e-07]","[0.39697984598120895, -0.4365584282812741]",0.1488453226095755
3,3541,"[0.37897251488594313, 0.6613079981723199]","[0.20033155121842627, 0.8577591891930944]","[0.577462437876547, 0.44302878403168244]","[6.595204197797433e-08, 2.0341164222767054e-07]","[6.595194668168602e-08, 2.034115985094509e-07]","[0.39697984598120784, -0.4365584282812749]",0.14884532272274303
3,3542,"[0.37897251475403904, 0.6613079977654966]","[0.20033155121842627, 0.8577591891930944]","[0.5774624377446425, 0.4430287836248588]","[6.568823486405126e-08, 2.0259799647374956e-07]","[6.568813937235518e-08, 2.0259795269206293e-07]","[0.39697984598120684, -0.43655842828127567]",0.14884532283545787
3,3543,"[0.37897251462266257, 0.6613079973603007]","[0.20033155121842627, 0.8577591891930944]","[0.5774624376132654, 0.44302878321966244]","[6.542548299172855e-08, 2.0178760527296063e-07]","[6.542538744103155e-08, 2.017875614379605e-07]","[0.3969798459812057, -0.43655842828127644]",0.14884532294772188
3,3544,"[0.37897251449181163, 0.6613079969567255]","[0.20033155121842627, 0.8577591891930944]","[0.577462437482414, 0.44302878281608693]","[6.51637822051663e-08, 2.0098045569254414e-07]","[6.516368644682302e-08, 2.0098041170202308e-07]","[0.3969798459812047, -0.4365584282812771]",0.14884532305953677
3,3545,"[0.37897251436148405, 0.6613079965547646]","[0.20033155121842627, 0.8577591891930944]","[0.5774624373520858, 0.44302878241412563]","[6.490312804849431e-08, 2.001765345623477e-07]","[6.490303239292672e-08, 2.001764905501524e-07]","[0.3969798459812035, -0.4365584282812779]",0.1488453231709044
3,3546,"[0.37897251423167777, 0.6613079961544115]","[0.20033155121842627, 0.8577591891930944]","[0.577462437222279, 0.44302878201377216]","[6.464351658753125e-08, 1.9937582914070243e-07]","[6.464342083845054e-08, 1.9937578510376142e-07]","[0.3969798459812024, -0.43655842828127867]",0.1488453232818266
3,3547,"[0.37897251410239075, 0.6613079957556598]","[0.20033155121842627, 0.8577591891930944]","[0.5774624370929914, 0.4430287816150201]","[6.438494356019308e-08, 1.9857832643191712e-07]","[6.438484778659159e-08, 1.985782823732407e-07]","[0.3969798459812013, -0.43655842828127944]",0.14884532339230516
3,3548,"[0.37897251397362086, 0.6613079953585032]","[0.20033155121842627, 0.8577591891930944]","[0.577462436964221, 0.44302878121786304]","[6.412740479746884e-08, 1.9778401389004503e-07]","[6.412730901850239e-08, 1.9778396981307012e-07]","[0.3969798459812002, -0.4365584282812802]",0.14884532350234175
3,3549,"[0.37897251384536607, 0.6613079949629351]","[0.20033155121842627, 0.8577591891930944]","[0.5774624368359655, 0.4430287808222947]","[6.387089627513043e-08, 1.969928785875739e-07]","[6.387080053738003e-08, 1.969928343781291e-07]","[0.39697984598119895, -0.4365584282812809]",0.14884532361193814
3,3550,"[0.37897251371762425, 0.6613079945689494]","[0.20033155121842627, 0.8577591891930944]","[0.5774624367082232, 0.4430287804283086]","[6.361541369680813e-08, 1.9620490784685095e-07]","[6.361531790233244e-08, 1.9620486352289745e-07]","[0.39697984598119784, -0.43655842828128155]",0.14884532372109618
3,3551,"[0.3789725135903934, 0.6613079941765396]","[0.20033155121842627, 0.8577591891930944]","[0.577462436580992, 0.4430287800358985]","[6.336095306291678e-08, 1.954200889461333e-07]","[6.33608568945121e-08, 1.9542004453532158e-07]","[0.39697984598119707, -0.4365584282812822]",0.14884532382981763
3,3552,"[0.3789725134636715, 0.6613079937856995]","[0.20033155121842627, 0.8577591891930944]","[0.5774624364542695, 0.44302877964505805]","[6.310751021810476e-08, 1.94638409367067e-07]","[6.310741396120534e-08, 1.9463836486988129e-07]","[0.39697984598119607, -0.4365584282812829]",0.14884532393810415
3,3553,"[0.37897251333745646, 0.6613079933964227]","[0.20033155121842627, 0.8577591891930944]","[0.5774624363280539, 0.4430287792557808]","[6.285508111842912e-08, 1.9385985637676716e-07]","[6.285498488356467e-08, 1.9385981192554524e-07]","[0.39697984598119496, -0.43655842828128366]",0.14884532404595752
3,3554,"[0.3789725132117463, 0.6613079930087029]","[0.20033155121842627, 0.8577591891930944]","[0.5774624362023433, 0.4430287788680607]","[6.260366183757017e-08, 1.930844175192155e-07]","[6.260356549825374e-08, 1.9308437310128213e-07]","[0.39697984598119396, -0.43655842828128444]",0.1488453241533796
3,3555,"[0.37897251308653895, 0.661307992622534]","[0.20033155121842627, 0.8577591891930944]","[0.5774624360771354, 0.4430287784818915]","[6.235324808876504e-08, 1.923120804831487e-07]","[6.235315169744737e-08, 1.9231203596259405e-07]","[0.39697984598119296, -0.4365584282812851]",0.1488453242603719
3,3556,"[0.37897251296183243, 0.6613079922379099]","[0.20033155121842627, 0.8577591891930944]","[0.5774624359524285, 0.44302877809726704]","[6.210383604576434e-08, 1.9154283294024692e-07]","[6.210373931780921e-08, 1.915427883525389e-07]","[0.3969798459811922, -0.43655842828128577]",0.14884532436693623
3,3557,"[0.37897251283762473, 0.6613079918548243]","[0.20033155121842627, 0.8577591891930944]","[0.5774624358282203, 0.443028777714181]","[6.18554216388672e-08, 1.9077666226135051e-07]","[6.185532486213674e-08, 1.907766177255965e-07]","[0.3969798459811912, -0.43655842828128655]",0.14884532447307433
3,3558,"[0.3789725127139139, 0.6613079914732709]","[0.20033155121842627, 0.8577591891930944]","[0.5774624357045091, 0.44302877733262724]","[6.160800090575282e-08, 1.9001355620192487e-07]","[6.160790400056015e-08, 1.9001351170278014e-07]","[0.3969798459811903, -0.4365584282812873]",0.1488453245787879
3,3559,"[0.3789725125906979, 0.6613079910932438]","[0.20033155121842627, 0.8577591891930944]","[0.5774624355812926, 0.4430287769525998]","[6.136156980941639e-08, 1.8925350267091386e-07]","[6.136147279178772e-08, 1.8925345807163652e-07]","[0.3969798459811894, -0.436558428281288]",0.1488453246840786
3,3560,"[0.37897251246797475, 0.6613079907147368]","[0.20033155121842627, 0.8577591891930944]","[0.577462435458569, 0.44302877657409245]","[6.111612444992573e-08, 1.8849648933654278e-07]","[6.11160272945277e-08, 1.8849644467522353e-07]","[0.3969798459811885, -0.43655842828128866]",0.1488453247889481
3,3561,"[0.37897251234574253, 0.6613079903377438]","[0.20033155121842627, 0.8577591891930944]","[0.5774624353363362, 0.4430287761970991]","[6.087166086971126e-08, 1.8774250391802314e-07]","[6.087156384504411e-08, 1.8774245935659906e-07]","[0.3969798459811874, -0.43655842828128943]",0.14884532489339813
3,3562,"[0.3789725122239992, 0.6613079899622588]","[0.20033155121842627, 0.8577591891930944]","[0.5774624352145925, 0.44302877582161376]","[6.062817511779481e-08, 1.869915346522813e-07]","[6.06280778359114e-08, 1.8699149001433213e-07]","[0.39697984598118663, -0.4365584282812901]",0.14884532499743036
3,3563,"[0.37897251210274285, 0.6613079895882757]","[0.20033155121842627, 0.8577591891930944]","[0.5774624350933357, 0.4430287754476303]","[6.038566338269494e-08, 1.8624356916431805e-07]","[6.038556599197165e-08, 1.8624352460250293e-07]","[0.39697984598118574, -0.4365584282812909]",0.14884532510104653
3,3564,"[0.3789725119819715, 0.6613079892157886]","[0.20033155121842627, 0.8577591891930944]","[0.5774624349725639, 0.4430287750751428]","[6.014412158597162e-08, 1.8549859553174052e-07]","[6.014402420539966e-08, 1.854985509086582e-07]","[0.39697984598118474, -0.43655842828129154]",0.14884532520424815
3,3565,"[0.3789725118616833, 0.6613079888447914]","[0.20033155121842627, 0.8577591891930944]","[0.5774624348522752, 0.44302877470414526]","[5.99035460259016e-08, 1.847566016558167e-07]","[5.99034485349037e-08, 1.847565569979004e-07]","[0.39697984598118385, -0.4365584282812922]",0.14884532530703704
3,3566,"[0.3789725117418762, 0.6613079884752782]","[0.20033155121842627, 0.8577591891930944]","[0.5774624347324675, 0.4430287743346317]","[5.96639326081023e-08, 1.8401757593105215e-07]","[5.96638354277701e-08, 1.8401753121288777e-07]","[0.39697984598118263, -0.4365584282812929]",0.14884532540941464
3,3567,"[0.3789725116225483, 0.661307988107243]","[0.20033155121842627, 0.8577591891930944]","[0.5774624346131392, 0.4430287739665963]","[5.9425277815540405e-08, 1.8328150624735148e-07]","[5.942518049861789e-08, 1.8328146139667822e-07]","[0.39697984598118174, -0.43655842828129343]",0.1488453255113828
3,3568,"[0.37897251150369776, 0.66130798774068]","[0.20033155121842627, 0.8577591891930944]","[0.5774624344942882, 0.44302877360003295]","[5.91875775957917e-08, 1.8254838084515664e-07]","[5.918748008371111e-08, 1.8254833600295228e-07]","[0.39697984598118097, -0.4365584282812941]",0.1488453256129431
3,3569,"[0.3789725113853226, 0.6613079873755833]","[0.20033155121842627, 0.8577591891930944]","[0.5774624343759127, 0.44302877323493595]","[5.8950828232253186e-08, 1.818181880108304e-07]","[5.8950730519313765e-08, 1.8181814304130128e-07]","[0.3969798459811802, -0.43655842828129465]",0.1488453257140972
3,3570,"[0.378972511267421, 0.6613079870119469]","[0.20033155121842627, 0.8577591891930944]","[0.5774624342580106, 0.44302877287129927]","[5.8715025821758e-08, 1.8109091591849005e-07]","[5.871492814168988e-08, 1.8109087096540577e-07]","[0.3969798459811792, -0.4365584282812953]",0.14884532581484655
3,3571,"[0.3789725111499909, 0.6613079866497651]","[0.20033155121842627, 0.8577591891930944]","[0.5774624341405801, 0.4430287725091171]","[5.848016653941284e-08, 1.8036655283642254e-07]","[5.8480068787503114e-08, 1.8036650789587938e-07]","[0.3969798459811783, -0.436558428281296]",0.14884532591519303
3,3572,"[0.3789725110330306, 0.661307986289032]","[0.20033155121842627, 0.8577591891930944]","[0.5774624340236193, 0.44302877214838365]","[5.82462468094554e-08, 1.7964508715809358e-07]","[5.8246148959550936e-08, 1.796450422308915e-07]","[0.3969798459811774, -0.43655842828129665]",0.14884532601513814
3,3573,"[0.3789725109165381, 0.6613079859297418]","[0.20033155121842627, 0.8577591891930944]","[0.5774624339071264, 0.44302877178909317]","[5.801326267913443e-08, 1.7892650748467128e-07]","[5.801316477205276e-08, 1.78926462535145e-07]","[0.3969798459811765, -0.4365584282812973]",0.14884532611468343
3,3574,"[0.3789725108005116, 0.6613079855718889]","[0.20033155121842627, 0.8577591891930944]","[0.5774624337910994, 0.44302877143123987]","[5.7781210511921104e-08, 1.7821080214967313e-07]","[5.778111256127261e-08, 1.7821075720680923e-07]","[0.39697984598117564, -0.436558428281298]",0.1488453262138305
3,3575,"[0.37897251068494914, 0.6613079852154673]","[0.20033155121842627, 0.8577591891930944]","[0.5774624336755365, 0.44302877107481803]","[5.755008644003975e-08, 1.7749795963266572e-07]","[5.754998844142989e-08, 1.7749791458854247e-07]","[0.39697984598117475, -0.43655842828129854]",0.14884532631258093
3,3576,"[0.378972510569849, 0.6613079848604714]","[0.20033155121842627, 0.8577591891930944]","[0.5774624335604359, 0.4430287707198218]","[5.7319886992849785e-08, 1.7678796837285175e-07]","[5.731978891532208e-08, 1.7678792335606985e-07]","[0.39697984598117386, -0.4365584282812992]",0.14884532641093648
3,3577,"[0.3789725104552092, 0.6613079845068954]","[0.20033155121842627, 0.8577591891930944]","[0.5774624334457956, 0.4430287703662455]","[5.7090608271624466e-08, 1.760808170741426e-07]","[5.7090510263702043e-08, 1.7608077207409423e-07]","[0.39697984598117286, -0.43655842828129987]",0.14884532650889856
3,3578,"[0.37897251034102797, 0.6613079841547338]","[0.20033155121842627, 0.8577591891930944]","[0.577462433331614, 0.44302877001408353]","[5.686224665767154e-08, 1.7537649437152952e-07]","[5.68621486007892e-08, 1.753764493628296e-07]","[0.396979845981172, -0.43655842828130054]",0.14884532660646882
3,3579,"[0.3789725102273035, 0.6613079838039808]","[0.20033155121842627, 0.8577591891930944]","[0.577462433217889, 0.4430287696633302]","[5.663479852330301e-08, 1.7467498902561502e-07]","[5.663470042938101e-08, 1.746749440090234e-07]","[0.3969798459811711, -0.4365584282813012]",0.14884532670364875
3,3580,"[0.3789725101140339, 0.6613079834546308]","[0.20033155121842627, 0.8577591891930944]","[0.577462433104619, 0.44302876931397994]","[5.640826016055992e-08, 1.7397628964075158e-07]","[5.640816203023036e-08, 1.7397624452186733e-07]","[0.3969798459811702, -0.43655842828130176]",0.14884532680044
3,3581,"[0.37897251000121734, 0.6613079831066783]","[0.20033155121842627, 0.8577591891930944]","[0.577462432991802, 0.4430287689660271]","[5.618262794436933e-08, 1.732803851302343e-07]","[5.618252973960125e-08, 1.7328033991015346e-07]","[0.3969798459811693, -0.4365584282813023]",0.14884532689684402
3,3582,"[0.3789725098888521, 0.6613079827601175]","[0.20033155121842627, 0.8577591891930944]","[0.5774624328794364, 0.44302876861946605]","[5.595789835911277e-08, 1.7258726411658563e-07]","[5.595779989375771e-08, 1.7258721884960693e-07]","[0.39697984598116864, -0.43655842828130287]",0.14884532699286251
3,3583,"[0.3789725097769363, 0.6613079824149429]","[0.20033155121842627, 0.8577591891930944]","[0.5774624327675202, 0.4430287682742913]","[5.573406748288806e-08, 1.7189691557791036e-07]","[5.573396905100836e-08, 1.718968701269752e-07]","[0.39697984598116776, -0.4365584282813033]",0.14884532708849688
3,3584,"[0.3789725096654682, 0.661307982071149]","[0.20033155121842627, 0.8577591891930944]","[0.5774624326560516, 0.44302876793049706]","[5.551113209486609e-08, 1.7120932832700115e-07]","[5.551103376966182e-08, 1.712092829730949e-07]","[0.39697984598116676, -0.436558428281304]",0.1488453271837487
3,3585,"[0.37897250955444595, 0.6613079817287304]","[0.20033155121842627, 0.8577591891930944]","[0.577462432545029, 0.44302876758807813]","[5.5289088461130574e-08, 1.705244915540711e-07]","[5.5288989775359454e-08, 1.7052444617471352e-07]","[0.3969798459811662, -0.43655842828130453]",0.1488453272786196
3,3586,"[0.3789725094438678, 0.6613079813876814]","[0.20033155121842627, 0.8577591891930944]","[0.5774624324344506, 0.4430287672470289]","[5.506793294353197e-08, 1.6984239415890822e-07]","[5.5067833959476786e-08, 1.698423487406231e-07]","[0.39697984598116565, -0.4365584282813051]",0.14884532737311096
3,3587,"[0.37897250933373194, 0.6613079810479966]","[0.20033155121842627, 0.8577591891930944]","[0.5774624323243143, 0.44302876690734383]","[5.4847661912126023e-08, 1.6916302502227115e-07]","[5.48475631578782e-08, 1.6916297945757108e-07]","[0.39697984598116465, -0.43655842828130553]",0.14884532746722434
3,3588,"[0.37897250922403664, 0.6613079807096706]","[0.20033155121842627, 0.8577591891930944]","[0.5774624322146187, 0.4430287665690176]","[5.462827213124473e-08, 1.684863735273225e-07]","[5.4628173040693895e-08, 1.684863278339499e-07]","[0.3969798459811641, -0.436558428281306]",0.14884532756096128
3,3589,"[0.3789725091147801, 0.6613079803726978]","[0.20033155121842627, 0.8577591891930944]","[0.5774624321053616, 0.44302876623204457]","[5.440975969593494e-08, 1.6781242844896485e-07]","[5.4409660832366313e-08, 1.67812382656507e-07]","[0.3969798459811631, -0.4365584282813064]",0.14884532765432323
3,3590,"[0.3789725090059606, 0.6613079800370729]","[0.20033155121842627, 0.8577591891930944]","[0.5774624319965417, 0.44302876589641943]","[5.4192121406609956e-08, 1.6714117921787208e-07]","[5.419202259160372e-08, 1.671411334336348e-07]","[0.3969798459811622, -0.436558428281307]",0.14884532774731174
3,3591,"[0.37897250889757633, 0.6613079797027905]","[0.20033155121842627, 0.8577591891930944]","[0.5774624318881572, 0.4430287655621368]","[5.3975353708607364e-08, 1.664726149579679e-07]","[5.397525459915897e-08, 1.6647256917412534e-07]","[0.39697984598116165, -0.43655842828130753]",0.14884532783992838
3,3592,"[0.37897250878962563, 0.6613079793698453]","[0.20033155121842627, 0.8577591891930944]","[0.577462431780206, 0.44302876522919127]","[5.3759453039852716e-08, 1.6580672498900742e-07]","[5.375935413498567e-08, 1.658066792198376e-07]","[0.39697984598116065, -0.4365584282813081]",0.14884532793217448
3,3593,"[0.37897250868210675, 0.6613079790382319]","[0.20033155121842627, 0.8577591891930944]","[0.5774624316726866, 0.44302876489757764]","[5.354441600044976e-08, 1.6514349868260222e-07]","[5.354431714676977e-08, 1.6514345280160825e-07]","[0.39697984598115976, -0.43655842828130853]",0.14884532802405157
3,3594,"[0.3789725085750179, 0.6613079787079449]","[0.20033155121842627, 0.8577591891930944]","[0.5774624315655974, 0.44302876456729035]","[5.3330239113161546e-08, 1.6448292509270272e-07]","[5.33301401928199e-08, 1.6448287926129623e-07]","[0.396979845981159, -0.4365584282813091]",0.14884532811556123
3,3595,"[0.37897250846835745, 0.661307978378979]","[0.20033155121842627, 0.8577591891930944]","[0.5774624314589366, 0.44302876423832427]","[5.311691891807587e-08, 1.638249938766658e-07]","[5.311681983144467e-08, 1.6382494794076052e-07]","[0.3969798459811583, -0.43655842828130953]",0.14884532820670482
3,3596,"[0.3789725083621236, 0.661307978051329]","[0.20033155121842627, 0.8577591891930944]","[0.5774624313527024, 0.44302876391067403]","[5.290445192937792e-08, 1.631696943278378e-07]","[5.2904352842997326e-08, 1.6316964829288239e-07]","[0.39697984598115754, -0.43655842828131]",0.1488453282974838
3,3597,"[0.3789725082563147, 0.6613079777249896]","[0.20033155121842627, 0.8577591891930944]","[0.5774624312468931, 0.4430287635843344]","[5.26928348488207e-08, 1.6251701604114863e-07]","[5.269273561925303e-08, 1.6251696993707654e-07]","[0.3969798459811569, -0.4365584282813104]",0.1488453283878997
3,3598,"[0.37897250815092903, 0.6613079773999556]","[0.20033155121842627, 0.8577591891930944]","[0.5774624311415071, 0.4430287632593002]","[5.248206420541621e-08, 1.6186694852883136e-07]","[5.248196499607616e-08, 1.6186690232622425e-07]","[0.3969798459811561, -0.43655842828131086]",0.1488453284779539
3,3599,"[0.3789725080459649, 0.6613079770762217]","[0.20033155121842627, 0.8577591891930944]","[0.5774624310365426, 0.443028762935566]","[5.227213668249696e-08, 1.612194811183987e-07]","[5.2272037309730734e-08, 1.6121943496871793e-07]","[0.39697984598115543, -0.4365584282813114]",0.14884532856764793
3,3600,"[0.3789725079414206, 0.6613079767537827]","[0.20033155121842627, 0.8577591891930944]","[0.577462430931998, 0.44302876261312674]","[5.2063048814808766e-08, 1.605746036657278e-07]","[5.206294939608114e-08, 1.6057455753948346e-07]","[0.39697984598115477, -0.43655842828131197]",0.14884532865698324
3,3601,"[0.3789725078372945, 0.6613079764326335]","[0.20033155121842627, 0.8577591891930944]","[0.5774624308278715, 0.44302876229197724]","[5.185479732944181e-08, 1.5993230571566716e-07]","[5.185469792445829e-08, 1.599322596024244e-07]","[0.396979845981154, -0.4365584282813125]",0.14884532874596113
3,3602,"[0.37897250773358493, 0.6613079761127689]","[0.20033155121842627, 0.8577591891930944]","[0.5774624307241616, 0.4430287619721124]","[5.164737880718718e-08, 1.5929257704698518e-07]","[5.164727928663737e-08, 1.5929253094348894e-07]","[0.3969798459811533, -0.4365584282813131]",0.14884532883458307
3,3603,"[0.37897250763029017, 0.6613079757941838]","[0.20033155121842627, 0.8577591891930944]","[0.5774624306208664, 0.443028761653527]","[5.144078999043124e-08, 1.5865540721905215e-07]","[5.1440690485016205e-08, 1.5865536101555833e-07]","[0.39697984598115255, -0.4365584282813135]",0.1488453289228506
3,3604,"[0.3789725075274086, 0.6613079754768729]","[0.20033155121842627, 0.8577591891930944]","[0.5774624305179845, 0.44302876133621594]","[5.123502752129327e-08, 1.5802078600194444e-07]","[5.1234927911369965e-08, 1.5802073971560304e-07]","[0.3969798459811519, -0.43655842828131397]",0.14884532901076508
3,3605,"[0.37897250742493854, 0.6613079751608314]","[0.20033155121842627, 0.8577591891930944]","[0.5774624304155141, 0.4430287610201742]","[5.1030088158188044e-08, 1.5738870339458047e-07]","[5.102998845707418e-08, 1.5738865705161587e-07]","[0.3969798459811512, -0.4365584282813144]",0.14884532909832776
3,3606,"[0.37897250732287835, 0.661307974846054]","[0.20033155121842627, 0.8577591891930944]","[0.5774624303134537, 0.44302876070539654]","[5.082596842121943e-08, 1.5675914899408527e-07]","[5.082586856941518e-08, 1.5675910264301152e-07]","[0.39697984598115066, -0.43655842828131486]",0.14884532918554033
3,3607,"[0.37897250722122644, 0.6613079745325356]","[0.20033155121842627, 0.8577591891930944]","[0.5774624302118014, 0.443028760391878]","[5.0622665209780546e-08, 1.5613211279050625e-07]","[5.0622565306301937e-08, 1.5613206638676047e-07]","[0.39697984598115, -0.4365584282813153]",0.14884532927240407
3,3608,"[0.3789725071199811, 0.6613079742202714]","[0.20033155121842627, 0.8577591891930944]","[0.5774624301105558, 0.44302876007961356]","[5.042017519419031e-08, 1.5550758477081866e-07]","[5.042007522604308e-08, 1.5550753834636666e-07]","[0.3969798459811493, -0.43655842828131575]",0.14884532935892023
3,3609,"[0.37897250701914076, 0.6613079739092562]","[0.20033155121842627, 0.8577591891930944]","[0.5774624300097151, 0.4430287597685981]","[5.021849515313441e-08, 1.5488555476412465e-07]","[5.0218395164502994e-08, 1.5488550830777825e-07]","[0.39697984598114866, -0.4365584282813162]",0.14884532944509038
3,3610,"[0.37897250691870377, 0.6613079735994851]","[0.20033155121842627, 0.8577591891930944]","[0.5774624299092778, 0.4430287594588268]","[5.001762179114645e-08, 1.542660130079852e-07]","[5.00175217910126e-08, 1.5426596650103264e-07]","[0.396979845981148, -0.43655842828131664]",0.1488453295309159
3,3611,"[0.3789725068186685, 0.6613079732909531]","[0.20033155121842627, 0.8577591891930944]","[0.5774624298092421, 0.4430287591502946]","[4.9817551876212665e-08, 1.5364894950883924e-07]","[4.9817451941436275e-08, 1.5364890298963374e-07]","[0.3969798459811472, -0.4365584282813171]",0.148845329616398
3,3612,"[0.37897250671903343, 0.6613079729836553]","[0.20033155121842627, 0.8577591891930944]","[0.5774624297096067, 0.44302875884299653]","[4.961828231945978e-08, 1.5303435423815716e-07]","[4.961818239612725e-08, 1.5303430767055204e-07]","[0.39697984598114655, -0.4365584282813175]",0.14884532970153821
3,3613,"[0.37897250661979687, 0.6613079726775866]","[0.20033155121842627, 0.8577591891930944]","[0.5774624296103699, 0.4430287585369275]","[4.9419809840985076e-08, 1.5242221720617468e-07]","[4.9419709768905307e-08, 1.5242217071831377e-07]","[0.396979845981146, -0.4365584282813181]",0.14884532978633797
3,3614,"[0.37897250652095726, 0.6613079723727421]","[0.20033155121842627, 0.8577591891930944]","[0.5774624295115299, 0.4430287582320828]","[4.922213122907356e-08, 1.5181252867491616e-07]","[4.922203117319057e-08, 1.518124821409117e-07]","[0.39697984598114533, -0.4365584282813185]",0.14884532987079846
3,3615,"[0.378972506422513, 0.6613079720691171]","[0.20033155121842627, 0.8577591891930944]","[0.5774624294130853, 0.44302875792845753]","[4.902524332509642e-08, 1.512052790710861e-07]","[4.9025143278313976e-08, 1.5120523261247243e-07]","[0.39697984598114466, -0.4365584282813191]",0.1488453299549211
3,3616,"[0.3789725063244625, 0.6613079717667065]","[0.20033155121842627, 0.8577591891930944]","[0.5774624293150346, 0.44302875762604677]","[4.882914294156763e-08, 1.5060045842836813e-07]","[4.8829042753606444e-08, 1.5060041191894413e-07]","[0.3969798459811441, -0.4365584282813195]",0.14884533003870726
3,3617,"[0.37897250622680423, 0.6613079714655056]","[0.20033155121842627, 0.8577591891930944]","[0.577462429217376, 0.4430287573248456]","[4.8633826993548764e-08, 1.4999805693200037e-07]","[4.863372671248811e-08, 1.499980104013865e-07]","[0.39697984598114355, -0.43655842828131997]",0.1488453301221583
3,3618,"[0.3789725061295366, 0.6613079711655094]","[0.20033155121842627, 0.8577591891930944]","[0.577462429120108, 0.44302875702484923]","[4.843929228678021e-08, 1.4939806511213943e-07]","[4.843919204633451e-08, 1.4939801856739265e-07]","[0.3969798459811429, -0.4365584282813204]",0.14884533020527552
3,3619,"[0.37897250603265803, 0.6613079708667133]","[0.20033155121842627, 0.8577591891930944]","[0.5774624290232291, 0.4430287567260529]","[4.824553572548309e-08, 1.4880047333246266e-07]","[4.824543559101002e-08, 1.488004267580223e-07]","[0.3969798459811421, -0.43655842828132085]",0.14884533028806024
3,3620,"[0.37897250593616694, 0.6613079705691124]","[0.20033155121842627, 0.8577591891930944]","[0.5774624289267376, 0.44302875642845174]","[4.805255414867346e-08, 1.482052718671629e-07]","[4.805245412686787e-08, 1.4820522525882396e-07]","[0.39697984598114133, -0.4365584282813213]",0.14884533037051378
3,3621,"[0.3789725058400618, 0.6613079702727018]","[0.20033155121842627, 0.8577591891930944]","[0.5774624288306321, 0.44302875613204096]","[4.786034452156733e-08, 1.4761245114457326e-07]","[4.786024448977244e-08, 1.4761240452187963e-07]","[0.39697984598114067, -0.43655842828132174]",0.1488453304526376
3,3622,"[0.3789725057443411, 0.6613079699774769]","[0.20033155121842627, 0.8577591891930944]","[0.577462428734911, 0.44302875583681584]","[4.7668903705630525e-08, 1.4702200168712264e-07]","[4.7668803737632715e-08, 1.4702195494376014e-07]","[0.3969798459811399, -0.4365584282813221]",0.14884533053443283
3,3623,"[0.3789725056490033, 0.6613079696834329]","[0.20033155121842627, 0.8577591891930944]","[0.5774624286395731, 0.4430287555427716]","[4.747822885584263e-08, 1.4643391406371372e-07]","[4.747812848426847e-08, 1.4643386730961439e-07]","[0.39697984598113956, -0.4365584282813225]",0.148845330615901
3,3624,"[0.3789725055540469, 0.661307969390565]","[0.20033155121842627, 0.8577591891930944]","[0.5774624285446164, 0.4430287552499036]","[4.7288316537676425e-08, 1.458481787887614e-07]","[4.728821612065559e-08, 1.458481319049909e-07]","[0.396979845981139, -0.43655842828132285]",0.14884533069704325
3,3625,"[0.37897250545947025, 0.6613079690988687]","[0.20033155121842627, 0.8577591891930944]","[0.5774624284500396, 0.4430287549582071]","[4.709916386131812e-08, 1.4526478656708045e-07]","[4.709906314959156e-08, 1.4526473957054975e-07]","[0.39697984598113867, -0.4365584282813232]",0.14884533077786094
3,3626,"[0.37897250536527194, 0.6613079688083391]","[0.20033155121842627, 0.8577591891930944]","[0.5774624283558409, 0.4430287546676773]","[4.6910767761715584e-08, 1.4468372774788344e-07]","[4.6910667128585715e-08, 1.446836806473506e-07]","[0.396979845981138, -0.4365584282813235]",0.14884533085835527
3,3627,"[0.3789725052714504, 0.6613079685189717]","[0.20033155121842627, 0.8577591891930944]","[0.5774624282620191, 0.44302875437830974]","[4.672312520047942e-08, 1.441049932605299e-07]","[4.672302450492438e-08, 1.441049460870758e-07]","[0.39697984598113745, -0.43655842828132385]",0.1488453309385277
3,3628,"[0.3789725051780041, 0.6613079682307617]","[0.20033155121842627, 0.8577591891930944]","[0.5774624281685726, 0.44302875409009956]","[4.653623324727479e-08, 1.4352857365392074e-07]","[4.6536132392027696e-08, 1.435285263973185e-07]","[0.396979845981137, -0.4365584282813242]",0.14884533101837943
3,3629,"[0.37897250508493163, 0.6613079679437045]","[0.20033155121842627, 0.8577591891930944]","[0.5774624280754999, 0.4430287538030422]","[4.635008881398225e-08, 1.4295445969901793e-07]","[4.634998790331579e-08, 1.429544124742499e-07]","[0.39697984598113645, -0.43655842828132463]",0.14884533109791176
3,3630,"[0.37897250499223145, 0.6613079676577955]","[0.20033155121842627, 0.8577591891930944]","[0.5774624279827993, 0.443028753517133]","[4.6164688978924954e-08, 1.4238264213945856e-07]","[4.616458815220881e-08, 1.4238259493648542e-07]","[0.3969798459811358, -0.4365584282813251]",0.14884533117712595
3,3631,"[0.3789725048999021, 0.6613079673730302]","[0.20033155121842627, 0.8577591891930944]","[0.5774624278904698, 0.4430287532323675]","[4.5980030786738656e-08, 1.418131118997194e-07]","[4.597992980803767e-08, 1.4181306462468513e-07]","[0.39697984598113534, -0.4365584282813254]",0.14884533125602334
3,3632,"[0.37897250480794203, 0.661307967089404]","[0.20033155121842627, 0.8577591891930944]","[0.5774624277985094, 0.44302875294874106]","[4.579611119441506e-08, 1.4124585972346366e-07]","[4.579601020626711e-08, 1.4124581254604252e-07]","[0.3969798459811348, -0.43655842828132585]",0.1488453313346051
3,3633,"[0.3789725047163498, 0.6613079668069123]","[0.20033155121842627, 0.8577591891930944]","[0.5774624277069169, 0.44302875266624914]","[4.561292723326229e-08, 1.4068087666344437e-07]","[4.5612826238272675e-08, 1.4068082954121763e-07]","[0.3969798459811342, -0.4365584282813263]",0.14884533141287254
3,3634,"[0.37897250462512394, 0.6613079665255506]","[0.20033155121842627, 0.8577591891930944]","[0.5774624276156908, 0.44302875238488726]","[4.543047602107766e-08, 1.4011815358697134e-07]","[4.543037501747449e-08, 1.4011810639535938e-07]","[0.39697984598113367, -0.4365584282813266]",0.1488453314908268
3,3635,"[0.378972504534263, 0.6613079662453143]","[0.20033155121842627, 0.8577591891930944]","[0.5774624275248297, 0.44302875210465076]","[4.524875466547522e-08, 1.3955768141824784e-07]","[4.524865343524809e-08, 1.395576342821947e-07]","[0.39697984598113334, -0.43655842828132707]",0.1488453315684694
3,3636,"[0.3789725044437655, 0.6613079659661989]","[0.20033155121842627, 0.8577591891930944]","[0.5774624274343318, 0.44302875182553514]","[4.5067760174774634e-08, 1.3899945096521139e-07]","[4.5067659049102815e-08, 1.389994038758502e-07]","[0.3969798459811327, -0.4365584282813275]",0.14884533164580135
3,3637,"[0.37897250435363, 0.6613079656881999]","[0.20033155121842627, 0.8577591891930944]","[0.5774624273441962, 0.443028751547536]","[4.488748971846749e-08, 1.3844345340043855e-07]","[4.4887388361836145e-08, 1.384434062390305e-07]","[0.39697984598113234, -0.43655842828132785]",0.14884533172282405
3,3638,"[0.37897250426385504, 0.661307965411313]","[0.20033155121842627, 0.8577591891930944]","[0.5774624272544209, 0.4430287512706489]","[4.4707940193835046e-08, 1.3788967986250133e-07]","[4.470783898646857e-08, 1.378896326564849e-07]","[0.3969798459811317, -0.4365584282813282]",0.14884533179953863
3,3639,"[0.3789725041744392, 0.6613079651355336]","[0.20033155121842627, 0.8577591891930944]","[0.5774624271650046, 0.4430287509948693]","[4.452910896067369e-08, 1.3733812137294122e-07]","[4.4529007980909086e-08, 1.3733807413540688e-07]","[0.3969798459811309, -0.4365584282813285]",0.14884533187594629
3,3640,"[0.37897250408538097, 0.6613079648608573]","[0.20033155121842627, 0.8577591891930944]","[0.5774624270759462, 0.4430287507201929]","[4.435099307727413e-08, 1.3678876915247141e-07]","[4.4350891958977456e-08, 1.367887218495234e-07]","[0.39697984598113045, -0.43655842828132885]",0.14884533195204835
3,3641,"[0.378972503996679, 0.6613079645872798]","[0.20033155121842627, 0.8577591891930944]","[0.5774624269872439, 0.4430287504466152]","[4.4173589597005756e-08, 1.3624161452466673e-07]","[4.417348847818303e-08, 1.36241567194606e-07]","[0.3969798459811299, -0.4365584282813292]",0.14884533202784597
3,3642,"[0.3789725039083318, 0.6613079643147965]","[0.20033155121842627, 0.8577591891930944]","[0.5774624268988964, 0.4430287501741318]","[4.399689573355043e-08, 1.356966483254795e-07]","[4.399679487399055e-08, 1.356966009558036e-07]","[0.3969798459811291, -0.4365584282813295]",0.1488453321033404
3,3643,"[0.37897250382033804, 0.6613079640434033]","[0.20033155121842627, 0.8577591891930944]","[0.5774624268109023, 0.44302874990273844]","[4.382090871509834e-08, 1.3515386220888494e-07]","[4.3820807815730944e-08, 1.351538146954212e-07]","[0.39697984598112857, -0.43655842828132974]",0.1488453321785328
3,3644,"[0.3789725037326962, 0.6613079637730955]","[0.20033155121842627, 0.8577591891930944]","[0.5774624267232602, 0.4430287496324305]","[4.364562560480073e-08, 1.346132469459597e-07]","[4.364552463886895e-08, 1.346131994206523e-07]","[0.396979845981128, -0.43655842828133007]",0.14884533225342453
3,3645,"[0.37897250364540497, 0.661307963503869]","[0.20033155121842627, 0.8577591891930944]","[0.5774624266359687, 0.4430287493632038]","[4.3471043671913177e-08, 1.34074794241822e-07]","[4.3470942678869307e-08, 1.3407474669380193e-07]","[0.39697984598112745, -0.4365584282813304]",0.14884533232801672
3,3646,"[0.3789725035584629, 0.6613079632357194]","[0.20033155121842627, 0.8577591891930944]","[0.5774624265490265, 0.4430287490950541]","[4.329716006931491e-08, 1.3353849531627992e-07]","[4.329705882710755e-08, 1.3353844763308587e-07]","[0.3969798459811271, -0.4365584282813306]",0.14884533240231052
3,3647,"[0.37897250347186856, 0.6613079629686424]","[0.20033155121842627, 0.8577591891930944]","[0.577462426462432, 0.4430287488279769]","[4.312397196524881e-08, 1.3300434160368682e-07]","[4.312387047455957e-08, 1.3300429391183144e-07]","[0.3969798459811268, -0.43655842828133096]",0.14884533247630716
3,3648,"[0.3789725033856206, 0.6613079627026337]","[0.20033155121842627, 0.8577591891930944]","[0.5774624263761838, 0.44302874856196806]","[4.29514765163094e-08, 1.3247232457979716e-07]","[4.29513748456678e-08, 1.3247227687029905e-07]","[0.39697984598112646, -0.4365584282813313]",0.14884533255000776
3,3649,"[0.37897250329971766, 0.6613079624376891]","[0.20033155121842627, 0.8577591891930944]","[0.5774624262902807, 0.44302874829702327]","[4.2779671008712847e-08, 1.3194243559627466e-07]","[4.277956933140814e-08, 1.3194238790426027e-07]","[0.396979845981126, -0.4365584282813316]",0.14884533262341354
3,3650,"[0.3789725032141583, 0.6613079621738042]","[0.20033155121842627, 0.8577591891930944]","[0.5774624262047211, 0.4430287480331382]","[4.260855276893817e-08, 1.3141466615249787e-07]","[4.2608451045200724e-08, 1.3141461840948665e-07]","[0.39697984598112557, -0.43655842828133196]",0.14884533269652578
3,3651,"[0.3789725031289412, 0.6613079619109749]","[0.20033155121842627, 0.8577591891930944]","[0.5774624261195038, 0.4430287477703087]","[4.2438119036243885e-08, 1.308890078403221e-07]","[4.243801715597684e-08, 1.308889600593055e-07]","[0.39697984598112523, -0.4365584282813323]",0.14884533276934553
3,3652,"[0.378972503044065, 0.6613079616491968]","[0.20033155121842627, 0.8577591891930944]","[0.5774624260346274, 0.4430287475085305]","[4.226836701721307e-08, 1.303654520830151e-07]","[4.2268265110223524e-08, 1.3036540430499954e-07]","[0.3969798459811248, -0.4365584282813326]",0.148845332841874
3,3653,"[0.3789725029595283, 0.6613079613884659]","[0.20033155121842627, 0.8577591891930944]","[0.5774624259500905, 0.44302874724779945]","[4.2099294016599476e-08, 1.2984399061121977e-07]","[4.209919207687207e-08, 1.2984394281989609e-07]","[0.39697984598112435, -0.43655842828133296]",0.14884533291411237
3,3654,"[0.3789725028753297, 0.661307961128778]","[0.20033155121842627, 0.8577591891930944]","[0.5774624258658916, 0.44302874698811134]","[4.193089721827919e-08, 1.2932461503302783e-07]","[4.193079539138722e-08, 1.293245672218113e-07]","[0.3969798459811238, -0.4365584282813333]",0.14884533298606173
3,3655,"[0.3789725027914679, 0.6613079608701288]","[0.20033155121842627, 0.8577591891930944]","[0.5774624257820296, 0.443028746729462]","[4.176317404323217e-08, 1.2880731692081492e-07]","[4.176307216718911e-08, 1.2880726901753903e-07]","[0.39697984598112335, -0.4365584282813335]",0.1488453330577233
3,3656,"[0.3789725027079415, 0.6613079606125142]","[0.20033155121842627, 0.8577591891930944]","[0.577462425698503, 0.44302874647184726]","[4.1596121825554e-08, 1.2829208799942102e-07]","[4.1596019795253625e-08, 1.282920401024512e-07]","[0.396979845981123, -0.43655842828133384]",0.14884533312909826
3,3657,"[0.3789725026247493, 0.66130796035593]","[0.20033155121842627, 0.8577591891930944]","[0.5774624256153106, 0.4430287462152629]","[4.1429737819616185e-08, 1.2777891994448615e-07]","[4.1429635722067815e-08, 1.2777887203885285e-07]","[0.39697984598112257, -0.4365584282813342]",0.14884533320018772
3,3658,"[0.3789725025418898, 0.6613079601003722]","[0.20033155121842627, 0.8577591891930944]","[0.5774624255324509, 0.443028745959705]","[4.1264019263018667e-08, 1.2726780460336502e-07]","[4.1263917116562965e-08, 1.2726775661109357e-07]","[0.3969798459811221, -0.4365584282813344]",0.14884533327099275
3,3659,"[0.37897250245936176, 0.6613079598458366]","[0.20033155121842627, 0.8577591891930944]","[0.5774624254499225, 0.44302874570516926]","[4.109896361741705e-08, 1.2675873369973303e-07]","[4.109886153624842e-08, 1.26758685603523e-07]","[0.39697984598112157, -0.4365584282813346]",0.14884533334151462
3,3660,"[0.37897250237716384, 0.6613079595923191]","[0.20033155121842627, 0.8577591891930944]","[0.5774624253677244, 0.44302874545165166]","[4.093456820231968e-08, 1.2625169906570512e-07]","[4.093446609454432e-08, 1.2625165102253533e-07]","[0.3969798459811211, -0.43655842828133495]",0.14884533341175443
3,3661,"[0.3789725022952947, 0.6613079593398158]","[0.20033155121842627, 0.8577591891930944]","[0.5774624252858551, 0.44302874519914814]","[4.077083045231837e-08, 1.2574669268676893e-07]","[4.077072818242655e-08, 1.257466446524802e-07]","[0.3969798459811208, -0.4365584282813353]",0.14884533348171325
3,3662,"[0.37897250221375306, 0.6613079590883224]","[0.20033155121842627, 0.8577591891930944]","[0.5774624252043132, 0.4430287449476546]","[4.060774754516903e-08, 1.2524370618095556e-07]","[4.060764524638216e-08, 1.2524365816668492e-07]","[0.39697984598112035, -0.4365584282813356]",0.14884533355139223
3,3663,"[0.3789725021325376, 0.661307958837835]","[0.20033155121842627, 0.8577591891930944]","[0.5774624251230975, 0.443028744697167]","[4.044531697330093e-08, 1.2474273167805204e-07]","[4.044521467738704e-08, 1.2474268368256602e-07]","[0.3969798459811199, -0.43655842828133595]",0.1488453336207925
3,3664,"[0.37897250205164695, 0.6613079585883496]","[0.20033155121842627, 0.8577591891930944]","[0.5774624250422067, 0.4430287444476814]","[4.028353613694107e-08, 1.242437610780611e-07]","[4.028343381090593e-08, 1.2424371309549542e-07]","[0.39697984598111946, -0.4365584282813363]",0.14884533368991518
3,3665,"[0.3789725019710799, 0.661307958339862]","[0.20033155121842627, 0.8577591891930944]","[0.5774624249616394, 0.4430287441991937]","[4.0122402456149195e-08, 1.2374678622067211e-07]","[4.012230020444818e-08, 1.237467382453339e-07]","[0.3969798459811189, -0.4365584282813366]",0.14884533375876138
3,3666,"[0.3789725018908351, 0.6613079580923684]","[0.20033155121842627, 0.8577591891930944]","[0.5774624248813943, 0.44302874395169994]","[3.996191329881495e-08, 1.2325179938902064e-07]","[3.996181102694507e-08, 1.232517514160314e-07]","[0.39697984598111846, -0.43655842828133695]",0.14884533382733217
3,3667,"[0.37897250181091124, 0.6613079578458648]","[0.20033155121842627, 0.8577591891930944]","[0.5774624248014704, 0.4430287437051962]","[3.980206600565891e-08, 1.2275879247151998e-07]","[3.9801963502839044e-08, 1.2275874450295987e-07]","[0.39697984598111824, -0.4365584282813373]",0.1488453338956287
3,3668,"[0.3789725017313071, 0.6613079576003472]","[0.20033155121842627, 0.8577591891930944]","[0.577462424721866, 0.4430287434596784]","[3.964285813648476e-08, 1.2226775760958075e-07]","[3.964275552270635e-08, 1.2226770962353584e-07]","[0.3969798459811179, -0.4365584282813376]",0.14884533396365207
3,3669,"[0.3789725016520214, 0.6613079573558117]","[0.20033155121842627, 0.8577591891930944]","[0.5774624246425801, 0.4430287432151428]","[3.94842871085044e-08, 1.2177868691782438e-07]","[3.948418453303404e-08, 1.2177863878415351e-07]","[0.39697984598111746, -0.43655842828133784]",0.14884533403140332
3,3670,"[0.37897250157305284, 0.6613079571122543]","[0.20033155121842627, 0.8577591891930944]","[0.5774624245636113, 0.44302874297158523]","[3.93263503941222e-08, 1.212915724211892e-07]","[3.9326247924798e-08, 1.2129152432427404e-07]","[0.3969798459811169, -0.4365584282813382]",0.14884533409888356
3,3671,"[0.37897250149440015, 0.6613079568696711]","[0.20033155121842627, 0.8577591891930944]","[0.5774624244849584, 0.44302874272900195]","[3.9169045420465285e-08, 1.2080640637013026e-07]","[3.916894281141836e-08, 1.2080635813926932e-07]","[0.3969798459811166, -0.4365584282813384]",0.14884533416609386
3,3672,"[0.37897250141606204, 0.6613079566280583]","[0.20033155121842627, 0.8577591891930944]","[0.5774624244066201, 0.443028742487389]","[3.9012369554008034e-08, 1.2032318101869495e-07]","[3.9012266972449083e-08, 1.203231326796228e-07]","[0.39697984598111613, -0.4365584282813386]",0.14884533423303534
3,3673,"[0.3789725013380373, 0.6613079563874119]","[0.20033155121842627, 0.8577591891930944]","[0.5774624243285953, 0.4430287422467425]","[3.885632050314851e-08, 1.1984188846059125e-07]","[3.885621757682145e-08, 1.19841840062751e-07]","[0.396979845981116, -0.43655842828133884]",0.1488453342997091
3,3674,"[0.37897250126032467, 0.6613079561477281]","[0.20033155121842627, 0.8577591891930944]","[0.5774624242508825, 0.44302874200705855]","[3.8700895586483766e-08, 1.1936252106969405e-07]","[3.870079273715632e-08, 1.1936247262811506e-07]","[0.3969798459811156, -0.43655842828133906]",0.14884533436611608
3,3675,"[0.37897250118292286, 0.661307955909003]","[0.20033155121842627, 0.8577591891930944]","[0.5774624241734805, 0.4430287417683334]","[3.8546092399255554e-08, 1.188850712663465e-07]","[3.8545989455851526e-08, 1.1888502277068724e-07]","[0.39697984598111524, -0.4365584282813393]",0.14884533443225745
3,3676,"[0.3789725011058307, 0.6613079556712329]","[0.20033155121842627, 0.8577591891930944]","[0.5774624240963881, 0.44302874153056315]","[3.839190839410257e-08, 1.1840953118855618e-07]","[3.8391805401438717e-08, 1.1840948266339524e-07]","[0.3969798459811149, -0.4365584282813395]",0.14884533449813425
3,3677,"[0.3789725010290469, 0.6613079554344139]","[0.20033155121842627, 0.8577591891930944]","[0.5774624240196041, 0.44302874129374403]","[3.823834115103286e-08, 1.1793589341798023e-07]","[3.823823818693839e-08, 1.1793584486774478e-07]","[0.39697984598111447, -0.4365584282813397]",0.1488453345637476
3,3678,"[0.37897250095257023, 0.6613079551985421]","[0.20033155121842627, 0.8577591891930944]","[0.5774624239431272, 0.44302874105787216]","[3.808538821527661e-08, 1.1746415010937232e-07]","[3.808528536985989e-08, 1.1746410150115238e-07]","[0.3969798459811139, -0.43655842828133995]",0.14884533462909838
3,3679,"[0.37897250087639944, 0.6613079549636138]","[0.20033155121842627, 0.8577591891930944]","[0.5774624238669563, 0.4430287408229437]","[3.793304709655767e-08, 1.1699429377550983e-07]","[3.79329438970899e-08, 1.169942452361461e-07]","[0.3969798459811138, -0.4365584282813403]",0.14884533469418787
3,3680,"[0.37897250080053335, 0.6613079547296252]","[0.20033155121842627, 0.8577591891930944]","[0.57746242379109, 0.4430287405889549]","[3.7781315238458373e-08, 1.1652631680371026e-07]","[3.778121210329388e-08, 1.1652626830116475e-07]","[0.39697984598111336, -0.4365584282813406]",0.14884533475901698
3,3681,"[0.37897250072497074, 0.6613079544965725]","[0.20033155121842627, 0.8577591891930944]","[0.5774624237155273, 0.4430287403559021]","[3.763019041655495e-08, 1.1606021173608868e-07]","[3.7630087212914276e-08, 1.1606016314669176e-07]","[0.396979845981113, -0.43655842828134084]",0.1488453348235868
3,3682,"[0.3789725006497104, 0.6613079542644521]","[0.20033155121842627, 0.8577591891930944]","[0.5774624236402667, 0.4430287401237816]","[3.747967007684411e-08, 1.1559597107110599e-07]","[3.747956689448273e-08, 1.1559592244525518e-07]","[0.3969798459811126, -0.43655842828134106]",0.1488453348878983
3,3683,"[0.37897250057475107, 0.6613079540332601]","[0.20033155121842627, 0.8577591891930944]","[0.5774624235653072, 0.4430287398925895]","[3.732975177998127e-08, 1.1513358740860274e-07]","[3.7329648538975135e-08, 1.1513353875836074e-07]","[0.39697984598111224, -0.4365584282813413]",0.14884533495195254
3,3684,"[0.37897250050009157, 0.661307953802993]","[0.20033155121842627, 0.8577591891930944]","[0.5774624234906475, 0.44302873966232226]","[3.718043319154435e-08, 1.1467305339726711e-07]","[3.7180329981456595e-08, 1.1467300470302533e-07]","[0.3969798459811118, -0.4365584282813415]",0.1488453350157506
3,3685,"[0.3789725004257307, 0.6613079535736469]","[0.20033155121842627, 0.8577591891930944]","[0.5774624234162865, 0.44302873943297605]","[3.7031711817850764e-08, 1.1421436137206768e-07]","[3.7031608446369546e-08, 1.1421431267422122e-07]","[0.3969798459811116, -0.4365584282813417]",0.14884533507929346
3,3686,"[0.3789725003516673, 0.6613079533452182]","[0.20033155121842627, 0.8577591891930944]","[0.5774624233422229, 0.44302873920454716]","[3.688358531211589e-08, 1.1375750416934254e-07]","[3.6883481990823697e-08, 1.1375745556652106e-07]","[0.39697984598111113, -0.43655842828134206]",0.14884533514258214
3,3687,"[0.37897250027790014, 0.6613079531177032]","[0.20033155121842627, 0.8577591891930944]","[0.5774624232684555, 0.44302873897703204]","[3.67360514210158e-08, 1.1330247439321526e-07]","[3.673594800579494e-08, 1.1330242571938598e-07]","[0.3969798459811108, -0.4365584282813423]",0.14884533520561763
3,3688,"[0.378972500204428, 0.6613079528910982]","[0.20033155121842627, 0.8577591891930944]","[0.5774624231949833, 0.443028738750427]","[3.65891075032338e-08, 1.1284926474533225e-07]","[3.6589003937770315e-08, 1.1284921602738862e-07]","[0.3969798459811106, -0.4365584282813425]",0.14884533526840105
3,3689,"[0.3789725001312498, 0.6613079526653997]","[0.20033155121842627, 0.8577591891930944]","[0.577462423121805, 0.44302873852472824]","[3.644275137073467e-08, 1.1239786777339097e-07]","[3.644264767732608e-08, 1.1239781916305702e-07]","[0.39697984598111036, -0.43655842828134284]",0.1488453353309333
3,3690,"[0.3789725000583643, 0.6613079524406039]","[0.20033155121842627, 0.8577591891930944]","[0.5774624230489193, 0.4430287382999324]","[3.629698074282379e-08, 1.1194827655765249e-07]","[3.6296877115038484e-08, 1.1194822790994152e-07]","[0.3969798459811099, -0.43655842828134306]",0.14884533539321543
3,3691,"[0.3789724999857703, 0.6613079522167074]","[0.20033155121842627, 0.8577591891930944]","[0.577462422976325, 0.4430287380760357]","[3.615179312459623e-08, 1.1150048361284835e-07]","[3.615168964188342e-08, 1.1150043494057016e-07]","[0.39697984598110936, -0.4365584282813433]",0.14884533545524836
3,3692,"[0.3789724999134667, 0.6613079519937064]","[0.20033155121842627, 0.8577591891930944]","[0.5774624229040212, 0.44302873785303465]","[3.6007186260811396e-08, 1.11054481955276e-07]","[3.600708281537024e-08, 1.1105443326053788e-07]","[0.3969798459811089, -0.4365584282813435]",0.14884533551703322
3,3693,"[0.3789724998414523, 0.6613079517715974]","[0.20033155121842627, 0.8577591891930944]","[0.5774624228320067, 0.44302873763092554]","[3.586315790196645e-08, 1.1061026422223516e-07]","[3.586305424851943e-08, 1.1061021548686156e-07]","[0.3969798459811087, -0.4365584282813437]",0.14884533557857094
3,3694,"[0.378972499769726, 0.6613079515503769]","[0.20033155121842627, 0.8577591891930944]","[0.5774624227602803, 0.44302873740970494]","[3.571970567386513e-08, 1.1016782345045301e-07]","[3.5719601887418406e-08, 1.1016777468064731e-07]","[0.39697984598110847, -0.43655842828134395]",0.14884533563986252
3,3695,"[0.3789724996982866, 0.6613079513300413]","[0.20033155121842627, 0.8577591891930944]","[0.5774624226888407, 0.4430287371893692]","[3.557682717396532e-08, 1.0972715240861969e-07]","[3.5576723234065355e-08, 1.0972710362544547e-07]","[0.39697984598110825, -0.43655842828134417]",0.1488453357009089
3,3696,"[0.378972499627133, 0.6613079511105869]","[0.20033155121842627, 0.8577591891930944]","[0.5774624226176869, 0.44302873696991474]","[3.5434520124391545e-08, 1.0928824391507058e-07]","[3.5434416345569986e-08, 1.0928819510480636e-07]","[0.3969798459811078, -0.4365584282813444]",0.14884533576171113
3,3697,"[0.37897249955626394, 0.6613079508920104]","[0.20033155121842627, 0.8577591891930944]","[0.5774624225468177, 0.44302873675133814]","[3.5292782431382995e-08, 1.0885109116644725e-07]","[3.529267861290819e-08, 1.0885104234636955e-07]","[0.39697984598110747, -0.4365584282813446]",0.1488453358222701
3,3698,"[0.3789724994856784, 0.6613079506743083]","[0.20033155121842627, 0.8577591891930944]","[0.577462422476232, 0.44302873653363584]","[3.515161168379816e-08, 1.0841568701532523e-07]","[3.515150770461162e-08, 1.0841563818919653e-07]","[0.39697984598110725, -0.43655842828134483]",0.14884533588258692
3,3699,"[0.3789724994153752, 0.6613079504574769]","[0.20033155121842627, 0.8577591891930944]","[0.5774624224059286, 0.4430287363168044]","[3.5011005562380676e-08, 1.0798202454062986e-07]","[3.5010901733301125e-08, 1.0798197569439338e-07]","[0.3969798459811068, -0.43655842828134506]",0.14884533594266242
3,3700,"[0.3789724993453532, 0.6613079502415129]","[0.20033155121842627, 0.8577591891930944]","[0.5774624223359064, 0.44302873610084026]","[3.487096191313755e-08, 1.0755009672072309e-07]","[3.487085814546376e-08, 1.0755004786755507e-07]","[0.39697984598110636, -0.4365584282813453]",0.14884533600249755
3,3701,"[0.3789724992756113, 0.6613079500264127]","[0.20033155121842627, 0.8577591891930944]","[0.5774624222661644, 0.44302873588574]","[3.473147844160178e-08, 1.0711989661167472e-07]","[3.4731374387586555e-08, 1.0711984771427652e-07]","[0.39697984598110625, -0.4365584282813455]",0.14884533606209346
3,3702,"[0.37897249920614834, 0.6613079498121729]","[0.20033155121842627, 0.8577591891930944]","[0.5774624221967013, 0.44302873567150003]","[3.459255282865703e-08, 1.0669141714381092e-07]","[3.4592448794334985e-08, 1.0669136824015268e-07]","[0.3969798459811059, -0.4365584282813457]",0.148845336121451
3,3703,"[0.37897249913696324, 0.66130794959879]","[0.20033155121842627, 0.8577591891930944]","[0.5774624221275161, 0.44302873545811705]","[3.445418298134434e-08, 1.0626465163210946e-07]","[3.445407881219609e-08, 1.0626460272833427e-07]","[0.3969798459811057, -0.43655842828134594]",0.14884533618057105
3,3704,"[0.37897249906805486, 0.6613079493862607]","[0.20033155121842627, 0.8577591891930944]","[0.5774624220586075, 0.4430287352455876]","[3.431636647500624e-08, 1.0583959320154517e-07]","[3.431626233174612e-08, 1.0583954423992736e-07]","[0.39697984598110536, -0.43655842828134617]",0.14884533623945462
3,3705,"[0.37897249899942215, 0.6613079491745815]","[0.20033155121842627, 0.8577591891930944]","[0.5774624219899747, 0.44302873503390827]","[3.417910131136793e-08, 1.054162349572527e-07]","[3.4178997188050175e-08, 1.0541618600257152e-07]","[0.39697984598110503, -0.4365584282813464]",0.14884533629810268
3,3706,"[0.37897249893106394, 0.661307948963749]","[0.20033155121842627, 0.8577591891930944]","[0.5774624219216162, 0.4430287348230757]","[3.4042385215205974e-08, 1.0499457023604432e-07]","[3.4042281216173365e-08, 1.0499452124390629e-07]","[0.3969798459811046, -0.4365584282813466]",0.14884533635651606
3,3707,"[0.3789724988629792, 0.6613079487537599]","[0.20033155121842627, 0.8577591891930944]","[0.5774624218535314, 0.44302873461308645]","[3.3906216020759674e-08, 1.0457459219437395e-07]","[3.390611186260273e-08, 1.0457454319157122e-07]","[0.39697984598110436, -0.43655842828134683]",0.14884533641469588
3,3708,"[0.37897249879516676, 0.6613079485446107]","[0.20033155121842627, 0.8577591891930944]","[0.5774624217857188, 0.4430287344039372]","[3.377059150048737e-08, 1.0415629413389817e-07]","[3.3770487239959124e-08, 1.0415624512871702e-07]","[0.39697984598110414, -0.43655842828134706]",0.14884533647264298
3,3709,"[0.37897249872762556, 0.6613079483362981]","[0.20033155121842627, 0.8577591891930944]","[0.5774624217181775, 0.4430287341956245]","[3.363550936374104e-08, 1.0373966911944417e-07]","[3.36354050167742e-08, 1.0373962011644977e-07]","[0.3969798459811039, -0.4365584282813473]",0.14884533653035825
3,3710,"[0.37897249866035454, 0.6613079481288188]","[0.20033155121842627, 0.8577591891930944]","[0.5774624216509063, 0.443028733988145]","[3.350096762000162e-08, 1.033247106080149e-07]","[3.3500863305668815e-08, 1.0332466160445364e-07]","[0.3969798459811036, -0.4365584282813475]",0.14884533658784266
3,3711,"[0.3789724985933526, 0.6613079479221693]","[0.20033155121842627, 0.8577591891930944]","[0.5774624215839043, 0.44302873378149543]","[3.336696395851735e-08, 1.0291141182480002e-07]","[3.336685955313001e-08, 1.0291136282036817e-07]","[0.39697984598110336, -0.4365584282813477]",0.14884533664509714
3,3712,"[0.37897249852661863, 0.6613079477163465]","[0.20033155121842627, 0.8577591891930944]","[0.5774624215171702, 0.4430287335756725]","[3.323349635733325e-08, 1.0249976644114582e-07]","[3.323339187177865e-08, 1.0249971743592212e-07]","[0.39697984598110314, -0.43655842828134794]",0.14884533670212266
3,3713,"[0.37897249846015163, 0.6613079475113469]","[0.20033155121842627, 0.8577591891930944]","[0.5774624214507031, 0.4430287333706729]","[3.310056265592315e-08, 1.020897675397039e-07]","[3.310045798565753e-08, 1.0208971840119929e-07]","[0.39697984598110303, -0.43655842828134805]",0.14884533675892003
3,3714,"[0.37897249839395053, 0.6613079473071674]","[0.20033155121842627, 0.8577591891930944]","[0.5774624213845019, 0.4430287331664932]","[3.296816066619262e-08, 1.0168140856400143e-07]","[3.2968056062898654e-08, 1.0168135944343959e-07]","[0.3969798459811027, -0.4365584282813483]",0.1488453368154902
3,3715,"[0.3789724983280142, 0.6613079471038046]","[0.20033155121842627, 0.8577591891930944]","[0.5774624213185655, 0.44302873296313033]","[3.2836288328960984e-08, 1.0127468325063267e-07]","[3.283618354998907e-08, 1.0127463412334947e-07]","[0.3969798459811026, -0.4365584282813485]",0.14884533687183413
3,3716,"[0.37897249826234164, 0.6613079469012552]","[0.20033155121842627, 0.8577591891930944]","[0.5774624212528928, 0.44302873276058086]","[3.270494347107392e-08, 1.0086958464161557e-07]","[3.2704838615060794e-08, 1.0086953539101273e-07]","[0.39697984598110236, -0.4365584282813486]",0.14884533692795263
3,3717,"[0.37897249819693174, 0.661307946699516]","[0.20033155121842627, 0.8577591891930944]","[0.5774624211874828, 0.4430287325588416]","[3.2574123881559374e-08, 1.0046610649777194e-07]","[3.2574018982156616e-08, 1.0046605714020274e-07]","[0.39697984598110214, -0.4365584282813487]",0.14884533698384667
3,3718,"[0.3789724981317835, 0.6613079464985838]","[0.20033155121842627, 0.8577591891930944]","[0.5774624211223345, 0.44302873235790935]","[3.2443827702157534e-08, 1.0006424227726334e-07]","[3.24437227638974e-08, 1.0006419298713709e-07]","[0.3969798459811019, -0.43655842828134894]",0.14884533703951713
3,3719,"[0.37897249806689587, 0.6613079462984554]","[0.20033155121842627, 0.8577591891930944]","[0.5774624210574467, 0.44302873215778077]","[3.2314052599905954e-08, 9.966398554923542e-08]","[3.231394762881479e-08, 9.966393627047765e-08]","[0.3969798459811017, -0.43655842828134916]",0.14884533709496495
3,3720,"[0.3789724980022678, 0.6613079460991274]","[0.20033155121842627, 0.8577591891930944]","[0.5774624209928185, 0.44302873195845266]","[3.218479665721546e-08, 9.926532970124516e-08]","[3.218469168952964e-08, 9.926528043990857e-08]","[0.3969798459811015, -0.4365584282813494]",0.14884533715019097
3,3721,"[0.37897249793789817, 0.6613079459005967]","[0.20033155121842627, 0.8577591891930944]","[0.5774624209284488, 0.44302873175992197]","[3.20560576668128e-08, 9.886826863469758e-08]","[3.2055952670084764e-08, 9.88682192781809e-08]","[0.39697984598110125, -0.4365584282813495]",0.148845337205196
3,3722,"[0.37897249787378606, 0.6613079457028602]","[0.20033155121842627, 0.8577591891930944]","[0.5774624208643366, 0.4430287315621854]","[3.192783366000098e-08, 9.847279583712492e-08]","[3.1927728516567555e-08, 9.847274640151227e-08]","[0.39697984598110114, -0.4365584282813496]",0.14884533725998106
3,3723,"[0.3789724978099304, 0.6613079455059147]","[0.20033155121842627, 0.8577591891930944]","[0.5774624208004808, 0.4430287313652398]","[3.1800122652375676e-08, 9.807890489368597e-08]","[3.180001756364348e-08, 9.807885537060912e-08]","[0.3969798459811008, -0.4365584282813497]",0.14884533731454697
3,3724,"[0.3789724977463302, 0.6613079453097569]","[0.20033155121842627, 0.8577591891930944]","[0.5774624207368804, 0.4430287311690819]","[3.167292239172896e-08, 9.768658948451127e-08]","[3.1672817479844184e-08, 9.768654002373367e-08]","[0.39697984598110037, -0.43655842828134994]",0.1488453373688946
3,3725,"[0.37897249768298436, 0.6613079451143837]","[0.20033155121842627, 0.8577591891930944]","[0.5774624206735344, 0.44302873097370865]","[3.154623097547948e-08, 9.72958433634341e-08]","[3.154612610023477e-08, 9.729579392159238e-08]","[0.39697984598110003, -0.43655842828135016]",0.14884533742302486
3,3726,"[0.3789724976198919, 0.6613079449197921]","[0.20033155121842627, 0.8577591891930944]","[0.5774624206104417, 0.44302873077911686]","[3.142004632658803e-08, 9.690666019214412e-08]","[3.141994148192495e-08, 9.690661079142515e-08]","[0.3969798459810997, -0.4365584282813504]",0.14884533747693862
3,3727,"[0.3789724975570518, 0.6613079447259788]","[0.20033155121842627, 0.8577591891930944]","[0.5774624205476016, 0.44302873058530345]","[3.1294366485775e-08, 9.65190337566216e-08]","[3.129426151549097e-08, 9.65189843604719e-08]","[0.3969798459810995, -0.4365584282813506]",0.14884533753063675
3,3728,"[0.3789724974944631, 0.6613079445329407]","[0.20033155121842627, 0.8577591891930944]","[0.5774624204850127, 0.4430287303922653]","[3.11691893242715e-08, 9.613295790746209e-08]","[3.1169084313553697e-08, 9.6132908522506e-08]","[0.39697984598109926, -0.43655842828135083]",0.14884533758412005
3,3729,"[0.37897249743212474, 0.6613079443406749]","[0.20033155121842627, 0.8577591891930944]","[0.5774624204226743, 0.44302873019999933]","[3.104451289908008e-08, 9.574842632673726e-08]","[3.1044407822200526e-08, 9.57483769492562e-08]","[0.39697984598109903, -0.43655842828135105]",0.14884533763738944
3,3730,"[0.37897249737003574, 0.661307944149178]","[0.20033155121842627, 0.8577591891930944]","[0.5774624203605851, 0.4430287300085024]","[3.0920335137280184e-08, 9.536543288446889e-08]","[3.0920229987518866e-08, 9.536538353449586e-08]","[0.3969798459810988, -0.4365584282813513]",0.14884533769044572
3,3731,"[0.3789724973081951, 0.6613079439584472]","[0.20033155121842627, 0.8577591891930944]","[0.5774624202987444, 0.4430287298177714]","[3.079665414791934e-08, 9.498397132588415e-08]","[3.0796548922129574e-08, 9.49839220054649e-08]","[0.3969798459810986, -0.4365584282813515]",0.14884533774328987
3,3732,"[0.3789724972466018, 0.6613079437684792]","[0.20033155121842627, 0.8577591891930944]","[0.577462420237151, 0.4430287296278034]","[3.067346782064045e-08, 9.460403564005735e-08]","[3.0673362516608904e-08, 9.460398631144784e-08]","[0.39697984598109837, -0.4365584282813517]",0.14884533779592257
3,3733,"[0.3789724971852549, 0.6613079435792711]","[0.20033155121842627, 0.8577591891930944]","[0.577462420175804, 0.44302872943859517]","[3.055077426762736e-08, 9.422561966861878e-08]","[3.0550668883577714e-08, 9.422557034621803e-08]","[0.39697984598109815, -0.43655842828135194]",0.14884533784834475
3,3734,"[0.3789724971241533, 0.6613079433908199]","[0.20033155121842627, 0.8577591891930944]","[0.5774624201147023, 0.4430287292501438]","[3.042857143466004e-08, 9.384871731551934e-08]","[3.042846596912341e-08, 9.384866800354885e-08]","[0.3969798459810979, -0.43655842828135216]",0.1488453379005572
3,3735,"[0.37897249706329617, 0.6613079432031225]","[0.20033155121842627, 0.8577591891930944]","[0.577462420053845, 0.4430287290624463]","[3.0306857372433596e-08, 9.347332271708058e-08]","[3.0306751941377996e-08, 9.347327339925826e-08]","[0.3969798459810976, -0.4365584282813524]",0.14884533795256083
3,3736,"[0.37897249700268243, 0.6613079430161758]","[0.20033155121842627, 0.8577591891930944]","[0.5774624199932311, 0.4430287288754995]","[3.0185630218036496e-08, 9.309942958879293e-08]","[3.018552469091773e-08, 9.309938026058617e-08]","[0.39697984598109737, -0.4365584282813526]",0.14884533800435645
3,3737,"[0.37897249694231117, 0.661307942829977]","[0.20033155121842627, 0.8577591891930944]","[0.5774624199328597, 0.44302872868930054]","[3.006488793674676e-08, 9.272703205963271e-08]","[3.006478233036347e-08, 9.272698275886171e-08]","[0.39697984598109715, -0.43655842828135283]",0.1488453380559449
3,3738,"[0.3789724968821814, 0.6613079426445229]","[0.20033155121842627, 0.8577591891930944]","[0.5774624198727298, 0.4430287285038464]","[2.994462864464178e-08, 9.235612407825492e-08]","[2.9944522972336074e-08, 9.235607467683593e-08]","[0.3969798459810969, -0.43655842828135294]",0.14884533810732697
3,3739,"[0.3789724968222921, 0.6613079424598106]","[0.20033155121842627, 0.8577591891930944]","[0.5774624198128404, 0.4430287283191341]","[2.982485034565326e-08, 9.198669978423404e-08]","[2.98247447294564e-08, 9.198665029686026e-08]","[0.3969798459810966, -0.43655842828135305]",0.1488453381585035
3,3740,"[0.37897249676264244, 0.6613079422758372]","[0.20033155121842627, 0.8577591891930944]","[0.5774624197531908, 0.4430287281351606]","[2.9705551283781144e-08, 9.161875313065285e-08]","[2.9705445270256092e-08, 9.161870367924152e-08]","[0.3969798459810967, -0.4365584282813533]",0.14884533820947538
3,3741,"[0.37897249670323135, 0.6613079420925997]","[0.20033155121842627, 0.8577591891930944]","[0.5774624196937796, 0.44302872795192294]","[2.958672928945165e-08, 9.12522782569577e-08]","[2.9586623206956375e-08, 9.125222882877537e-08]","[0.3969798459810966, -0.4365584282813535]",0.14884533826024343
3,3742,"[0.3789724966440579, 0.6613079419100951]","[0.20033155121842627, 0.8577591891930944]","[0.5774624196346061, 0.4430287277694183]","[2.9468382652856595e-08, 9.088726932365512e-08]","[2.9468276541155802e-08, 9.088721980576864e-08]","[0.39697984598109637, -0.4365584282813536]",0.14884533831080826
3,3743,"[0.37897249658512117, 0.6613079417283206]","[0.20033155121842627, 0.8577591891930944]","[0.5774624195756692, 0.4430287275876438]","[2.935050933484913e-08, 9.052372053731309e-08]","[2.935040321894178e-08, 9.052367094808389e-08]","[0.39697984598109615, -0.4365584282813537]",0.1488453383611709
3,3744,"[0.3789724965264201, 0.6613079415472732]","[0.20033155121842627, 0.8577591891930944]","[0.5774624195169681, 0.4430287274065963]","[2.923310748132856e-08, 9.016162581919518e-08]","[2.9233001352935162e-08, 9.016157620500564e-08]","[0.3969798459810959, -0.4365584282813538]",0.14884533841133205
3,3745,"[0.3789724964679539, 0.66130794136695]","[0.20033155121842627, 0.8577591891930944]","[0.5774624194585017, 0.443028727226273]","[2.9116175251563158e-08, 8.980097957756112e-08]","[2.911606911126796e-08, 8.980093002541878e-08]","[0.3969798459810957, -0.43655842828135405]",0.14884533846129253
3,3746,"[0.3789724964097215, 0.661307941187348]","[0.20033155121842627, 0.8577591891930944]","[0.5774624194002693, 0.4430287270466709]","[2.8999710670673182e-08, 8.944177575888556e-08]","[2.8999604440027582e-08, 8.944172624758551e-08]","[0.3969798459810956, -0.43655842828135427]",0.14884533851105325
3,3747,"[0.3789724963517221, 0.6613079410084645]","[0.20033155121842627, 0.8577591891930944]","[0.5774624193422697, 0.4430287268677872]","[2.8883712048733614e-08, 8.908400874703893e-08]","[2.888360589592409e-08, 8.908395926487955e-08]","[0.39697984598109526, -0.4365584282813545]",0.14884533856061488
3,3748,"[0.3789724962939547, 0.6613079408302964]","[0.20033155121842627, 0.8577591891930944]","[0.5774624192845021, 0.4430287266896191]","[2.8768177441210377e-08, 8.872767287077078e-08]","[2.8768071369533743e-08, 8.872762330414119e-08]","[0.3969798459810949, -0.4365584282813546]",0.14884533860997828
3,3749,"[0.3789724962364183, 0.661307940652841]","[0.20033155121842627, 0.8577591891930944]","[0.5774624192269657, 0.44302872651216374]","[2.8653104940908224e-08, 8.837276226277758e-08]","[2.865299875143279e-08, 8.837271253669954e-08]","[0.3969798459810948, -0.4365584282813546]",0.14884533865914418
3,3750,"[0.3789724961791121, 0.6613079404760955]","[0.20033155121842627, 0.8577591891930944]","[0.5774624191696593, 0.4430287263354182]","[2.8538492691745436e-08, 8.801927136233281e-08]","[2.85383865983313e-08, 8.801922163348408e-08]","[0.3969798459810945, -0.4365584282813547]",0.14884533870811348
3,3751,"[0.3789724961220351, 0.661307940300057]","[0.20033155121842627, 0.8577591891930944]","[0.5774624191125822, 0.44302872615937955]","[2.8424338945246923e-08, 8.766719442287055e-08]","[2.8424232800805527e-08, 8.766714476582393e-08]","[0.39697984598109426, -0.43655842828135494]",0.14884533875688682
3,3752,"[0.3789724960651864, 0.6613079401247226]","[0.20033155121842627, 0.8577591891930944]","[0.5774624190557336, 0.4430287259840451]","[2.831064182523261e-08, 8.731652576392276e-08]","[2.8310535304942874e-08, 8.731647604953707e-08]","[0.39697984598109437, -0.43655842828135505]",0.14884533880546524
3,3753,"[0.37897249600856514, 0.6613079399500895]","[0.20033155121842627, 0.8577591891930944]","[0.5774624189991122, 0.44302872580941194]","[2.8197399507161125e-08, 8.696725976763285e-08]","[2.8197293000520318e-08, 8.696720998901952e-08]","[0.39697984598109415, -0.43655842828135516]",0.1488453388538492
3,3754,"[0.37897249595217036, 0.661307939776155]","[0.20033155121842627, 0.8577591891930944]","[0.5774624189427173, 0.4430287256354773]","[2.8084610123302293e-08, 8.661939082177407e-08]","[2.8084503611580658e-08, 8.661934114417846e-08]","[0.3969798459810939, -0.4365584282813554]",0.1488453389020397
3,3755,"[0.3789724958960011, 0.6613079396029162]","[0.20033155121842627, 0.8577591891930944]","[0.577462418886548, 0.4430287254622385]","[2.7972271843457764e-08, 8.627291342361781e-08]","[2.797216525074475e-08, 8.627286368634302e-08]","[0.3969798459810938, -0.4365584282813555]",0.14884533895003738
3,3756,"[0.3789724958400566, 0.6613079394303704]","[0.20033155121842627, 0.8577591891930944]","[0.5774624188306035, 0.44302872528969256]","[2.7860382999691653e-08, 8.59278218537946e-08]","[2.7860276308189214e-08, 8.592777206439806e-08]","[0.3969798459810937, -0.4365584282813556]",0.14884533899784314
3,3757,"[0.37897249578433584, 0.6613079392585147]","[0.20033155121842627, 0.8577591891930944]","[0.5774624187748826, 0.44302872511783686]","[2.7748941684829824e-08, 8.558411070848772e-08]","[2.7748835007557204e-08, 8.558406089376192e-08]","[0.3969798459810935, -0.4365584282813557]",0.1488453390454576
3,3758,"[0.37897249572883795, 0.6613079390873465]","[0.20033155121842627, 0.8577591891930944]","[0.5774624187193846, 0.44302872494666856]","[2.7637946039860714e-08, 8.524177445613541e-08]","[2.763783929493613e-08, 8.524172473434177e-08]","[0.39697984598109337, -0.43655842828135594]",0.14884533909288164
3,3759,"[0.37897249567356206, 0.661307938916863]","[0.20033155121842627, 0.8577591891930944]","[0.5774624186641086, 0.443028724776185]","[2.7527394486077816e-08, 8.490080750925233e-08]","[2.7527287727036054e-08, 8.490075775746675e-08]","[0.39697984598109315, -0.43655842828135605]",0.14884533914011597
3,3760,"[0.37897249561850727, 0.6613079387470614]","[0.20033155121842627, 0.8577591891930944]","[0.5774624186090538, 0.4430287246063833]","[2.7417285121645566e-08, 8.456120441024737e-08]","[2.7417178249944385e-08, 8.456115463406633e-08]","[0.39697984598109304, -0.43655842828135616]",0.14884533918716136
3,3761,"[0.3789724955636727, 0.661307938577939]","[0.20033155121842627, 0.8577591891930944]","[0.5774624185542191, 0.4430287244372609]","[2.7307616112879504e-08, 8.422295985306862e-08]","[2.7307509253837736e-08, 8.422290997955884e-08]","[0.3969798459810928, -0.43655842828135627]",0.14884533923401855
3,3762,"[0.3789724955090574, 0.6613079384094931]","[0.20033155121842627, 0.8577591891930944]","[0.5774624184996038, 0.44302872426881484]","[2.7198385851689587e-08, 8.388606813934851e-08]","[2.7198278851336966e-08, 8.388601835385145e-08]","[0.3969798459810927, -0.4365584282813565]",0.14884533928068838
3,3763,"[0.37897249545466066, 0.661307938241721]","[0.20033155121842627, 0.8577591891930944]","[0.5774624184452068, 0.44302872410104266]","[2.7089592483521828e-08, 8.355052400390175e-08]","[2.7089485654663292e-08, 8.355047415031791e-08]","[0.39697984598109237, -0.4365584282813566]",0.14884533932717145
3,3764,"[0.3789724954004815, 0.66130793807462]","[0.20033155121842627, 0.8577591891930944]","[0.5774624183910275, 0.4430287239339416]","[2.698123428773345e-08, 8.321632210022438e-08]","[2.698112760990412e-08, 8.321627226193229e-08]","[0.39697984598109204, -0.4365584282813567]",0.14884533937346858
3,3765,"[0.37897249534651906, 0.6613079379081873]","[0.20033155121842627, 0.8577591891930944]","[0.5774624183370649, 0.4430287237675089]","[2.687330958075599e-08, 8.288345692953564e-08]","[2.6873202996213763e-08, 8.288340708206832e-08]","[0.3969798459810917, -0.4365584282813568]",0.1488453394195805
3,3766,"[0.37897249529277244, 0.6613079377424204]","[0.20033155121842627, 0.8577591891930944]","[0.5774624182833183, 0.4430287236017419]","[2.676581666357304e-08, 8.255192318051326e-08]","[2.6765709704168472e-08, 8.255187328165547e-08]","[0.3969798459810918, -0.43655842828135694]",0.14884533946550815
3,3767,"[0.3789724952392408, 0.6613079375773165]","[0.20033155121842627, 0.8577591891930944]","[0.5774624182297866, 0.44302872343663796]","[2.665875352359551e-08, 8.222171557311575e-08]","[2.6658646623545224e-08, 8.2221665809179e-08]","[0.3969798459810916, -0.43655842828135716]",0.14884533951125198
3,3768,"[0.3789724951859233, 0.6613079374128731]","[0.20033155121842627, 0.8577591891930944]","[0.5774624181764689, 0.4430287232721944]","[2.6552118701855957e-08, 8.189282882483654e-08]","[2.6552011922476026e-08, 8.189277911352377e-08]","[0.39697984598109126, -0.4365584282813574]",0.14884533955681278
3,3769,"[0.37897249513281905, 0.6613079372490874]","[0.20033155121842627, 0.8577591891930944]","[0.5774624181233647, 0.4430287231084087]","[2.644591046071774e-08, 8.156525771574846e-08]","[2.644580332500368e-08, 8.156520792113042e-08]","[0.3969798459810914, -0.4365584282813575]",0.14884533960219148
3,3770,"[0.37897249507992725, 0.6613079370859569]","[0.20033155121842627, 0.8577591891930944]","[0.5774624180704728, 0.4430287229452781]","[2.6340126986080847e-08, 8.123899684058782e-08]","[2.6340019887438615e-08, 8.123894701395074e-08]","[0.39697984598109115, -0.4365584282813576]",0.14884533964738855
3,3771,"[0.378972495027247, 0.6613079369234789]","[0.20033155121842627, 0.8577591891930944]","[0.5774624180177925, 0.44302872278280003]","[2.6234766688221947e-08, 8.09140408483211e-08]","[2.6234659500357083e-08, 8.091399100740304e-08]","[0.39697984598109104, -0.4365584282813577]",0.14884533969240488
3,3772,"[0.3789724949747775, 0.6613079367616508]","[0.20033155121842627, 0.8577591891930944]","[0.5774624179653229, 0.44302872262097187]","[2.612982782383625e-08, 8.05903847932431e-08]","[2.6129720553935698e-08, 8.059033490548373e-08]","[0.39697984598109093, -0.4365584282813578]",0.14884533973724112
3,3773,"[0.37897249492251783, 0.66130793660047]","[0.20033155121842627, 0.8577591891930944]","[0.5774624179130633, 0.4430287224597911]","[2.602530872546808e-08, 8.026802348444086e-08]","[2.6025201271817622e-08, 8.026797354565574e-08]","[0.39697984598109093, -0.43655842828135794]",0.14884533978189804
3,3774,"[0.3789724948704672, 0.661307936439934]","[0.20033155121842627, 0.8577591891930944]","[0.5774624178610126, 0.443028722299255]","[2.5921207605422984e-08, 7.994695158832159e-08]","[2.592110009969062e-08, 7.994690159884854e-08]","[0.3969798459810908, -0.43655842828135805]",0.1488453398263763
3,3775,"[0.37897249481862477, 0.6613079362800401]","[0.20033155121842627, 0.8577591891930944]","[0.5774624178091701, 0.44302872213936106]","[2.5817522879841977e-08, 7.962716397260657e-08]","[2.5817415427731305e-08, 7.962711395803623e-08]","[0.3969798459810906, -0.43655842828135816]",0.14884533987067666
3,3776,"[0.37897249476698974, 0.6613079361207859]","[0.20033155121842627, 0.8577591891930944]","[0.5774624177575349, 0.44302872198010673]","[2.57142530096161e-08, 7.930865551489705e-08]","[2.5714145590605142e-08, 7.930860546068175e-08]","[0.3969798459810904, -0.43655842828135827]",0.14884533991479976
3,3777,"[0.3789724947155612, 0.6613079359621685]","[0.20033155121842627, 0.8577591891930944]","[0.5774624177061063, 0.44302872182148934]","[2.561139615597075e-08, 7.899142094827188e-08]","[2.561128875644414e-08, 7.899137088873687e-08]","[0.39697984598109015, -0.4365584282813584]",0.14884533995874638
3,3778,"[0.3789724946643384, 0.6613079358041857]","[0.20033155121842627, 0.8577591891930944]","[0.5774624176548835, 0.44302872166350643]","[2.5508950761743407e-08, 7.867545541656876e-08]","[2.5508843148891458e-08, 7.867540530170913e-08]","[0.39697984598109015, -0.4365584282813585]",0.1488453400025173
3,3779,"[0.3789724946133205, 0.6613079356468348]","[0.20033155121842627, 0.8577591891930944]","[0.5774624176038654, 0.44302872150615547]","[2.5406915030182504e-08, 7.83607537311785e-08]","[2.5406807602212922e-08, 7.836070359257263e-08]","[0.3969798459810898, -0.4365584282813586]",0.14884534004611305
3,3780,"[0.37897249456250665, 0.6613079354901132]","[0.20033155121842627, 0.8577591891930944]","[0.5774624175530516, 0.44302872134943394]","[2.5305287541174574e-08, 7.804731080896959e-08]","[2.530517978494018e-08, 7.804726054327915e-08]","[0.39697984598108993, -0.4365584282813586]",0.14884534008953448
3,3781,"[0.3789724945118961, 0.6613079353340187]","[0.20033155121842627, 0.8577591891930944]","[0.577462417502441, 0.44302872119333925]","[2.520406656441755e-08, 7.7735121676828e-08]","[2.520395875338366e-08, 7.773507154640313e-08]","[0.3969798459810898, -0.4365584282813588]",0.14884534013278222
3,3782,"[0.37897249446148795, 0.6613079351785485]","[0.20033155121842627, 0.8577591891930944]","[0.5774624174520328, 0.443028721037869]","[2.5103250492832465e-08, 7.742418144158782e-08]","[2.5103142731186523e-08, 7.742413127287406e-08]","[0.3969798459810896, -0.43655842828135893]",0.14884534017585696
3,3783,"[0.37897249441128145, 0.6613079350237001]","[0.20033155121842627, 0.8577591891930944]","[0.5774624174018261, 0.4430287208830206]","[2.5002837612715407e-08, 7.711448486921112e-08]","[2.500272988648078e-08, 7.711443467117718e-08]","[0.3969798459810894, -0.43655842828135905]",0.14884534021875934
3,3784,"[0.3789724943612758, 0.6613079348694711]","[0.20033155121842627, 0.8577591891930944]","[0.5774624173518205, 0.4430287207287916]","[2.490282647982715e-08, 7.680602709995506e-08]","[2.490271855393189e-08, 7.680597674530887e-08]","[0.3969798459810894, -0.43655842828135905]",0.14884534026149016
3,3785,"[0.3789724943114701, 0.6613079347158591]","[0.20033155121842627, 0.8577591891930944]","[0.5774624173020146, 0.44302872057517956]","[2.4803215328205467e-08, 7.64988031791531e-08]","[2.4803107567805682e-08, 7.649875283233243e-08]","[0.39697984598108904, -0.43655842828135916]",0.14884534030405
3,3786,"[0.3789724942618637, 0.6613079345628615]","[0.20033155121842627, 0.8577591891930944]","[0.5774624172524082, 0.44302872042218183]","[2.470400263873621e-08, 7.619280800677145e-08]","[2.4703894707656104e-08, 7.61927577697108e-08]","[0.39697984598108904, -0.4365584282813594]",0.1488453403464397
3,3787,"[0.3789724942124557, 0.6613079344104759]","[0.20033155121842627, 0.8577591891930944]","[0.5774624172030003, 0.4430287202697961]","[2.4605186849228163e-08, 7.588803683785762e-08]","[2.4605078641215528e-08, 7.588798656144036e-08]","[0.39697984598108915, -0.4365584282813595]",0.14884534038865993
3,3788,"[0.37897249416324535, 0.6613079342586998]","[0.20033155121842627, 0.8577591891930944]","[0.5774624171537899, 0.44302872011802]","[2.4506766232235944e-08, 7.558448489410644e-08]","[2.4506658036216322e-08, 7.558443460009556e-08]","[0.39697984598108904, -0.4365584282813596]",0.14884534043071113
3,3789,"[0.37897249411423184, 0.6613079341075309]","[0.20033155121842627, 0.8577591891930944]","[0.5774624171047762, 0.443028719966851]","[2.440873928962098e-08, 7.528214710329251e-08]","[2.4408631282835103e-08, 7.52820967786505e-08]","[0.3969798459810887, -0.4365584282813597]",0.14884534047259412
3,3790,"[0.37897249406541433, 0.6613079339569665]","[0.20033155121842627, 0.8577591891930944]","[0.5774624170559587, 0.4430287198162866]","[2.4311104464024245e-08, 7.498101854953368e-08]","[2.4310996271648122e-08, 7.498096821212386e-08]","[0.3969798459810887, -0.4365584282813598]",0.14884534051430964
3,3791,"[0.3789724940167921, 0.6613079338070045]","[0.20033155121842627, 0.8577591891930944]","[0.5774624170073365, 0.4430287196663245]","[2.421386018874284e-08, 7.46810945279911e-08]","[2.4213751836921205e-08, 7.468104418206778e-08]","[0.3969798459810887, -0.43655842828135993]",0.1488453405558583
3,3792,"[0.3789724939683644, 0.6613079336576423]","[0.20033155121842627, 0.8577591891930944]","[0.5774624169589087, 0.4430287195169623]","[2.4117004916000747e-08, 7.438237028569048e-08]","[2.411689664638672e-08, 7.438231980350096e-08]","[0.3969798459810885, -0.43655842828135993]",0.1488453405972407
3,3793,"[0.3789724939201304, 0.6613079335088775]","[0.20033155121842627, 0.8577591891930944]","[0.5774624169106746, 0.4430287193681975]","[2.4020536971758828e-08, 7.408484081488329e-08]","[2.4020428646132075e-08, 7.408479035797555e-08]","[0.3969798459810884, -0.43655842828136004]",0.1488453406384576
3,3794,"[0.3789724938720893, 0.6613079333607078]","[0.20033155121842627, 0.8577591891930944]","[0.5774624168626334, 0.44302871922002773]","[2.39244549586259e-08, 7.37885015459117e-08]","[2.392434661491194e-08, 7.378845107153253e-08]","[0.39697984598108826, -0.43655842828136016]",0.14884534067950966
3,3795,"[0.3789724938242404, 0.6613079332131309]","[0.20033155121842627, 0.8577591891930944]","[0.5774624168147844, 0.4430287190724507]","[2.3828757300008505e-08, 7.34933477796811e-08]","[2.3828649164947535e-08, 7.349329728123521e-08]","[0.39697984598108793, -0.43655842828136027]",0.14884534072039735
3,3796,"[0.37897249377658293, 0.6613079330661442]","[0.20033155121842627, 0.8577591891930944]","[0.577462416767127, 0.443028718925464]","[2.3733442557884142e-08, 7.319937460676856e-08]","[2.373333407579281e-08, 7.319932410210228e-08]","[0.39697984598108804, -0.4365584282813604]",0.1488453407611217
3,3797,"[0.37897249372911607, 0.6613079329197454]","[0.20033155121842627, 0.8577591891930944]","[0.57746241671966, 0.4430287187790652]","[2.363850898738767e-08, 7.290657713819277e-08]","[2.363840045926935e-08, 7.290652659364127e-08]","[0.39697984598108793, -0.4365584282813605]",0.1488453408016831
3,3798,"[0.37897249368183905, 0.6613079327739323]","[0.20033155121842627, 0.8577591891930944]","[0.577462416672383, 0.443028718633252]","[2.3543955055715095e-08, 7.261495096021191e-08]","[2.3543846483509157e-08, 7.26149004259824e-08]","[0.3969798459810878, -0.4365584282813606]",0.14884534084208226
3,3799,"[0.37897249363475116, 0.6613079326287024]","[0.20033155121842627, 0.8577591891930944]","[0.577462416625295, 0.443028718488022]","[2.3449779392222048e-08, 7.232449122942832e-08]","[2.3449670927266908e-08, 7.232444065863319e-08]","[0.3969798459810876, -0.4365584282813607]",0.14884534088231977
3,3800,"[0.3789724935878516, 0.6613079324840534]","[0.20033155121842627, 0.8577591891930944]","[0.5774624165783953, 0.443028718343373]","[2.3355980424361926e-08, 7.203519342557243e-08]","[2.3355872125208066e-08, 7.203514285070156e-08]","[0.39697984598108726, -0.4365584282813608]",0.14884534092239632
3,3801,"[0.37897249354113965, 0.661307932339983]","[0.20033155121842627, 0.8577591891930944]","[0.5774624165316833, 0.44302871819930256]","[2.3262556695940546e-08, 7.17470526941582e-08]","[2.326244818995349e-08, 7.174700200618389e-08]","[0.39697984598108726, -0.4365584282813608]",0.1488453409623126
3,3802,"[0.37897249349461454, 0.6613079321964889]","[0.20033155121842627, 0.8577591891930944]","[0.5774624164851582, 0.4430287180558084]","[2.3169506633022102e-08, 7.146006458030229e-08]","[2.3169397955769e-08, 7.146001390623269e-08]","[0.39697984598108726, -0.43655842828136093]",0.14884534100206925
3,3803,"[0.37897249344827555, 0.6613079320535687]","[0.20033155121842627, 0.8577591891930944]","[0.5774624164388191, 0.4430287179128882]","[2.307682877448536e-08, 7.117422436891783e-08]","[2.307672009038697e-08, 7.11741737213778e-08]","[0.39697984598108715, -0.43655842828136104]",0.14884534104166686
3,3804,"[0.3789724934021219, 0.6613079319112203]","[0.20033155121842627, 0.8577591891930944]","[0.5774624163926654, 0.4430287177705397]","[2.2984521657308648e-08, 7.08895275750737e-08]","[2.2984413039495166e-08, 7.088947689970482e-08]","[0.39697984598108693, -0.43655842828136115]",0.14884534108110603
3,3805,"[0.37897249335615285, 0.6613079317694412]","[0.20033155121842627, 0.8577591891930944]","[0.5774624163466964, 0.4430287176287606]","[2.289258370992456e-08, 7.060596959618173e-08]","[2.2892474804692142e-08, 7.06059189448105e-08]","[0.39697984598108704, -0.43655842828136127]",0.14884534112038753
3,3806,"[0.3789724933103677, 0.6613079316282293]","[0.20033155121842627, 0.8577591891930944]","[0.5774624163009112, 0.4430287174875487]","[2.2801013539291522e-08, 7.032354585427404e-08]","[2.280090449779948e-08, 7.032349508273583e-08]","[0.39697984598108704, -0.43655842828136127]",0.1488453411595118
3,3807,"[0.3789724932647657, 0.6613079314875823]","[0.20033155121842627, 0.8577591891930944]","[0.577462416255309, 0.44302871734690163]","[2.270980949571247e-08, 7.004225184780969e-08]","[2.2709700731038396e-08, 7.004220098361102e-08]","[0.3969798459810867, -0.43655842828136127]",0.14884534119847959
3,3808,"[0.37897249321934606, 0.6613079313474978]","[0.20033155121842627, 0.8577591891930944]","[0.5774624162098894, 0.443028717206817]","[2.2618970437531536e-08, 6.97620829061649e-08]","[2.261886161702975e-08, 6.976203220654398e-08]","[0.3969798459810866, -0.4365584282813615]",0.14884534123729154
3,3809,"[0.37897249317410814, 0.6613079312079736]","[0.20033155121842627, 0.8577591891930944]","[0.5774624161646514, 0.4430287170672928]","[2.2528494753702113e-08, 6.948303463235936e-08]","[2.2528385767994763e-08, 6.948298392206453e-08]","[0.3969798459810866, -0.4365584282813616]",0.14884534127594823
3,3810,"[0.3789724931290511, 0.6613079310690075]","[0.20033155121842627, 0.8577591891930944]","[0.5774624161195943, 0.4430287169283267]","[2.2438380868382804e-08, 6.920510261506054e-08]","[2.2438272073710408e-08, 6.92050519113252e-08]","[0.39697984598108627, -0.4365584282813617]",0.1488453413144503
3,3811,"[0.37897249308417436, 0.6613079309305974]","[0.20033155121842627, 0.8577591891930944]","[0.5774624160747175, 0.4430287167899165]","[2.2348627474205993e-08, 6.892828237670005e-08]","[2.234851853577524e-08, 6.892823156690042e-08]","[0.39697984598108627, -0.4365584282813617]",0.14884534135279834
3,3812,"[0.3789724930394771, 0.6613079307927408]","[0.20033155121842627, 0.8577591891930944]","[0.5774624160300202, 0.4430287166520598]","[2.2259233087924974e-08, 6.865256922281123e-08]","[2.225912404396624e-08, 6.86525185589204e-08]","[0.39697984598108627, -0.43655842828136193]",0.14884534139099312
3,3813,"[0.37897249299495867, 0.6613079306554356]","[0.20033155121842627, 0.8577591891930944]","[0.5774624159855017, 0.4430287165147546]","[2.2170196235170498e-08, 6.837795904534647e-08]","[2.217008721050462e-08, 6.837790822444845e-08]","[0.39697984598108615, -0.43655842828136193]",0.14884534142903497
3,3814,"[0.37897249295061824, 0.6613079305186796]","[0.20033155121842627, 0.8577591891930944]","[0.5774624159411612, 0.4430287163779986]","[2.208151552730566e-08, 6.810444724412087e-08]","[2.208140659210045e-08, 6.810439645565936e-08]","[0.39697984598108593, -0.43655842828136204]",0.14884534146692466
3,3815,"[0.37897249290645524, 0.6613079303824707]","[0.20033155121842627, 0.8577591891930944]","[0.5774624158969981, 0.44302871624178963]","[2.1993189670986722e-08, 6.783202939784977e-08]","[2.199308080097495e-08, 6.783197864512758e-08]","[0.3969798459810857, -0.43655842828136215]",0.14884534150466286
3,3816,"[0.37897249286246887, 0.6613079302468067]","[0.20033155121842627, 0.8577591891930944]","[0.5774624158530117, 0.44302871610612554]","[2.1905217100059317e-08, 6.756070144043932e-08]","[2.1905108060771283e-08, 6.756065068502792e-08]","[0.3969798459810857, -0.43655842828136227]",0.14884534154225004
3,3817,"[0.3789724928186584, 0.6613079301116853]","[0.20033155121842627, 0.8577591891930944]","[0.5774624158092012, 0.44302871597100413]","[2.181759627534447e-08, 6.72904588266018e-08]","[2.181748720575527e-08, 6.729040807895714e-08]","[0.3969798459810856, -0.4365584282813624]",0.14884534157968693
3,3818,"[0.3789724927750232, 0.6613079299771044]","[0.20033155121842627, 0.8577591891930944]","[0.577462415765566, 0.4430287158364232]","[2.173032596770325e-08, 6.702129714403126e-08]","[2.173021679263698e-08, 6.702124627500083e-08]","[0.3969798459810856, -0.4365584282813624]",0.148845341616974
3,3819,"[0.3789724927315625, 0.6613079298430619]","[0.20033155121842627, 0.8577591891930944]","[0.5774624157221052, 0.4430287157023806]","[2.1643404700720616e-08, 6.675321212290524e-08]","[2.1643295655682238e-08, 6.675316127635611e-08]","[0.3969798459810854, -0.4365584282813625]",0.14884534165411195
3,3820,"[0.3789724926882757, 0.6613079297095554]","[0.20033155121842627, 0.8577591891930944]","[0.5774624156788184, 0.44302871556887413]","[2.155683122729038e-08, 6.648619935990493e-08]","[2.1556722018534202e-08, 6.648614853110857e-08]","[0.3969798459810854, -0.4365584282813626]",0.14884534169110142
3,3821,"[0.37897249264516203, 0.661307929576583]","[0.20033155121842627, 0.8577591891930944]","[0.5774624156357047, 0.4430287154359017]","[2.1470604013473522e-08, 6.622025461607299e-08]","[2.147049477096985e-08, 6.622020370938841e-08]","[0.39697984598108527, -0.4365584282813626]",0.14884534172794284
3,3822,"[0.3789724926022208, 0.6613079294441425]","[0.20033155121842627, 0.8577591891930944]","[0.5774624155927635, 0.44302871530346116]","[2.1384721747883452e-08, 6.59553736534015e-08]","[2.1384612358676947e-08, 6.595532275888161e-08]","[0.39697984598108527, -0.4365584282813627]",0.14884534176463693
3,3823,"[0.37897249255945137, 0.6613079293122318]","[0.20033155121842627, 0.8577591891930944]","[0.577462415549994, 0.4430287151715504]","[2.1299182928182856e-08, 6.569155233844593e-08]","[2.1299073449387862e-08, 6.569150146074065e-08]","[0.39697984598108527, -0.4365584282813628]",0.14884534180118425
3,3824,"[0.378972492516853, 0.6613079291808487]","[0.20033155121842627, 0.8577591891930944]","[0.5774624155073956, 0.4430287150401672]","[2.121398630201839e-08, 6.542878619656228e-08]","[2.1213876710834967e-08, 6.54287353185623e-08]","[0.39697984598108527, -0.43655842828136293]",0.14884534183758544
3,3825,"[0.37897249247442505, 0.6613079290499911]","[0.20033155121842627, 0.8577591891930944]","[0.5774624154649676, 0.4430287149093096]","[2.112913041552896e-08, 6.516707120075395e-08]","[2.1129020977284085e-08, 6.516702033554367e-08]","[0.39697984598108504, -0.43655842828136304]",0.14884534187384096
3,3826,"[0.3789724924321668, 0.661307928919657]","[0.20033155121842627, 0.8577591891930944]","[0.5774624154227093, 0.44302871477897543]","[2.104461404430258e-08, 6.49064029231723e-08]","[2.104450458340068e-08, 6.490635195977035e-08]","[0.39697984598108493, -0.43655842828136304]",0.1488453419099514
3,3827,"[0.3789724923900776, 0.6613079287898441]","[0.20033155121842627, 0.8577591891930944]","[0.5774624153806199, 0.44302871464916255]","[2.0960435701717513e-08, 6.4646777350328e-08]","[2.0960326363450577e-08, 6.464672641648406e-08]","[0.3969798459810847, -0.43655842828136315]",0.14884534194591748
3,3828,"[0.3789724923481567, 0.6613079286605505]","[0.20033155121842627, 0.8577591891930944]","[0.5774624153386989, 0.4430287145198689]","[2.0876594089712957e-08, 6.438819023870764e-08]","[2.0876484929654993e-08, 6.438813932030385e-08]","[0.3969798459810844, -0.43655842828136326]",0.14884534198173965
3,3829,"[0.3789724923064035, 0.6613079285317741]","[0.20033155121842627, 0.8577591891930944]","[0.5774624152969456, 0.4430287143910925]","[2.079308785610934e-08, 6.413063747047345e-08]","[2.0792978616679392e-08, 6.413058645238223e-08]","[0.39697984598108427, -0.43655842828136326]",0.14884534201741853
3,3830,"[0.37897249226481733, 0.6613079284035128]","[0.20033155121842627, 0.8577591891930944]","[0.5774624152553595, 0.4430287142628312]","[2.070991563626626e-08, 6.387411497284685e-08]","[2.0709806258789598e-08, 6.387406387142747e-08]","[0.39697984598108427, -0.43655842828136326]",0.14884534205295474
3,3831,"[0.3789724922233975, 0.6613079282757646]","[0.20033155121842627, 0.8577591891930944]","[0.5774624152139396, 0.44302871413508293]","[2.06270761176521e-08, 6.361861853257809e-08]","[2.0626966745762587e-08, 6.361856735859206e-08]","[0.39697984598108416, -0.43655842828136326]",0.14884534208834882
3,3832,"[0.37897249218214335, 0.6613079281485273]","[0.20033155121842627, 0.8577591891930944]","[0.5774624151726855, 0.4430287140078457]","[2.0544567962933922e-08, 6.336414415822036e-08]","[2.054445830124152e-08, 6.336409291707312e-08]","[0.39697984598108427, -0.43655842828136326]",0.14884534212360123
3,3833,"[0.3789724921410542, 0.661307928021799]","[0.20033155121842627, 0.8577591891930944]","[0.5774624151315964, 0.4430287138811174]","[2.0462389770358605e-08, 6.311068766634428e-08]","[2.0462280037047975e-08, 6.311063632802316e-08]","[0.39697984598108427, -0.43655842828136326]",0.1488453421587127
3,3834,"[0.37897249210012945, 0.6613079278955777]","[0.20033155121842627, 0.8577591891930944]","[0.5774624150906715, 0.44302871375489605]","[2.038054033933349e-08, 6.285824498996682e-08]","[2.0380430620914325e-08, 6.285819359463929e-08]","[0.39697984598108416, -0.43655842828136326]",0.14884534219368373
3,3835,"[0.3789724920593684, 0.6613079277698612]","[0.20033155121842627, 0.8577591891930944]","[0.5774624150499105, 0.44302871362917956]","[2.0299018327802986e-08, 6.260681215895618e-08]","[2.0298908498528334e-08, 6.260676083114092e-08]","[0.39697984598108416, -0.4365584282813634]",0.14884534222851487
3,3836,"[0.37897249201877037, 0.6613079276446476]","[0.20033155121842627, 0.8577591891930944]","[0.5774624150093124, 0.4430287135039659]","[2.021782233841587e-08, 6.235638500630298e-08]","[2.0217712559666978e-08, 6.235633370765825e-08]","[0.39697984598108405, -0.4365584282813635]",0.14884534226320667
3,3837,"[0.3789724919783347, 0.6613079275199348]","[0.20033155121842627, 0.8577591891930944]","[0.5774624149688767, 0.4430287133792531]","[2.0136951135545922e-08, 6.21069594877356e-08]","[2.0136841250018023e-08, 6.21069081163661e-08]","[0.39697984598108405, -0.4365584282813635]",0.14884534229775973
3,3838,"[0.3789724919380608, 0.6613079273957209]","[0.20033155121842627, 0.8577591891930944]","[0.5774624149286027, 0.44302871325503906]","[2.005640331373703e-08, 6.185853160112588e-08]","[2.0056293625891897e-08, 6.185848028250618e-08]","[0.3969798459810838, -0.4365584282813636]",0.14884534233217456
3,3839,"[0.378972491897948, 0.6613079272720038]","[0.20033155121842627, 0.8577591891930944]","[0.5774624148884899, 0.44302871313132197]","[1.9976177830352923e-08, 6.161109762232644e-08]","[1.9976068021954063e-08, 6.16110463202979e-08]","[0.3969798459810838, -0.4365584282813637]",0.14884534236645172
3,3840,"[0.37897249185799564, 0.6613079271487816]","[0.20033155121842627, 0.8577591891930944]","[0.5774624148485374, 0.44302871300809976]","[1.9896273191871438e-08, 6.136465328823775e-08]","[1.989616349451495e-08, 6.136460189987147e-08]","[0.3969798459810836, -0.4365584282813637]",0.14884534240059177
3,3841,"[0.3789724918182031, 0.6613079270260523]","[0.20033155121842627, 0.8577591891930944]","[0.5774624148087448, 0.4430287128853705]","[1.9816688219198413e-08, 6.111919481599552e-08]","[1.9816578489262326e-08, 6.111914335749091e-08]","[0.3969798459810835, -0.4365584282813637]",0.14884534243459524
3,3842,"[0.37897249177856973, 0.6613079269038139]","[0.20033155121842627, 0.8577591891930944]","[0.5774624147691114, 0.443028712763132]","[1.9737421562889103e-08, 6.087471792002941e-08]","[1.9737311840462013e-08, 6.087466652981988e-08]","[0.3969798459810834, -0.4365584282813638]",0.14884534246846276
3,3843,"[0.37897249173909486, 0.6613079267820645]","[0.20033155121842627, 0.8577591891930944]","[0.5774624147296366, 0.44302871264138255]","[1.9658471966330915e-08, 6.063121923799677e-08]","[1.965836210482408e-08, 6.063116786414469e-08]","[0.3969798459810834, -0.43655842828136393]",0.14884534250219478
3,3844,"[0.3789724916997779, 0.6613079266608021]","[0.20033155121842627, 0.8577591891930944]","[0.5774624146903196, 0.4430287125201201]","[1.957983822001429e-08, 6.038869440065955e-08]","[1.9579728338658953e-08, 6.03886429750844e-08]","[0.39697984598108327, -0.43655842828136393]",0.14884534253579182
3,3845,"[0.37897249166061825, 0.6613079265400247]","[0.20033155121842627, 0.8577591891930944]","[0.5774624146511599, 0.44302871239934266]","[1.950151901140344e-08, 6.014713969080895e-08]","[1.95014089876544e-08, 6.014708830992532e-08]","[0.39697984598108327, -0.43655842828136404]",0.14884534256925455
3,3846,"[0.3789724916216152, 0.6613079264197304]","[0.20033155121842627, 0.8577591891930944]","[0.5774624146121569, 0.4430287122790483]","[1.9423513052546204e-08, 5.990655111760616e-08]","[1.9423402941587398e-08, 5.990649976084228e-08]","[0.39697984598108327, -0.43655842828136415]",0.14884534260258342
3,3847,"[0.3789724915827682, 0.6613079262999173]","[0.20033155121842627, 0.8577591891930944]","[0.5774624145733098, 0.4430287121592352]","[1.934581908358942e-08, 5.966692512939267e-08]","[1.9345708868190314e-08, 5.966687366409928e-08]","[0.39697984598108327, -0.43655842828136415]",0.14884534263577892
3,3848,"[0.37897249154407653, 0.6613079261805834]","[0.20033155121842627, 0.8577591891930944]","[0.5774624145346181, 0.44302871203990135]","[1.926843582310523e-08, 5.942825745203655e-08]","[1.9268325657240126e-08, 5.9428205911871146e-08]","[0.39697984598108316, -0.43655842828136415]",0.14884534266884167
3,3849,"[0.37897249150553963, 0.661307926061727]","[0.20033155121842627, 0.8577591891930944]","[0.5774624144960812, 0.44302871192104487]","[1.919136213380586e-08, 5.9190544542156214e-08]","[1.9191251976469204e-08, 5.9190492951444185e-08]","[0.39697984598108305, -0.43655842828136415]",0.14884534270177213
3,3850,"[0.3789724914671569, 0.6613079259433459]","[0.20033155121842627, 0.8577591891930944]","[0.5774624144576984, 0.44302871180266373]","[1.9114596763404104e-08, 5.8953782441546896e-08]","[1.9114486493609917e-08, 5.8953730897037815e-08]","[0.39697984598108305, -0.43655842828136426]",0.14884534273457095
3,3851,"[0.3789724914289277, 0.6613079258254383]","[0.20033155121842627, 0.8577591891930944]","[0.5774624144194692, 0.4430287116847561]","[1.9038138435616173e-08, 5.871796732023374e-08]","[1.903802809843924e-08, 5.87179158073603e-08]","[0.39697984598108305, -0.4365584282813644]",0.14884534276723851
3,3852,"[0.37897249139085143, 0.6613079257080023]","[0.20033155121842627, 0.8577591891930944]","[0.5774624143813929, 0.44302871156732015]","[1.8961985964820333e-08, 5.848309548474286e-08]","[1.8961875680734153e-08, 5.8483043907653354e-08]","[0.39697984598108293, -0.4365584282813644]",0.14884534279977543
3,3853,"[0.37897249135292743, 0.6613079255910361]","[0.20033155121842627, 0.8577591891930944]","[0.5774624143434689, 0.4430287114503539]","[1.888613807435258e-08, 5.8249163142872975e-08]","[1.8886027686182416e-08, 5.824911158969215e-08]","[0.39697984598108293, -0.4365584282813645]",0.1488453428321822
3,3854,"[0.37897249131515515, 0.6613079254745378]","[0.20033155121842627, 0.8577591891930944]","[0.5774624143056966, 0.4430287113338555]","[1.8810593550448167e-08, 5.801616653122469e-08]","[1.881048317109446e-08, 5.8016114856673795e-08]","[0.3969798459810828, -0.4365584282813645]",0.14884534286445936
3,3855,"[0.37897249127753396, 0.6613079253585055]","[0.20033155121842627, 0.8577591891930944]","[0.5774624142680753, 0.44302871121782317]","[1.8735351301145625e-08, 5.7784101958210176e-08]","[1.873524091422496e-08, 5.778405037792922e-08]","[0.3969798459810827, -0.4365584282813646]",0.14884534289660734
3,3856,"[0.37897249124006327, 0.6613079252429372]","[0.20033155121842627, 0.8577591891930944]","[0.5774624142306046, 0.44302871110225495]","[1.8660410000606086e-08, 5.755296560730588e-08]","[1.8660299527795132e-08, 5.755291393461093e-08]","[0.3969798459810827, -0.4365584282813646]",0.14884534292862683
3,3857,"[0.37897249120274246, 0.6613079251278313]","[0.20033155121842627, 0.8577591891930944]","[0.5774624141932838, 0.443028710987149]","[1.858576843764456e-08, 5.732275380771839e-08]","[1.8585657901581953e-08, 5.7322702085027544e-08]","[0.3969798459810827, -0.4365584282813646]",0.14884534296051816
3,3858,"[0.3789724911655709, 0.6613079250131858]","[0.20033155121842627, 0.8577591891930944]","[0.5774624141561122, 0.4430287108725035]","[1.8511425438732583e-08, 5.709346282044015e-08]","[1.85113149253624e-08, 5.7093411054420784e-08]","[0.3969798459810826, -0.4365584282813646]",0.14884534299228191
3,3859,"[0.3789724911285481, 0.6613079248989989]","[0.20033155121842627, 0.8577591891930944]","[0.5774624141190894, 0.4430287107583166]","[1.8437379884455574e-08, 5.686508913257237e-08]","[1.843726926686884e-08, 5.686503729007697e-08]","[0.3969798459810826, -0.4365584282813646]",0.14884534302391866
3,3860,"[0.3789724910916733, 0.6613079247852688]","[0.20033155121842627, 0.8577591891930944]","[0.5774624140822147, 0.44302871064458643]","[1.8363630383551665e-08, 5.663762891785559e-08]","[1.8363519593833644e-08, 5.663757712826012e-08]","[0.3969798459810827, -0.4365584282813647]",0.14884534305542885
3,3861,"[0.378972491054946, 0.6613079246719935]","[0.20033155121842627, 0.8577591891930944]","[0.5774624140454874, 0.4430287105313111]","[1.8290175872934596e-08, 5.641107845243886e-08]","[1.8290065018078394e-08, 5.641102668318965e-08]","[0.3969798459810827, -0.4365584282813648]",0.14884534308681305
3,3862,"[0.37897249101836566, 0.6613079245591713]","[0.20033155121842627, 0.8577591891930944]","[0.5774624140089071, 0.4430287104184889]","[1.821701520519316e-08, 5.618543414298227e-08]","[1.821690420733546e-08, 5.618538229112957e-08]","[0.3969798459810828, -0.4365584282813648]",0.14884534311807168
3,3863,"[0.37897249098193164, 0.6613079244468004]","[0.20033155121842627, 0.8577591891930944]","[0.5774624139724731, 0.443028710306118]","[1.814414722636939e-08, 5.5960692429166853e-08]","[1.814403610689297e-08, 5.5960640510388515e-08]","[0.39697984598108293, -0.4365584282813648]",0.14884534314920528
3,3864,"[0.37897249094564334, 0.6613079243348791]","[0.20033155121842627, 0.8577591891930944]","[0.5774624139361848, 0.44302871019419665]","[1.8071570651976407e-08, 5.573684973164455e-08]","[1.8071459495505593e-08, 5.57367977882528e-08]","[0.39697984598108293, -0.4365584282813648]",0.1488453431802143
3,3865,"[0.3789724909095002, 0.6613079242234053]","[0.20033155121842627, 0.8577591891930944]","[0.5774624139000415, 0.44302871008272293]","[1.799928431924986e-08, 5.551390234876546e-08]","[1.7999173484994913e-08, 5.5513850349964144e-08]","[0.3969798459810826, -0.4365584282813648]",0.14884534321109927
3,3866,"[0.3789724908735016, 0.6613079241123775]","[0.20033155121842627, 0.8577591891930944]","[0.577462413864043, 0.4430287099716951]","[1.792728723765846e-08, 5.529184667818145e-08]","[1.7927176187981786e-08, 5.529179464280887e-08]","[0.3969798459810827, -0.4365584282813648]",0.14884534324186077
3,3867,"[0.378972490837647, 0.6613079240017938]","[0.20033155121842627, 0.8577591891930944]","[0.5774624138281883, 0.4430287098611114]","[1.7855578078565597e-08, 5.5070679400365975e-08]","[1.7855467104865852e-08, 5.5070627336117894e-08]","[0.3969798459810826, -0.4365584282813648]",0.14884534327249915
3,3868,"[0.37897249080193585, 0.6613079238916525]","[0.20033155121842627, 0.8577591891930944]","[0.5774624137924771, 0.44302870975097003]","[1.7784155811273998e-08, 5.485039669074998e-08]","[1.778404490337948e-08, 5.4850344710644094e-08]","[0.3969798459810825, -0.43655842828136493]",0.14884534330301502
3,3869,"[0.3789724907663675, 0.6613079237819517]","[0.20033155121842627, 0.8577591891930944]","[0.5774624137569088, 0.44302870964126917]","[1.7713019261178282e-08, 5.463099514571838e-08]","[1.7712908251255044e-08, 5.463094321367379e-08]","[0.3969798459810825, -0.43655842828136504]",0.14884534333340887
3,3870,"[0.37897249073094147, 0.6613079236726896]","[0.20033155121842627, 0.8577591891930944]","[0.5774624137214825, 0.44302870953200707]","[1.764216716244504e-08, 5.441247112956791e-08]","[1.7642056426847574e-08, 5.4412419236982146e-08]","[0.39697984598108216, -0.43655842828136515]",0.14884534336368108
3,3871,"[0.37897249069565714, 0.6613079235638647]","[0.20033155121842627, 0.8577591891930944]","[0.5774624136861982, 0.4430287094231821]","[1.757159864984488e-08, 5.419482131278616e-08]","[1.7571487764822535e-08, 5.419476933887779e-08]","[0.39697984598108216, -0.43655842828136515]",0.1488453433938322
3,3872,"[0.3789724906605139, 0.6613079234554751]","[0.20033155121842627, 0.8577591891930944]","[0.577462413651055, 0.4430287093147925]","[1.750131229843584e-08, 5.397804211679305e-08]","[1.7501201321490356e-08, 5.3977990077669347e-08]","[0.39697984598108216, -0.43655842828136515]",0.14884534342386274
3,3873,"[0.3789724906255113, 0.661307923347519]","[0.20033155121842627, 0.8577591891930944]","[0.5774624136160524, 0.4430287092068364]","[1.7431307182772916e-08, 5.376213001835898e-08]","[1.7431195986628012e-08, 5.3762077900643135e-08]","[0.39697984598108227, -0.43655842828136515]",0.14884534345377318
3,3874,"[0.3789724905906487, 0.6613079232399948]","[0.20033155121842627, 0.8577591891930944]","[0.5774624135811899, 0.44302870909931213]","[1.736158205875761e-08, 5.3547081636624814e-08]","[1.736147070552363e-08, 5.3547029588152384e-08]","[0.3969798459810824, -0.43655842828136526]",0.14884534348356393
3,3875,"[0.3789724905559255, 0.6613079231329007]","[0.20033155121842627, 0.8577591891930944]","[0.5774624135464668, 0.443028708992218]","[1.7292135746062428e-08, 5.333289348486593e-08]","[1.729202425693188e-08, 5.333284136543881e-08]","[0.3969798459810825, -0.43655842828136526]",0.14884534351323558
3,3876,"[0.37897249052134124, 0.6613079230262349]","[0.20033155121842627, 0.8577591891930944]","[0.5774624135118824, 0.4430287088855522]","[1.722296719860194e-08, 5.3119561969222325e-08]","[1.72228558081855e-08, 5.311950990183334e-08]","[0.3969798459810824, -0.4365584282813654]",0.1488453435427885
3,3877,"[0.3789724904868953, 0.6613079229199957]","[0.20033155121842627, 0.8577591891930944]","[0.5774624134774364, 0.443028708779313]","[1.7154075327600243e-08, 5.290708373955296e-08]","[1.7153963971505704e-08, 5.2907031700133444e-08]","[0.39697984598108227, -0.4365584282813655]",0.14884534357222323
3,3878,"[0.37897249045258713, 0.6613079228141816]","[0.20033155121842627, 0.8577591891930944]","[0.5774624134431283, 0.4430287086734988]","[1.7085459141769805e-08, 5.2695455547034106e-08]","[1.7085347581158317e-08, 5.2695403540692354e-08]","[0.3969798459810824, -0.4365584282813656]",0.14884534360154023
3,3879,"[0.3789724904184162, 0.6613079227087907]","[0.20033155121842627, 0.8577591891930944]","[0.5774624134089574, 0.4430287085681079]","[1.7017117281395916e-08, 5.2484673804769684e-08]","[1.7017005582431466e-08, 5.2484621704262935e-08]","[0.3969798459810825, -0.4365584282813656]",0.14884534363073992
3,3880,"[0.37897249038438197, 0.6613079226038213]","[0.20033155121842627, 0.8577591891930944]","[0.5774624133749231, 0.44302870846313847]","[1.6949048800456475e-08, 5.227473513654081e-08]","[1.6948937309191336e-08, 5.227468308222072e-08]","[0.39697984598108227, -0.4365584282813657]",0.14884534365982288
3,3881,"[0.37897249035048386, 0.6613079224992718]","[0.20033155121842627, 0.8577591891930944]","[0.577462413341025, 0.443028708358589]","[1.6881252690436485e-08, 5.20656362340972e-08]","[1.688114109610339e-08, 5.2065584121852027e-08]","[0.39697984598108227, -0.4365584282813657]",0.14884534368878943
3,3882,"[0.37897249031672137, 0.6613079223951406]","[0.20033155121842627, 0.8577591891930944]","[0.5774624133072626, 0.4430287082544577]","[1.681372784908435e-08, 5.1857373761591446e-08]","[1.681361605498921e-08, 5.185732160351009e-08]","[0.3969798459810824, -0.4365584282813657]",0.14884534371764013
3,3883,"[0.37897249028309393, 0.6613079222914259]","[0.20033155121842627, 0.8577591891930944]","[0.5774624132736351, 0.443028708150743]","[1.674647304900005e-08, 5.164994437697845e-08]","[1.6746361186648073e-08, 5.1649892196525826e-08]","[0.3969798459810824, -0.4365584282813657]",0.14884534374637542
3,3884,"[0.378972490249601, 0.661307922188126]","[0.20033155121842627, 0.8577591891930944]","[0.577462413240142, 0.4430287080474431]","[1.667948716961479e-08, 5.144334458165075e-08]","[1.6679375602901558e-08, 5.1443292348185565e-08]","[0.39697984598108205, -0.4365584282813657]",0.14884534377499575
3,3885,"[0.378972490216242, 0.6613079220852393]","[0.20033155121842627, 0.8577591891930944]","[0.577462413206783, 0.44302870794455634]","[1.6612769337930803e-08, 5.123757125790709e-08]","[1.661265763841513e-08, 5.123751906088714e-08]","[0.39697984598108205, -0.4365584282813658]",0.14884534380350167
3,3886,"[0.3789724901830165, 0.6613079219827641]","[0.20033155121842627, 0.8577591891930944]","[0.5774624131735575, 0.44302870784208115]","[1.654631834932033e-08, 5.1032621033815216e-08]","[1.654620657154382e-08, 5.103256889293917e-08]","[0.39697984598108205, -0.43655842828136593]",0.14884534383189357
3,3887,"[0.37897249014992385, 0.6613079218806989]","[0.20033155121842627, 0.8577591891930944]","[0.5774624131404649, 0.4430287077400159]","[1.6480133203672042e-08, 5.082849060038261e-08]","[1.6480021292064606e-08, 5.082843840265028e-08]","[0.39697984598108205, -0.43655842828136593]",0.14884534386017184
3,3888,"[0.3789724901169636, 0.6613079217790419]","[0.20033155121842627, 0.8577591891930944]","[0.5774624131075046, 0.4430287076383589]","[1.641421277983441e-08, 5.0625176632760076e-08]","[1.6414100911799068e-08, 5.06251243703737e-08]","[0.39697984598108194, -0.43655842828136593]",0.14884534388833703
3,3889,"[0.3789724900841352, 0.6613079216777915]","[0.20033155121842627, 0.8577591891930944]","[0.5774624130746762, 0.44302870753710855]","[1.634855607705656e-08, 5.042267601279659e-08]","[1.6348444098479575e-08, 5.042262368748496e-08]","[0.39697984598108194, -0.43655842828136593]",0.14884534391638954
3,3890,"[0.37897249005143807, 0.6613079215769462]","[0.20033155121842627, 0.8577591891930944]","[0.577462413041979, 0.4430287074362632]","[1.6283161932655947e-08, 5.022098539023632e-08]","[1.628304996392771e-08, 5.0220933023314984e-08]","[0.3969798459810818, -0.43655842828136593]",0.1488453439443298
3,3891,"[0.37897249001887173, 0.6613079214765042]","[0.20033155121842627, 0.8577591891930944]","[0.5774624130094126, 0.4430287073358212]","[1.6218029316775307e-08, 5.0020101483993564e-08]","[1.6217917342409294e-08, 5.0020049047194703e-08]","[0.3969798459810817, -0.43655842828136593]",0.14884534397215834
3,3892,"[0.3789724899864357, 0.661307921376464]","[0.20033155121842627, 0.8577591891930944]","[0.5774624129769765, 0.443028707235781]","[1.6153157299362004e-08, 4.982002116064876e-08]","[1.6153045234723606e-08, 4.9819968650499646e-08]","[0.3969798459810817, -0.43655842828136593]",0.14884534399987553
3,3893,"[0.37897248995412935, 0.6613079212768239]","[0.20033155121842627, 0.8577591891930944]","[0.5774624129446702, 0.4430287071361409]","[1.6088544724866768e-08, 4.962074097458446e-08]","[1.6088432697181076e-08, 4.962068855807189e-08]","[0.3969798459810816, -0.43655842828136604]",0.14884534402748198
3,3894,"[0.37897248992195226, 0.6613079211775824]","[0.20033155121842627, 0.8577591891930944]","[0.577462412912493, 0.4430287070368994]","[1.602419065943289e-08, 4.9422258029486594e-08]","[1.602407861955868e-08, 4.9422205550264664e-08]","[0.3969798459810815, -0.43655842828136604]",0.14884534405497787
3,3895,"[0.3789724898899039, 0.6613079210787379]","[0.20033155121842627, 0.8577591891930944]","[0.5774624128804446, 0.44302870693805485]","[1.596009402592726e-08, 4.9224569107313354e-08]","[1.595998189163339e-08, 4.922451668498695e-08]","[0.3969798459810815, -0.43655842828136615]",0.14884534408236388
3,3896,"[0.3789724898579837, 0.6613079209802888]","[0.20033155121842627, 0.8577591891930944]","[0.5774624128485244, 0.4430287068396057]","[1.5896253725805403e-08, 4.9027670901940245e-08]","[1.589614162522679e-08, 4.9027618409525076e-08]","[0.3969798459810814, -0.43655842828136615]",0.14884534410964023
3,3897,"[0.3789724898261912, 0.6613079208822334]","[0.20033155121842627, 0.8577591891930944]","[0.5774624128167318, 0.44302870674155037]","[1.5832668813208616e-08, 4.883156028126319e-08]","[1.5832556710115853e-08, 4.883150772627687e-08]","[0.39697984598108127, -0.43655842828136615]",0.1488453441368075
3,3898,"[0.37897248979452586, 0.6613079207845703]","[0.20033155121842627, 0.8577591891930944]","[0.5774624127850665, 0.44302870664388727]","[1.5769338229633867e-08, 4.863623411902102e-08]","[1.5769226036077555e-08, 4.863618152661786e-08]","[0.39697984598108127, -0.43655842828136615]",0.14884534416386613
3,3899,"[0.3789724897629872, 0.6613079206872978]","[0.20033155121842627, 0.8577591891930944]","[0.5774624127535278, 0.44302870654661475]","[1.570626102019182e-08, 4.8441689104092496e-08]","[1.5706148714933477e-08, 4.844163647987898e-08]","[0.39697984598108127, -0.43655842828136615]",0.14884534419081658
3,3900,"[0.37897248973157466, 0.6613079205904144]","[0.20033155121842627, 0.8577591891930944]","[0.5774624127221153, 0.44302870644973136]","[1.5643436003849153e-08, 4.82479223533914e-08]","[1.5643323636460593e-08, 4.824786969948036e-08]","[0.39697984598108127, -0.43655842828136615]",0.14884534421765921
3,3901,"[0.3789724897002878, 0.6613079204939186]","[0.20033155121842627, 0.8577591891930944]","[0.5774624126908284, 0.44302870635323555]","[1.5580862369660426e-08, 4.805493077757567e-08]","[1.5580749912480485e-08, 4.8054878076797536e-08]","[0.39697984598108127, -0.43655842828136615]",0.1488453442443944
3,3902,"[0.37897248966912606, 0.6613079203978087]","[0.20033155121842627, 0.8577591891930944]","[0.5774624126596667, 0.44302870625712565]","[1.5518538934104824e-08, 4.7862711046269665e-08]","[1.5518426432770127e-08, 4.786265828116143e-08]","[0.39697984598108127, -0.43655842828136615]",0.1488453442710227
3,3903,"[0.378972489638089, 0.6613079203020833]","[0.20033155121842627, 0.8577591891930944]","[0.5774624126286296, 0.4430287061614002]","[1.5456464885344865e-08, 4.767126021499772e-08]","[1.54563523091511e-08, 4.767120742599218e-08]","[0.39697984598108127, -0.43655842828136615]",0.14884534429754448
3,3904,"[0.37897248960717606, 0.6613079202067408]","[0.20033155121842627, 0.8577591891930944]","[0.5774624125977167, 0.4430287060660577]","[1.5394639076320607e-08, 4.748057522822109e-08]","[1.539452643140038e-08, 4.7480522402665315e-08]","[0.39697984598108127, -0.43655842828136615]",0.14884534432396015
3,3905,"[0.3789724895763868, 0.6613079201117796]","[0.20033155121842627, 0.8577591891930944]","[0.5774624125669274, 0.44302870597109656]","[1.533306058991752e-08, 4.72906529490075e-08]","[1.5332947911339545e-08, 4.729060010255637e-08]","[0.39697984598108127, -0.43655842828136615]",0.1488453443502702
3,3906,"[0.37897248954572066, 0.6613079200171983]","[0.20033155121842627, 0.8577591891930944]","[0.5774624125362613, 0.4430287058765152]","[1.527172834760386e-08, 4.7101490300898605e-08]","[1.5271615638745573e-08, 4.710143741704087e-08]","[0.39697984598108127, -0.43655842828136615]",0.148845344376475
3,3907,"[0.3789724895151772, 0.6613079199229953]","[0.20033155121842627, 0.8577591891930944]","[0.5774624125057178, 0.44302870578231224]","[1.5210641503079292e-08, 4.69130843624814e-08]","[1.5210528725440042e-08, 4.6913031459538956e-08]","[0.39697984598108127, -0.43655842828136615]",0.14884534440257496
3,3908,"[0.3789724894847559, 0.6613079198291691]","[0.20033155121842627, 0.8577591891930944]","[0.5774624124752965, 0.44302870568848607]","[1.5149798934254076e-08, 4.672543207834933e-08]","[1.5149686227733383e-08, 4.672537912142616e-08]","[0.39697984598108116, -0.43655842828136615]",0.1488453444285705
3,3909,"[0.37897248945445633, 0.6613079197357182]","[0.20033155121842627, 0.8577591891930944]","[0.577462412444997, 0.44302870559503515]","[1.50891998894643e-08, 4.653853023140035e-08]","[1.508908697989142e-08, 4.653847729407801e-08]","[0.39697984598108127, -0.43655842828136615]",0.14884534445446213
3,3910,"[0.3789724894242779, 0.6613079196426411]","[0.20033155121842627, 0.8577591891930944]","[0.5774624124148185, 0.44302870550195805]","[1.5028843058956787e-08, 4.635237605356602e-08]","[1.5028730149246883e-08, 4.635232309091464e-08]","[0.39697984598108127, -0.43655842828136615]",0.14884534448025016
3,3911,"[0.37897248939422024, 0.6613079195499364]","[0.20033155121842627, 0.8577591891930944]","[0.5774624123847609, 0.4430287054092533]","[1.4968727732350538e-08, 4.616696660372313e-08]","[1.49686146810879e-08, 4.616691362535619e-08]","[0.3969798459810814, -0.43655842828136615]",0.14884534450593506
3,3912,"[0.3789724893642828, 0.6613079194576025]","[0.20033155121842627, 0.8577591891930944]","[0.5774624123548235, 0.4430287053169194]","[1.4908852904704013e-08, 4.5982298782426724e-08]","[1.490873968723605e-08, 4.5982245788778187e-08]","[0.3969798459810815, -0.43655842828136615]",0.1488453445315172
3,3913,"[0.3789724893344651, 0.6613079193656379]","[0.20033155121842627, 0.8577591891930944]","[0.5774624123250058, 0.44302870522495486]","[1.4849217498580321e-08, 4.579836972293586e-08]","[1.4849104279512915e-08, 4.579831669460077e-08]","[0.3969798459810815, -0.43655842828136615]",0.148845344556997
3,3914,"[0.3789724893047667, 0.6613079192740412]","[0.20033155121842627, 0.8577591891930944]","[0.5774624122953074, 0.44302870513335807]","[1.478982068405612e-08, 4.561517629509866e-08]","[1.4789707569740074e-08, 4.5615123345221775e-08]","[0.3969798459810814, -0.43655842828136626]",0.14884534458237486
3,3915,"[0.37897248927518706, 0.6613079191828108]","[0.20033155121842627, 0.8577591891930944]","[0.5774624122657277, 0.44302870504212766]","[1.4730661518716102e-08, 4.543271562505991e-08]","[1.4730548447694503e-08, 4.543266274303903e-08]","[0.39697984598108127, -0.4365584282813664]",0.14884534460765125
3,3916,"[0.37897248924572574, 0.6613079190919454]","[0.20033155121842627, 0.8577591891930944]","[0.5774624122362664, 0.44302870495126223]","[1.4671738916360046e-08, 4.525098484195428e-08]","[1.4671625803153177e-08, 4.5250931890450374e-08]","[0.39697984598108127, -0.4365584282813664]",0.1488453446328265
3,3917,"[0.37897248921638227, 0.6613079190014435]","[0.20033155121842627, 0.8577591891930944]","[0.577462412206923, 0.4430287048607603]","[1.4613052011113375e-08, 4.5069980992966374e-08]","[1.4612938747937676e-08, 4.506992801189824e-08]","[0.3969798459810814, -0.4365584282813664]",0.14884534465790106
3,3918,"[0.37897248918715615, 0.6613079189113035]","[0.20033155121842627, 0.8577591891930944]","[0.5774624121776968, 0.4430287047706203]","[1.4554599825826668e-08, 4.488970100282406e-08]","[1.4554486615914186e-08, 4.4889647998758164e-08]","[0.39697984598108127, -0.4365584282813664]",0.1488453446828753
3,3919,"[0.37897248915804693, 0.6613079188215241]","[0.20033155121842627, 0.8577591891930944]","[0.5774624121485876, 0.4430287046808408]","[1.4496381441931802e-08, 4.471014221253635e-08]","[1.4496268074815077e-08, 4.4710089297517186e-08]","[0.3969798459810814, -0.4365584282813665]",0.14884534470774974
3,3920,"[0.3789724891290542, 0.6613079187321038]","[0.20033155121842627, 0.8577591891930944]","[0.5774624121195948, 0.4430287045914206]","[1.443839595630169e-08, 4.4531301795030495e-08]","[1.443828268055114e-08, 4.453124879955084e-08]","[0.39697984598108127, -0.4365584282813665]",0.1488453447325246
3,3921,"[0.3789724891001774, 0.6613079186430412]","[0.20033155121842627, 0.8577591891930944]","[0.577462412090718, 0.4430287045023579]","[1.4380642457694225e-08, 4.435317648454241e-08]","[1.4380529100854744e-08, 4.4353123562768104e-08]","[0.39697984598108127, -0.4365584282813666]",0.1488453447572004
3,3922,"[0.3789724890714161, 0.6613079185543348]","[0.20033155121842627, 0.8577591891930944]","[0.5774624120619567, 0.4430287044136515]","[1.432311993208911e-08, 4.4175763799618986e-08]","[1.4323006614080924e-08, 4.4175710811611424e-08]","[0.39697984598108116, -0.4365584282813666]",0.14884534478177747
3,3923,"[0.37897248904276987, 0.6613079184659832]","[0.20033155121842627, 0.8577591891930944]","[0.5774624120333105, 0.44302870432529995]","[1.426582750127931e-08, 4.399906072089466e-08]","[1.4265714054495504e-08, 4.3999007715012084e-08]","[0.39697984598108127, -0.4365584282813666]",0.14884534480625622
3,3924,"[0.3789724890142382, 0.6613079183779851]","[0.20033155121842627, 0.8577591891930944]","[0.5774624120047787, 0.4430287042373018]","[1.4208764111788772e-08, 4.382306444104014e-08]","[1.4208650978009274e-08, 4.382301138639022e-08]","[0.39697984598108094, -0.4365584282813666]",0.148845344830637
3,3925,"[0.37897248898582064, 0.661307918290339]","[0.20033155121842627, 0.8577591891930944]","[0.5774624119763612, 0.44302870414965567]","[1.4151929142051907e-08, 4.364777222513775e-08]","[1.4151815774798848e-08, 4.3647719161210574e-08]","[0.39697984598108105, -0.4365584282813666]",0.14884534485492035
3,3926,"[0.3789724889575168, 0.6613079182030435]","[0.20033155121842627, 0.8577591891930944]","[0.5774624119480574, 0.44302870406236017]","[1.4095321469189143e-08, 4.347318127175168e-08]","[1.4095207945263866e-08, 4.347312815289328e-08]","[0.39697984598108116, -0.4365584282813666]",0.14884534487910656
3,3927,"[0.37897248892932617, 0.6613079181160971]","[0.20033155121842627, 0.8577591891930944]","[0.5774624119198668, 0.4430287039754138]","[1.4038940351166966e-08, 4.3299288613436105e-08]","[1.4038826656737058e-08, 4.329923558588078e-08]","[0.39697984598108127, -0.4365584282813667]",0.148845344903196
3,3928,"[0.3789724889012483, 0.6613079180294985]","[0.20033155121842627, 0.8577591891930944]","[0.5774624118917889, 0.4430287038888151]","[1.3982784651421765e-08, 4.312609145287287e-08]","[1.3982670910017703e-08, 4.3126038462570904e-08]","[0.39697984598108127, -0.4365584282813668]",0.1488453449271891
3,3929,"[0.3789724888732827, 0.6613079179432463]","[0.20033155121842627, 0.8577591891930944]","[0.5774624118638234, 0.4430287038025629]","[1.392685348602186e-08, 4.295358706565428e-08]","[1.3926739650393927e-08, 4.295353400740609e-08]","[0.3969798459810814, -0.4365584282813668]",0.14884534495108626
3,3930,"[0.378972488845429, 0.6613079178573391]","[0.20033155121842627, 0.8577591891930944]","[0.5774624118359696, 0.4430287037166557]","[1.3871146017869324e-08, 4.278177276123443e-08]","[1.3871032378265369e-08, 4.2781719666873386e-08]","[0.39697984598108116, -0.4365584282813668]",0.14884534497488777
3,3931,"[0.3789724888176867, 0.6613079177717756]","[0.20033155121842627, 0.8577591891930944]","[0.5774624118082272, 0.44302870363109215]","[1.3815661484833247e-08, 4.261064569393357e-08]","[1.3815547872386702e-08, 4.261059255439292e-08]","[0.39697984598108105, -0.4365584282813668]",0.1488453449985941
3,3932,"[0.37897248879005535, 0.6613079176865543]","[0.20033155121842627, 0.8577591891930944]","[0.5774624117805959, 0.44302870354587087]","[1.3760398857094195e-08, 4.244020316971425e-08]","[1.3760285189068355e-08, 4.2440150005429444e-08]","[0.39697984598108105, -0.4365584282813668]",0.14884534502220553
3,3933,"[0.37897248876253453, 0.6613079176016738]","[0.20033155121842627, 0.8577591891930944]","[0.5774624117530751, 0.44302870346099044]","[1.3705357263111445e-08, 4.227044232232502e-08]","[1.3705243440131909e-08, 4.2270389133403086e-08]","[0.39697984598108116, -0.4365584282813668]",0.1488453450457226
3,3934,"[0.3789724887351238, 0.6613079175171329]","[0.20033155121842627, 0.8577591891930944]","[0.5774624117256644, 0.4430287033764495]","[1.3650535812467225e-08, 4.210136050548862e-08]","[1.3650421959443548e-08, 4.210130727377859e-08]","[0.39697984598108116, -0.4365584282813668]",0.14884534506914557
3,3935,"[0.37897248870782274, 0.6613079174329302]","[0.20033155121842627, 0.8577591891930944]","[0.5774624116983633, 0.44302870329224675]","[1.3595933791302239e-08, 4.193295503309701e-08]","[1.3595819858824854e-08, 4.193290176202069e-08]","[0.39697984598108116, -0.4365584282813668]",0.14884534509247488
3,3936,"[0.3789724886806309, 0.6613079173490642]","[0.20033155121842627, 0.8577591891930944]","[0.5774624116711715, 0.4430287032083809]","[1.3541550171505023e-08, 4.176522324426185e-08]","[1.3541436083563951e-08, 4.1765169822571835e-08]","[0.39697984598108127, -0.4365584282813667]",0.14884534511571085
3,3937,"[0.37897248865354777, 0.6613079172655338]","[0.20033155121842627, 0.8577591891930944]","[0.5774624116440884, 0.44302870312485043]","[1.348738399635566e-08, 4.159816241941199e-08]","[1.3487269856504724e-08, 4.159810912396367e-08]","[0.39697984598108127, -0.4365584282813668]",0.1488453451388539
3,3938,"[0.378972488626573, 0.6613079171823375]","[0.20033155121842627, 0.8577591891930944]","[0.5774624116171136, 0.4430287030416541]","[1.3433434536736194e-08, 4.143176976753883e-08]","[1.3433320344979904e-08, 4.1431716446549416e-08]","[0.39697984598108127, -0.4365584282813668]",0.1488453451619043
3,3939,"[0.37897248859970617, 0.661307917099474]","[0.20033155121842627, 0.8577591891930944]","[0.5774624115902468, 0.4430287029587906]","[1.3379700866423484e-08, 4.1266042822924815e-08]","[1.3379586660811071e-08, 4.126598945886073e-08]","[0.39697984598108127, -0.4365584282813668]",0.1488453451848626
3,3940,"[0.37897248857294674, 0.6613079170169419]","[0.20033155121842627, 0.8577591891930944]","[0.5774624115634874, 0.4430287028762585]","[1.3326182029392773e-08, 4.110097865940541e-08]","[1.3326067693775201e-08, 4.1100925274317746e-08]","[0.3969798459810814, -0.4365584282813668]",0.14884534520772902
3,3941,"[0.3789724885462944, 0.66130791693474]","[0.20033155121842627, 0.8577591891930944]","[0.5774624115368351, 0.4430287027940566]","[1.3272877414138108e-08, 4.0936574869062164e-08]","[1.3272762999783083e-08, 4.093652145042981e-08]","[0.3969798459810814, -0.4365584282813668]",0.14884534523050394
3,3942,"[0.37897248851974863, 0.6613079168528668]","[0.20033155121842627, 0.8577591891930944]","[0.5774624115102892, 0.4430287027121834]","[1.3219785854213267e-08, 4.077282857454579e-08]","[1.3219671635145147e-08, 4.0772775100617054e-08]","[0.39697984598108116, -0.4365584282813668]",0.14884534525318777
3,3943,"[0.37897248849330906, 0.6613079167713212]","[0.20033155121842627, 0.8577591891930944]","[0.5774624114838496, 0.44302870263063776]","[1.3166906804711204e-08, 4.060973727611543e-08]","[1.316679260066067e-08, 4.060968378238883e-08]","[0.39697984598108105, -0.4365584282813668]",0.14884534527578092
3,3944,"[0.37897248846697523, 0.6613079166901017]","[0.20033155121842627, 0.8577591891930944]","[0.5774624114575158, 0.4430287025494183]","[1.3114239218139455e-08, 4.044729833705429e-08]","[1.3114124952640083e-08, 4.044724483120987e-08]","[0.39697984598108105, -0.4365584282813668]",0.14884534529828364
3,3945,"[0.37897248844074677, 0.6613079166092071]","[0.20033155121842627, 0.8577591891930944]","[0.5774624114312873, 0.44302870246852366]","[1.3061782338563794e-08, 4.0285509097757455e-08]","[1.3061668024949569e-08, 4.028545558254493e-08]","[0.39697984598108105, -0.4365584282813668]",0.14884534532069638
3,3946,"[0.3789724884146232, 0.6613079165286361]","[0.20033155121842627, 0.8577591891930944]","[0.5774624114051637, 0.44302870238795267]","[1.3009535282605225e-08, 4.01243671198849e-08]","[1.3009420929410709e-08, 4.012431359390334e-08]","[0.39697984598108105, -0.4365584282813668]",0.14884534534301946
3,3947,"[0.37897248838860415, 0.6613079164483874]","[0.20033155121842627, 0.8577591891930944]","[0.5774624113791447, 0.44302870230770397]","[1.2957497207112611e-08, 3.9963869736199316e-08]","[1.2957382777845083e-08, 3.9963816200749847e-08]","[0.39697984598108105, -0.4365584282813668]",0.14884534536525323
3,3948,"[0.37897248836268915, 0.6613079163684596]","[0.20033155121842627, 0.8577591891930944]","[0.5774624113532296, 0.44302870222777624]","[1.290566726826823e-08, 3.980401430047459e-08]","[1.2905552904118878e-08, 3.9803960738549193e-08]","[0.39697984598108094, -0.4365584282813668]",0.14884534538739808
3,3949,"[0.3789724883368778, 0.6613079162888517]","[0.20033155121842627, 0.8577591891930944]","[0.5774624113274183, 0.44302870214816825]","[1.2854044585161038e-08, 3.9644798364232866e-08]","[1.2853930198009067e-08, 3.9644744764810724e-08]","[0.39697984598108094, -0.4365584282813668]",0.14884534540945432
3,3950,"[0.3789724883111697, 0.6613079162095621]","[0.20033155121842627, 0.8577591891930944]","[0.5774624113017102, 0.4430287020688787]","[1.2802628465007818e-08, 3.948621923590505e-08]","[1.2802513993381837e-08, 3.948616561499918e-08]","[0.39697984598108094, -0.4365584282813668]",0.14884534543142233
3,3951,"[0.37897248828556446, 0.6613079161305897]","[0.20033155121842627, 0.8577591891930944]","[0.5774624112761049, 0.4430287019899063]","[1.2751418041314628e-08, 3.9328274468385855e-08]","[1.2751303624103372e-08, 3.932822084662391e-08]","[0.3969798459810808, -0.4365584282813668]",0.14884534545330247
3,3952,"[0.37897248826006164, 0.6613079160519332]","[0.20033155121842627, 0.8577591891930944]","[0.577462411250602, 0.4430287019112497]","[1.2700412460540698e-08, 3.917096145487521e-08]","[1.2700297979950648e-08, 3.917090790617195e-08]","[0.3969798459810808, -0.43655842828136693]",0.14884534547509515
3,3953,"[0.3789724882346608, 0.6613079159735913]","[0.20033155121842627, 0.8577591891930944]","[0.5774624112252011, 0.44302870183290777]","[1.264961081370632e-08, 3.901427774649555e-08]","[1.264949639478985e-08, 3.9014224240130346e-08]","[0.3969798459810807, -0.43655842828136704]",0.14884534549680065
3,3954,"[0.3789724882093616, 0.6613079158955627]","[0.20033155121842627, 0.8577591891930944]","[0.5774624111999019, 0.4430287017548792]","[1.2599012501584201e-08, 3.8858220624214545e-08]","[1.2598897980442558e-08, 3.885816707294154e-08]","[0.3969798459810807, -0.43655842828136704]",0.14884534551841933
3,3955,"[0.37897248818416357, 0.6613079158178463]","[0.20033155121842627, 0.8577591891930944]","[0.577462411174704, 0.4430287016771628]","[1.2548616539258045e-08, 3.870278787565521e-08]","[1.2548501848730353e-08, 3.8702734295181784e-08]","[0.3969798459810808, -0.43655842828136704]",0.1488453455399515
3,3956,"[0.3789724881590663, 0.6613079157404408]","[0.20033155121842627, 0.8577591891930944]","[0.5774624111496067, 0.4430287015997572]","[1.2498422055877109e-08, 3.85479768303327e-08]","[1.249830733351942e-08, 3.854792329782697e-08]","[0.3969798459810808, -0.43655842828136715]",0.14884534556139756
3,3957,"[0.3789724881340695, 0.6613079156633448]","[0.20033155121842627, 0.8577591891930944]","[0.5774624111246098, 0.44302870152266116]","[1.2448428409903156e-08, 3.839378489990822e-08]","[1.2448313768675945e-08, 3.8393731416341836e-08]","[0.3969798459810807, -0.43655842828136726]",0.14884534558275786
3,3958,"[0.3789724881091726, 0.6613079155865572]","[0.20033155121842627, 0.8577591891930944]","[0.577462411099713, 0.4430287014458736]","[1.2398634735346728e-08, 3.8240209816058396e-08]","[1.2398520043976902e-08, 3.824015626374688e-08]","[0.3969798459810807, -0.43655842828136726]",0.14884534560403268
3,3959,"[0.37897248808437534, 0.6613079155100768]","[0.20033155121842627, 0.8577591891930944]","[0.5774624110749157, 0.4430287013693932]","[1.2349040261488803e-08, 3.8087249099420094e-08]","[1.2348925493288476e-08, 3.808719550857376e-08]","[0.3969798459810807, -0.43655842828136726]",0.1488453456252224
3,3960,"[0.37897248805967726, 0.6613079154339023]","[0.20033155121842627, 0.8577591891930944]","[0.5774624110502176, 0.4430287012932187]","[1.2299644091170449e-08, 3.7934900112288335e-08]","[1.2299529394965703e-08, 3.79348464862872e-08]","[0.3969798459810806, -0.43655842828136726]",0.1488453456463274
3,3961,"[0.378972488035078, 0.6613079153580326]","[0.20033155121842627, 0.8577591891930944]","[0.5774624110256183, 0.4430287012173489]","[1.2250445659405592e-08, 3.778316063224504e-08]","[1.225033080531901e-08, 3.7783107087463463e-08]","[0.3969798459810807, -0.43655842828136737]",0.14884534566734794
3,3962,"[0.3789724880105771, 0.6613079152824662]","[0.20033155121842627, 0.8577591891930944]","[0.5774624110011175, 0.4430287011417825]","[1.220144391673289e-08, 3.7632028047651584e-08]","[1.2201328891681129e-08, 3.763197453654499e-08]","[0.3969798459810808, -0.4365584282813675]",0.14884534568828445
3,3963,"[0.3789724879861742, 0.6613079152072022]","[0.20033155121842627, 0.8577591891930944]","[0.5774624109767146, 0.4430287010665185]","[1.2152638189762725e-08, 3.7481500086378075e-08]","[1.2152523265474002e-08, 3.748144650206342e-08]","[0.3969798459810807, -0.4365584282813675]",0.14884534570913718
3,3964,"[0.37897248796186894, 0.6613079151322392]","[0.20033155121842627, 0.8577591891930944]","[0.5774624109524094, 0.44302870099155545]","[1.2104027668682326e-08, 3.7331574037194444e-08]","[1.210391259443e-08, 3.7331520430505805e-08]","[0.3969798459810808, -0.4365584282813675]",0.14884534572990651
3,3965,"[0.37897248793766086, 0.661307915057576]","[0.20033155121842627, 0.8577591891930944]","[0.5774624109282013, 0.4430287009168923]","[1.2055611558564451e-08, 3.718224778199999e-08]","[1.2055496434459911e-08, 3.718219410142609e-08]","[0.3969798459810808, -0.4365584282813675]",0.14884534575059277
3,3966,"[0.37897248791354965, 0.6613079149832115]","[0.20033155121842627, 0.8577591891930944]","[0.57746241090409, 0.44302870084252777]","[1.2007389158452143e-08, 3.7033518802097616e-08]","[1.2007274119429923e-08, 3.703346507233363e-08]","[0.3969798459810807, -0.4365584282813675]",0.14884534577119626
3,3967,"[0.37897248788953486, 0.6613079149091444]","[0.20033155121842627, 0.8577591891930944]","[0.5774624108800752, 0.4430287007684607]","[1.1959359627994821e-08, 3.688538465401023e-08]","[1.1959244539117009e-08, 3.6885330900737756e-08]","[0.3969798459810807, -0.4365584282813675]",0.14884534579171738
3,3968,"[0.37897248786561616, 0.6613079148353737]","[0.20033155121842627, 0.8577591891930944]","[0.5774624108561566, 0.4430287006946899]","[1.1911522304379816e-08, 3.673784314230934e-08]","[1.1911407027387355e-08, 3.673778936619243e-08]","[0.3969798459810808, -0.4365584282813675]",0.1488453458121564
3,3969,"[0.3789724878417931, 0.661307914761898]","[0.20033155121842627, 0.8577591891930944]","[0.5774624108323335, 0.44302870062121424]","[1.1863876209756415e-08, 3.659089184040698e-08]","[1.1863760918107147e-08, 3.6590838026206995e-08]","[0.3969798459810808, -0.4365584282813675]",0.14884534583251358
3,3970,"[0.37897248781806536, 0.6613079146887162]","[0.20033155121842627, 0.8577591891930944]","[0.5774624108086057, 0.44302870054803245]","[1.1816420735886976e-08, 3.644452827814917e-08]","[1.1816305545142569e-08, 3.64444744382908e-08]","[0.3969798459810807, -0.4365584282813675]",0.1488453458527894
3,3971,"[0.37897248779443254, 0.6613079146158272]","[0.20033155121842627, 0.8577591891930944]","[0.5774624107849728, 0.4430287004751434]","[1.1769155108119081e-08, 3.6298750245309185e-08]","[1.1769039964804051e-08, 3.6298696381997786e-08]","[0.3969798459810806, -0.4365584282813675]",0.1488453458729841
3,3972,"[0.3789724877708942, 0.6613079145432297]","[0.20033155121842627, 0.8577591891930944]","[0.5774624107614346, 0.44302870040254594]","[1.172207849441593e-08, 3.6153555301122014e-08]","[1.1721963233402022e-08, 3.615350141483731e-08]","[0.3969798459810807, -0.4365584282813675]",0.14884534589309803
3,3973,"[0.37897248774745007, 0.6613079144709225]","[0.20033155121842627, 0.8577591891930944]","[0.5774624107379904, 0.4430287003302388]","[1.1675190239720271e-08, 3.600894100340331e-08]","[1.1675074962358423e-08, 3.600888709431871e-08]","[0.3969798459810807, -0.4365584282813675]",0.14884534591313153
3,3974,"[0.3789724877240997, 0.6613079143989047]","[0.20033155121842627, 0.8577591891930944]","[0.57746241071464, 0.44302870025822094]","[1.1628489488430358e-08, 3.5864905347650356e-08]","[1.1628374263494834e-08, 3.5864851422040545e-08]","[0.3969798459810806, -0.4365584282813675]",0.14884534593308485
3,3975,"[0.37897248770084274, 0.6613079143271748]","[0.20033155121842627, 0.8577591891930944]","[0.577462410691383, 0.4430287001864911]","[1.1581975628580283e-08, 3.572144571252731e-08]","[1.1581860359655138e-08, 3.5721391733467556e-08]","[0.3969798459810806, -0.4365584282813675]",0.1488453459529584
3,3976,"[0.37897248767767877, 0.661307914255732]","[0.20033155121842627, 0.8577591891930944]","[0.5774624106682191, 0.44302870011504825]","[1.1535647772291746e-08, 3.55785600295733e-08]","[1.1535532362660916e-08, 3.55785060301983e-08]","[0.3969798459810807, -0.4365584282813675]",0.14884534597275242
3,3977,"[0.37897248765460745, 0.6613079141845749]","[0.20033155121842627, 0.8577591891930944]","[0.5774624106451478, 0.44302870004389117]","[1.1489505175276822e-08, 3.543624592210015e-08]","[1.1489389717400655e-08, 3.543619186974212e-08]","[0.3969798459810807, -0.4365584282813675]",0.14884534599246727
3,3978,"[0.37897248763162844, 0.6613079141137024]","[0.20033155121842627, 0.8577591891930944]","[0.5774624106221689, 0.44302869997301864]","[1.1443547216564013e-08, 3.529450091829577e-08]","[1.1443431591207087e-08, 3.529444680960836e-08]","[0.3969798459810808, -0.4365584282813675]",0.14884534601210328
3,3979,"[0.37897248760874136, 0.6613079140431134]","[0.20033155121842627, 0.8577591891930944]","[0.5774624105992818, 0.44302869990242966]","[1.1397773060908e-08, 3.5153323018305465e-08]","[1.1397657317946397e-08, 3.515326885139558e-08]","[0.39697984598108094, -0.4365584282813675]",0.14884534603166077
3,3980,"[0.3789724875859458, 0.6613079139728067]","[0.20033155121842627, 0.8577591891930944]","[0.5774624105764863, 0.443028699832123]","[1.1352181997858919e-08, 3.501270974216639e-08]","[1.135206623148477e-08, 3.5012655552613126e-08]","[0.39697984598108094, -0.4365584282813675]",0.14884534605114
3,3981,"[0.3789724875632415, 0.6613079139027813]","[0.20033155121842627, 0.8577591891930944]","[0.577462410553782, 0.4430286997620976]","[1.1306773318866941e-08, 3.4872658896925134e-08]","[1.1306657443643786e-08, 3.4872604692814946e-08]","[0.39697984598108105, -0.4365584282813675]",0.14884534607054134
3,3982,"[0.37897248754062796, 0.661307913833036]","[0.20033155121842627, 0.8577591891930944]","[0.5774624105311683, 0.44302869969235226]","[1.1261546256774239e-08, 3.4733168270161143e-08]","[1.1261430732378841e-08, 3.473311405155499e-08]","[0.3969798459810807, -0.4365584282813675]",0.148845346089865
3,3983,"[0.37897248751810486, 0.6613079137635697]","[0.20033155121842627, 0.8577591891930944]","[0.5774624105086452, 0.44302869962288594]","[1.1216500155168492e-08, 3.459423562404777e-08]","[1.12163845433777e-08, 3.4594181408387215e-08]","[0.3969798459810807, -0.4365584282813675]",0.1488453461091114
3,3984,"[0.37897248749567186, 0.6613079136943812]","[0.20033155121842627, 0.8577591891930944]","[0.5774624104862123, 0.4430286995536975]","[1.117163419588318e-08, 3.4455858768986956e-08]","[1.1171518432551153e-08, 3.4455804542865565e-08]","[0.3969798459810808, -0.4365584282813675]",0.14884534612828082
3,3985,"[0.37897248747332857, 0.6613079136254695]","[0.20033155121842627, 0.8577591891930944]","[0.577462410463869, 0.44302869948478574]","[1.1126947617996682e-08, 3.43180352710784e-08]","[1.1126831733765385e-08, 3.431798101249939e-08]","[0.39697984598108094, -0.4365584282813675]",0.1488453461473736
3,3986,"[0.37897248745107465, 0.6613079135568334]","[0.20033155121842627, 0.8577591891930944]","[0.5774624104416151, 0.44302869941614964]","[1.1082439731046273e-08, 3.418076309613516e-08]","[1.1082324002931188e-08, 3.418070881888724e-08]","[0.3969798459810808, -0.4365584282813675]",0.14884534616638995
3,3987,"[0.37897248742890977, 0.6613079134884718]","[0.20033155121842627, 0.8577591891930944]","[0.5774624104194501, 0.4430286993477881]","[1.10381100150158e-08, 3.4044040073083296e-08]","[1.103799435187014e-08, 3.404398574158307e-08]","[0.3969798459810807, -0.4365584282813675]",0.14884534618533027
3,3988,"[0.37897248740683354, 0.6613079134203838]","[0.20033155121842627, 0.8577591891930944]","[0.5774624103973739, 0.4430286992797]","[1.0993957620201212e-08, 3.390786393096464e-08]","[1.0993841892403822e-08, 3.3907809560140834e-08]","[0.3969798459810807, -0.4365584282813675]",0.1488453462041948
3,3989,"[0.3789724873848456, 0.661307913352568]","[0.20033155121842627, 0.8577591891930944]","[0.577462410375386, 0.44302869921188426]","[1.0949981855473608e-08, 3.3772232422803345e-08]","[1.094986595839842e-08, 3.377217805411448e-08]","[0.3969798459810808, -0.4365584282813675]",0.1488453462229839
3,3990,"[0.37897248736294564, 0.6613079132850236]","[0.20033155121842627, 0.8577591891930944]","[0.577462410353486, 0.44302869914433984]","[1.090618185474302e-08, 3.3637143607782544e-08]","[1.0906066105764722e-08, 3.3637089225102557e-08]","[0.3969798459810807, -0.4365584282813675]",0.14884534624169782
3,3991,"[0.37897248734113326, 0.6613079132177493]","[0.20033155121842627, 0.8577591891930944]","[0.5774624103316737, 0.44302869907706555]","[1.0862557137801167e-08, 3.350259504916972e-08]","[1.0862441224279706e-08, 3.350254063061442e-08]","[0.3969798459810808, -0.4365584282813675]",0.14884534626033685
3,3992,"[0.37897248731940814, 0.6613079131507441]","[0.20033155121842627, 0.8577591891930944]","[0.5774624103099484, 0.44302869901006037]","[1.0819106835877826e-08, 3.336858472781997e-08]","[1.081899125843222e-08, 3.336853027224862e-08]","[0.3969798459810805, -0.4365584282813675]",0.14884534627890134
3,3993,"[0.37897248729776994, 0.6613079130840069]","[0.20033155121842627, 0.8577591891930944]","[0.5774624102883101, 0.4430286989433232]","[1.0775830547812234e-08, 3.323511041716383e-08]","[1.0775714986976936e-08, 3.323505592955911e-08]","[0.3969798459810804, -0.4365584282813675]",0.1488453462973916
3,3994,"[0.3789724872762183, 0.6613079130175367]","[0.20033155121842627, 0.8577591891930944]","[0.5774624102667585, 0.4430286988768529]","[1.073272730692666e-08, 3.310216986267333e-08]","[1.073261168826889e-08, 3.310211538209984e-08]","[0.3969798459810804, -0.4365584282813675]",0.14884534631580792
3,3995,"[0.37897248725475285, 0.6613079129513323]","[0.20033155121842627, 0.8577591891930944]","[0.577462410245293, 0.44302869881064855]","[1.0689796470564032e-08, 3.296976111906626e-08]","[1.0689680918218869e-08, 3.2969706631469364e-08]","[0.39697984598108027, -0.4365584282813675]",0.14884534633415056
3,3996,"[0.37897248723337323, 0.6613079128853928]","[0.20033155121842627, 0.8577591891930944]","[0.5774624102239134, 0.44302869874470907]","[1.0647037285153828e-08, 3.283788217794706e-08]","[1.064692156660385e-08, 3.283782767926624e-08]","[0.3969798459810804, -0.4365584282813675]",0.14884534635241983
3,3997,"[0.37897248721207916, 0.661307912819717]","[0.20033155121842627, 0.8577591891930944]","[0.5774624102026193, 0.4430286986790333]","[1.0604449160398322e-08, 3.270653059487303e-08]","[1.060433341137923e-08, 3.2706476082999814e-08]","[0.3969798459810804, -0.4365584282813675]",0.14884534637061603
3,3998,"[0.37897248719087023, 0.661307912754304]","[0.20033155121842627, 0.8577591891930944]","[0.5774624101814104, 0.44302869861362026]","[1.0562031342358462e-08, 3.257570462993082e-08]","[1.0561915564366586e-08, 3.2575650066313244e-08]","[0.3969798459810804, -0.4365584282813675]",0.14884534638873942
3,3999,"[0.3789724871697462, 0.6613079126891526]","[0.20033155121842627, 0.8577591891930944]","[0.5774624101602863, 0.4430286985484688]","[1.0519783279355151e-08, 3.244540178790971e-08]","[1.051966758147671e-08, 3.244534718671588e-08]","[0.39697984598108027, -0.4365584282813675]",0.1488453464067903
3,4000,"[0.3789724871487066, 0.6613079126242618]","[0.20033155121842627, 0.8577591891930944]","[0.5774624101392467, 0.443028698483578]","[1.0477704243783341e-08, 3.231562026242683e-08]","[1.0477588574531183e-08, 3.231556577887318e-08]","[0.39697984598108016, -0.4365584282813676]",0.148845346424769
3,4001,"[0.3789724871277512, 0.6613079125596306]","[0.20033155121842627, 0.8577591891930944]","[0.5774624101182912, 0.44302869841894676]","[1.0435793445882205e-08, 3.2186357890515045e-08]","[1.0435677821885037e-08, 3.218630345580564e-08]","[0.39697984598108005, -0.4365584282813677]",0.14884534644267577
3,4002,"[0.37897248710687964, 0.6613079124952579]","[0.20033155121842627, 0.8577591891930944]","[0.5774624100974197, 0.443028698354574]","[1.0394050409739914e-08, 3.205761247020221e-08]","[1.0393934601893307e-08, 3.2057558108089523e-08]","[0.39697984598108016, -0.4365584282813678]",0.14884534646051095
3,4003,"[0.37897248708609155, 0.6613079124311426]","[0.20033155121842627, 0.8577591891930944]","[0.5774624100766317, 0.4430286982904587]","[1.0352474261823404e-08, 3.1929382015119555e-08]","[1.0352358303933329e-08, 3.192932757078992e-08]","[0.39697984598108027, -0.4365584282813678]",0.14884534647827483
3,4004,"[0.3789724870653866, 0.6613079123672838]","[0.20033155121842627, 0.8577591891930944]","[0.5774624100559267, 0.4430286982265999]","[1.031106440286529e-08, 3.180166443456204e-08]","[1.0310948539427045e-08, 3.18016099565277e-08]","[0.39697984598108016, -0.4365584282813678]",0.1488453464959676
3,4005,"[0.3789724870447645, 0.6613079123036805]","[0.20033155121842627, 0.8577591891930944]","[0.5774624100353045, 0.4430286981629965]","[1.0269820189930751e-08, 3.16744577703054e-08]","[1.0269704364684884e-08, 3.167440337792371e-08]","[0.39697984598108005, -0.4365584282813679]",0.1488453465135896
3,4006,"[0.37897248702422487, 0.6613079122403316]","[0.20033155121842627, 0.8577591891930944]","[0.577462410014765, 0.4430286980996476]","[1.0228741046354803e-08, 3.1547760049189707e-08]","[1.022862505806188e-08, 3.154770561453191e-08]","[0.39697984598108016, -0.4365584282813679]",0.14884534653114112
3,4007,"[0.3789724870037674, 0.6613079121772361]","[0.20033155121842627, 0.8577591891930944]","[0.5774624099943075, 0.4430286980365521]","[1.0187826119320551e-08, 3.142156902108703e-08]","[1.0187710008935369e-08, 3.142151455692854e-08]","[0.39697984598108027, -0.4365584282813679]",0.14884534654862247
3,4008,"[0.37897248698339175, 0.6613079121143929]","[0.20033155121842627, 0.8577591891930944]","[0.5774624099739318, 0.4430286979737089]","[1.0147074819598657e-08, 3.129588269758362e-08]","[1.0146958828727293e-08, 3.129582820671217e-08]","[0.39697984598108016, -0.4365584282813679]",0.14884534656603382
3,4009,"[0.3789724869630976, 0.6613079120518011]","[0.20033155121842627, 0.8577591891930944]","[0.5774624099536376, 0.4430286979111171]","[1.0106486517583002e-08, 3.117069907896844e-08]","[1.010637057374808e-08, 3.1170644565481354e-08]","[0.39697984598108005, -0.4365584282813679]",0.14884534658337556
3,4010,"[0.3789724869428846, 0.6613079119894597]","[0.20033155121842627, 0.8577591891930944]","[0.5774624099334247, 0.44302869784877574]","[1.0066060660878943e-08, 3.104601639235579e-08]","[1.0065944522352765e-08, 3.1045961856879245e-08]","[0.39697984598108016, -0.4365584282813679]",0.1488453466006479
3,4011,"[0.3789724869227525, 0.6613079119273677]","[0.20033155121842627, 0.8577591891930944]","[0.5774624099132926, 0.44302869778668375]","[1.0025796493103591e-08, 3.092183243637241e-08]","[1.002568028596329e-08, 3.09217778604598e-08]","[0.39697984598108016, -0.4365584282813679]",0.14884534661785118
3,4012,"[0.3789724869027009, 0.6613079118655241]","[0.20033155121842627, 0.8577591891930944]","[0.577462409893241, 0.4430286977248401]","[9.985693339221461e-09, 3.079814518803221e-08]","[9.985577031912385e-09, 3.079809057782157e-08]","[0.39697984598108027, -0.4365584282813679]",0.14884534663498566
3,4013,"[0.3789724868827295, 0.6613079118039278]","[0.20033155121842627, 0.8577591891930944]","[0.5774624098732697, 0.4430286976632438]","[9.945750510518065e-09, 3.067495261553217e-08]","[9.945634094066236e-09, 3.067489801056311e-08]","[0.3969798459810804, -0.4365584282813679]",0.14884534665205162
3,4014,"[0.378972486862838, 0.6613079117425779]","[0.20033155121842627, 0.8577591891930944]","[0.5774624098533783, 0.4430286976018939]","[9.905967543101838e-09, 3.0552252758330805e-08]","[9.905851028335633e-09, 3.0552198160282984e-08]","[0.3969798459810805, -0.4365584282813679]",0.1488453466690493
3,4015,"[0.3789724868430261, 0.6613079116814734]","[0.20033155121842627, 0.8577591891930944]","[0.5774624098335662, 0.44302869754078944]","[9.866343670906087e-09, 3.043004387948636e-08]","[9.866227390631366e-09, 3.0429989250624345e-08]","[0.39697984598108027, -0.4365584282813679]",0.14884534668597893
3,4016,"[0.37897248682329343, 0.6613079116206133]","[0.20033155121842627, 0.8577591891930944]","[0.5774624098138336, 0.44302869747992935]","[9.826878426673923e-09, 3.0308323721778635e-08]","[9.82676207073041e-09, 3.0308269061141146e-08]","[0.39697984598108027, -0.4365584282813679]",0.14884534670284089
3,4017,"[0.37897248680363965, 0.6613079115599967]","[0.20033155121842627, 0.8577591891930944]","[0.5774624097941796, 0.4430286974193127]","[9.787570811168366e-09, 3.0187090491273954e-08]","[9.78745479107701e-09, 3.018703581547655e-08]","[0.39697984598107994, -0.4365584282813679]",0.1488453467196353
3,4018,"[0.37897248678406453, 0.6613079114996225]","[0.20033155121842627, 0.8577591891930944]","[0.5774624097746045, 0.4430286973589386]","[9.748420645617675e-09, 3.0066342201773163e-08]","[9.748304552470444e-09, 3.0066287515229106e-08]","[0.39697984598107994, -0.4365584282813679]",0.14884534673636265
3,4019,"[0.3789724867645677, 0.6613079114394899]","[0.20033155121842627, 0.8577591891930944]","[0.5774624097551077, 0.4430286972988059]","[9.709427009564486e-09, 2.99460768602665e-08]","[9.709310855310349e-09, 2.9946022161997377e-08]","[0.39697984598107994, -0.4365584282813679]",0.14884534675302305
3,4020,"[0.37897248674514883, 0.6613079113795977]","[0.20033155121842627, 0.8577591891930944]","[0.5774624097356889, 0.4430286972389137]","[9.670589355867511e-09, 2.982629242579012e-08]","[9.670473033462912e-09, 2.9826237757379914e-08]","[0.39697984598108005, -0.4365584282813679]",0.14884534676961686
3,4021,"[0.37897248672580763, 0.661307911319945]","[0.20033155121842627, 0.8577591891930944]","[0.5774624097163477, 0.443028697179261]","[9.631907001548801e-09, 2.9706987195866177e-08]","[9.631790642838922e-09, 2.9706932636042183e-08]","[0.39697984598108005, -0.43655842828136804]",0.14884534678614428
3,4022,"[0.3789724867065438, 0.661307911260531]","[0.20033155121842627, 0.8577591891930944]","[0.5774624096970838, 0.44302869711984694]","[9.593379410553162e-09, 2.9588159199456434e-08]","[9.593263017304565e-09, 2.9588104688560435e-08]","[0.39697984598108005, -0.43655842828136815]",0.14884534680260564
3,4023,"[0.37897248668735706, 0.6613079112013547]","[0.20033155121842627, 0.8577591891930944]","[0.5774624096778971, 0.4430286970606706]","[9.555005913470943e-09, 2.9469806578619823e-08]","[9.554889490726026e-09, 2.946975202755553e-08]","[0.39697984598108005, -0.43655842828136815]",0.14884534681900108
3,4024,"[0.37897248666824707, 0.661307911142415]","[0.20033155121842627, 0.8577591891930944]","[0.577462409658787, 0.443028697001731]","[9.516785992443417e-09, 2.935192733900484e-08]","[9.516669619014095e-09, 2.9351872765648324e-08]","[0.39697984598107994, -0.43655842828136815]",0.14884534683533093
3,4025,"[0.3789724866492135, 0.6613079110837112]","[0.20033155121842627, 0.8577591891930944]","[0.5774624096397535, 0.44302869694302716]","[9.478718938861767e-09, 2.9234519719635747e-08]","[9.478602513990353e-09, 2.923446512648198e-08]","[0.39697984598107994, -0.43655842828136815]",0.14884534685159545
3,4026,"[0.37897248663025607, 0.6613079110252422]","[0.20033155121842627, 0.8577591891930944]","[0.5774624096207961, 0.44302869688455815]","[9.440804088286415e-09, 2.9117581743097593e-08]","[9.440687509520984e-09, 2.911752711165505e-08]","[0.39697984598108005, -0.43655842828136815]",0.14884534686779496
3,4027,"[0.37897248661137445, 0.661307910967007]","[0.20033155121842627, 0.8577591891930944]","[0.5774624096019145, 0.44302869682632295]","[9.403040924038927e-09, 2.900111135274036e-08]","[9.40292421702793e-09, 2.9001056722766094e-08]","[0.39697984598108016, -0.43655842828136815]",0.14884534688392967
3,4028,"[0.3789724865925684, 0.6613079109090048]","[0.20033155121842627, 0.8577591891930944]","[0.5774624095831085, 0.4430286967683207]","[9.365428824351157e-09, 2.8885106828234045e-08]","[9.36531208139968e-09, 2.888505218345827e-08]","[0.39697984598108016, -0.43655842828136815]",0.14884534689999984
3,4029,"[0.37897248657383753, 0.6613079108512345]","[0.20033155121842627, 0.8577591891930944]","[0.5774624095643777, 0.44302869671055045]","[9.327967132819483e-09, 2.8769566380239902e-08]","[9.327850269968962e-09, 2.876951171737474e-08]","[0.39697984598108027, -0.43655842828136815]",0.14884534691600576
3,4030,"[0.3789724865551816, 0.6613079107936954]","[0.20033155121842627, 0.8577591891930944]","[0.5774624095457217, 0.44302869665301137]","[9.290655297900681e-09, 2.8654488223973497e-08]","[9.290538560691175e-09, 2.8654433548158664e-08]","[0.39697984598108016, -0.43655842828136815]",0.14884534693194756
3,4031,"[0.3789724865366003, 0.6613079107363865]","[0.20033155121842627, 0.8577591891930944]","[0.5774624095271403, 0.44302869659570243]","[9.253492688059319e-09, 2.853987035749278e-08]","[9.253376009876746e-09, 2.8539815677408598e-08]","[0.39697984598108005, -0.43655842828136815]",0.14884534694782559
3,4032,"[0.37897248651809334, 0.6613079106793067]","[0.20033155121842627, 0.8577591891930944]","[0.5774624095086334, 0.44302869653862265]","[9.216478776118766e-09, 2.8425710823201546e-08]","[9.216362062414163e-09, 2.8425656106723096e-08]","[0.39697984598108005, -0.43655842828136815]",0.1488453469636402
3,4033,"[0.37897248649966037, 0.6613079106224553]","[0.20033155121842627, 0.8577591891930944]","[0.5774624094902003, 0.44302869648177123]","[9.179612849685817e-09, 2.831200801556596e-08]","[9.179496218703065e-09, 2.8311953281789926e-08]","[0.39697984598107994, -0.43655842828136815]",0.14884534697939145
3,4034,"[0.37897248648130116, 0.6613079105658313]","[0.20033155121842627, 0.8577591891930944]","[0.5774624094718411, 0.4430286964251472]","[9.142894485462942e-09, 2.8198759913219065e-08]","[9.142777812609637e-09, 2.819870520420764e-08]","[0.39697984598107994, -0.43655842828136815]",0.14884534699507979
3,4035,"[0.3789724864630154, 0.6613079105094337]","[0.20033155121842627, 0.8577591891930944]","[0.5774624094535554, 0.44302869636874964]","[9.1063229936477e-09, 2.808596479796749e-08]","[9.106206178000065e-09, 2.8085910097619404e-08]","[0.39697984598108005, -0.43655842828136815]",0.14884534701070537
3,4036,"[0.37897248644480275, 0.6613079104532618]","[0.20033155121842627, 0.8577591891930944]","[0.5774624094353428, 0.4430286963125777]","[9.069897700053636e-09, 2.7973620877708703e-08]","[9.069780870785138e-09, 2.7973566185668375e-08]","[0.39697984598108005, -0.43655842828136815]",0.14884534702626845
3,4037,"[0.3789724864266629, 0.6613079103973145]","[0.20033155121842627, 0.8577591891930944]","[0.577462409417203, 0.44302869625663044]","[9.033618069475527e-09, 2.7861726410857007e-08]","[9.033501224831042e-09, 2.7861671691997714e-08]","[0.39697984598108005, -0.43655842828136815]",0.14884534704176922
3,4038,"[0.3789724864085957, 0.6613079103415911]","[0.20033155121842627, 0.8577591891930944]","[0.5774624093991357, 0.443028696200907]","[8.997483654177251e-09, 2.775027955315921e-08]","[8.997366796048567e-09, 2.775022484025058e-08]","[0.39697984598108005, -0.43655842828136815]",0.14884534705720803
3,4039,"[0.3789724863906007, 0.6613079102860905]","[0.20033155121842627, 0.8577591891930944]","[0.5774624093811407, 0.4430286961454064]","[8.961493676758927e-09, 2.76392783383426e-08]","[8.961376918303898e-09, 2.7639223632025534e-08]","[0.39697984598107994, -0.43655842828136815]",0.148845347072585
3,4040,"[0.3789724863726777, 0.6613079102308119]","[0.20033155121842627, 0.8577591891930944]","[0.5774624093632177, 0.44302869609012785]","[8.925647711897807e-09, 2.752872121664627e-08]","[8.925530925463221e-09, 2.7528666513010336e-08]","[0.39697984598107994, -0.43655842828136815]",0.14884534708790056
3,4041,"[0.37897248635482644, 0.6613079101757545]","[0.20033155121842627, 0.8577591891930944]","[0.5774624093453664, 0.44302869603507045]","[8.889945180107363e-09, 2.7418606411802397e-08]","[8.889828373437325e-09, 2.741855170684815e-08]","[0.39697984598107994, -0.43655842828136815]",0.1488453471031548
3,4042,"[0.37897248633704655, 0.6613079101209173]","[0.20033155121842627, 0.8577591891930944]","[0.5774624093275865, 0.4430286959802332]","[8.854385419111836e-09, 2.7308931924866425e-08]","[8.854268596092396e-09, 2.7308877215137528e-08]","[0.39697984598107994, -0.43655842828136815]",0.14884534711834807
3,4043,"[0.3789724863193378, 0.6613079100662994]","[0.20033155121842627, 0.8577591891930944]","[0.5774624093098777, 0.44302869592561533]","[8.818967874875285e-09, 2.71996961577953e-08]","[8.818851149339224e-09, 2.719964148356624e-08]","[0.3969798459810798, -0.43655842828136815]",0.14884534713348055
3,4044,"[0.37897248630169983, 0.6613079100119]","[0.20033155121842627, 0.8577591891930944]","[0.5774624092922398, 0.44302869587121596]","[8.783692017497546e-09, 2.7090897426270718e-08]","[8.78357514499939e-09, 2.7090842735777443e-08]","[0.39697984598107994, -0.43655842828136815]",0.14884534714855246
3,4045,"[0.37897248628413244, 0.6613079099577183]","[0.20033155121842627, 0.8577591891930944]","[0.5774624092746724, 0.4430286958170342]","[8.748557279921644e-09, 2.698253387317884e-08]","[8.748440361028287e-09, 2.69824791954143e-08]","[0.39697984598107994, -0.43655842828136815]",0.14884534716356412
3,4046,"[0.3789724862666353, 0.6613079099037532]","[0.20033155121842627, 0.8577591891930944]","[0.5774624092571753, 0.44302869576306914]","[8.713563103924832e-09, 2.6874603785904293e-08]","[8.713446131292102e-09, 2.687454908611997e-08]","[0.39697984598107994, -0.43655842828136815]",0.14884534717851572
3,4047,"[0.3789724862492082, 0.661307909850004]","[0.20033155121842627, 0.8577591891930944]","[0.5774624092397482, 0.4430286957093199]","[8.678708852760686e-09, 2.6767105318102166e-08]","[8.67859178965702e-09, 2.6767050631537614e-08]","[0.39697984598108005, -0.43655842828136815]",0.14884534719340758
3,4048,"[0.3789724862318508, 0.6613079097964698]","[0.20033155121842627, 0.8577591891930944]","[0.5774624092223908, 0.44302869565578573]","[8.643994056648348e-09, 2.6660036984648908e-08]","[8.643877114078435e-09, 2.6659982277355e-08]","[0.39697984598107994, -0.43655842828136815]",0.14884534720823978
3,4049,"[0.3789724862145628, 0.6613079097431497]","[0.20033155121842627, 0.8577591891930944]","[0.5774624092051028, 0.4430286956024656]","[8.609418065940066e-09, 2.6553396739610264e-08]","[8.609300994333324e-09, 2.655334202517068e-08]","[0.39697984598108005, -0.43655842828136815]",0.14884534722301276
3,4050,"[0.37897248619734397, 0.6613079096900429]","[0.20033155121842627, 0.8577591891930944]","[0.5774624091878839, 0.44302869554935886]","[8.574980385670066e-09, 2.6447183264507158e-08]","[8.574863430421686e-09, 2.6447128542717024e-08]","[0.39697984598107994, -0.43655842828136815]",0.14884534723772647
3,4051,"[0.378972486180194, 0.6613079096371486]","[0.20033155121842627, 0.8577591891930944]","[0.577462409170734, 0.4430286954964645]","[8.540680543254461e-09, 2.634139456282477e-08]","[8.540563534165102e-09, 2.6341339831592592e-08]","[0.39697984598107994, -0.43655842828136815]",0.14884534725238147
3,4052,"[0.3789724861631127, 0.6613079095844658]","[0.20033155121842627, 0.8577591891930944]","[0.5774624091536527, 0.44302869544378176]","[8.506517888138384e-09, 2.623602909564218e-08]","[8.506400861474361e-09, 2.6235974337485146e-08]","[0.39697984598107994, -0.43655842828136815]",0.1488453472669778
3,4053,"[0.37897248614609963, 0.6613079095319938]","[0.20033155121842627, 0.8577591891930944]","[0.5774624091366396, 0.44302869539130973]","[8.472491819983857e-09, 2.6131085046220674e-08]","[8.47237474621565e-09, 2.6131030284037848e-08]","[0.39697984598107994, -0.43655842828136815]",0.14884534728151572
3,4054,"[0.37897248612915463, 0.6613079094797316]","[0.20033155121842627, 0.8577591891930944]","[0.5774624091196946, 0.44302869533904754]","[8.438601831891695e-09, 2.6026560660446863e-08]","[8.438484744299757e-09, 2.602650589489386e-08]","[0.39697984598107994, -0.43655842828136815]",0.14884534729599555
3,4055,"[0.3789724861122774, 0.6613079094276785]","[0.20033155121842627, 0.8577591891930944]","[0.5774624091028173, 0.4430286952869944]","[8.404847395488592e-09, 2.5922454381021034e-08]","[8.404730411637473e-09, 2.5922399615740943e-08]","[0.3969798459810798, -0.43655842828136815]",0.14884534731041743
3,4056,"[0.3789724860954677, 0.6613079093758336]","[0.20033155121842627, 0.8577591891930944]","[0.5774624090860077, 0.4430286952351495]","[8.371227978789039e-09, 2.581876460746272e-08]","[8.37111086005038e-09, 2.5818709947778018e-08]","[0.39697984598107994, -0.43655842828136826]",0.14884534732478163
3,4057,"[0.37897248607872525, 0.661307909324196]","[0.20033155121842627, 0.8577591891930944]","[0.5774624090692653, 0.44302869518351184]","[8.337743101605034e-09, 2.571548948065434e-08]","[8.33762586749387e-09, 2.571543489260364e-08]","[0.39697984598108005, -0.43655842828136837]",0.14884534733908847
3,4058,"[0.37897248606204975, 0.6613079092727651]","[0.20033155121842627, 0.8577591891930944]","[0.5774624090525897, 0.4430286951320809]","[8.304392107835278e-09, 2.5612627590437798e-08]","[8.304274989878735e-09, 2.5612572951416723e-08]","[0.39697984598107994, -0.43655842828136837]",0.14884534735333796
3,4059,"[0.378972486045441, 0.6613079092215398]","[0.20033155121842627, 0.8577591891930944]","[0.577462409035981, 0.44302869508085563]","[8.271174630115849e-09, 2.5510177121815913e-08]","[8.271057339026555e-09, 2.5510122458882734e-08]","[0.39697984598108005, -0.43655842828136837]",0.1488453473675305
3,4060,"[0.37897248602889866, 0.6613079091705195]","[0.20033155121842627, 0.8577591891930944]","[0.5774624090194387, 0.44302869502983533]","[8.238089997462046e-09, 2.5408136543539456e-08]","[8.237972692892725e-09, 2.5408081860689435e-08]","[0.39697984598108005, -0.43655842828136837]",0.14884534738166622
3,4061,"[0.3789724860124225, 0.6613079091197033]","[0.20033155121842627, 0.8577591891930944]","[0.5774624090029625, 0.4430286949790191]","[8.20513770093423e-09, 2.5306504079925725e-08]","[8.205020385343431e-09, 2.530644938047999e-08]","[0.39697984598108005, -0.43655842828136837]",0.1488453473957454
3,4062,"[0.37897248599601224, 0.6613079090690903]","[0.20033155121842627, 0.8577591891930944]","[0.5774624089865523, 0.44302869492840613]","[8.17231724768627e-09, 2.5205278214224816e-08]","[8.172199805756009e-09, 2.520522346394216e-08]","[0.39697984598108016, -0.43655842828136837]",0.1488453474097683
3,4063,"[0.3789724859796676, 0.6613079090186798]","[0.20033155121842627, 0.8577591891930944]","[0.5774624089702076, 0.44302869487799557]","[8.13962789174304e-09, 2.5104457087274435e-08]","[8.139510565552399e-09, 2.510440233471911e-08]","[0.39697984598108005, -0.43655842828136837]",0.1488453474237351
3,4064,"[0.37897248596338834, 0.6613079089684708]","[0.20033155121842627, 0.8577591891930944]","[0.5774624089539284, 0.44302869482778656]","[8.107069453638653e-09, 2.5004039223273348e-08]","[8.106951998598788e-09, 2.5003984549520908e-08]","[0.39697984598108016, -0.4365584282813685]",0.14884534743764605
3,4065,"[0.3789724859471742, 0.6613079089184627]","[0.20033155121842627, 0.8577591891930944]","[0.5774624089377143, 0.44302869477777845]","[8.074641202174897e-09, 2.4904023043814827e-08]","[8.074523716317117e-09, 2.490396833199071e-08]","[0.39697984598108016, -0.4365584282813685]",0.14884534745150135
3,4066,"[0.3789724859310249, 0.6613079088686546]","[0.20033155121842627, 0.8577591891930944]","[0.577462408921565, 0.44302869472797035]","[8.042342597612833e-09, 2.4804406978091555e-08]","[8.042225108084722e-09, 2.4804352349860892e-08]","[0.39697984598108016, -0.4365584282813686]",0.14884534746530126
3,4067,"[0.3789724859149402, 0.6613079088190459]","[0.20033155121842627, 0.8577591891930944]","[0.5774624089054803, 0.4430286946783616]","[8.01017321873057e-09, 2.470518951723778e-08]","[8.010055729812393e-09, 2.470513482677461e-08]","[0.39697984598108016, -0.4365584282813686]",0.14884534747904588
3,4068,"[0.37897248589891985, 0.6613079087696355]","[0.20033155121842627, 0.8577591891930944]","[0.57746240888946, 0.44302869462895117]","[7.978132557362432e-09, 2.4606368803108102e-08]","[7.978014915366316e-09, 2.4606314208419633e-08]","[0.39697984598108027, -0.4365584282813687]",0.14884534749273556
3,4069,"[0.37897248588296356, 0.6613079087204228]","[0.20033155121842627, 0.8577591891930944]","[0.5774624088735036, 0.4430286945797384]","[7.946219966472804e-09, 2.45079433906627e-08]","[7.946102442701886e-09, 2.450788871843912e-08]","[0.39697984598108016, -0.4365584282813687]",0.14884534750637046
3,4070,"[0.3789724858670711, 0.6613079086714069]","[0.20033155121842627, 0.8577591891930944]","[0.5774624088576112, 0.44302869453072247]","[7.91443507006157e-09, 2.4409911565581574e-08]","[7.914317423640682e-09, 2.440985696905429e-08]","[0.39697984598108027, -0.4365584282813688]",0.14884534751995093
3,4071,"[0.3789724858512422, 0.661307908622587]","[0.20033155121842627, 0.8577591891930944]","[0.5774624088417823, 0.44302869448190263]","[7.882777270515435e-09, 2.43122719376028e-08]","[7.8826596361381e-09, 2.4312217294930605e-08]","[0.39697984598108027, -0.4365584282813688]",0.148845347533477
3,4072,"[0.37897248583547666, 0.6613079085739625]","[0.20033155121842627, 0.8577591891930944]","[0.5774624088260167, 0.4430286944332781]","[7.851246188976795e-09, 2.4215022862673982e-08]","[7.851128636104932e-09, 2.4214968197266984e-08]","[0.39697984598108016, -0.4365584282813688]",0.1488453475469489
3,4073,"[0.37897248581977416, 0.6613079085255325]","[0.20033155121842627, 0.8577591891930944]","[0.5774624088103142, 0.44302869438484804]","[7.819841168767413e-09, 2.4118162800400025e-08]","[7.819723701896208e-09, 2.4118108121751192e-08]","[0.39697984598108005, -0.4365584282813688]",0.14884534756036694
3,4074,"[0.3789724858041345, 0.6613079084772961]","[0.20033155121842627, 0.8577591891930944]","[0.5774624087946745, 0.44302869433661174]","[7.78856188955182e-09, 2.402169023672753e-08]","[7.788444500445024e-09, 2.4021635514070994e-08]","[0.39697984598107994, -0.4365584282813688]",0.14884534757373136
3,4075,"[0.37897248578855736, 0.6613079084292528]","[0.20033155121842627, 0.8577591891930944]","[0.5774624087790974, 0.4430286942885684]","[7.757407636477287e-09, 2.3925603587823205e-08]","[7.757290088061808e-09, 2.3925548819914155e-08]","[0.39697984598108005, -0.4365584282813688]",0.1488453475870423
3,4076,"[0.37897248577304254, 0.6613079083814016]","[0.20033155121842627, 0.8577591891930944]","[0.5774624087635826, 0.4430286942407172]","[7.726378032157648e-09, 2.3829901258094344e-08]","[7.72626046474656e-09, 2.3829846484968442e-08]","[0.39697984598108005, -0.4365584282813688]",0.14884534760029994
3,4077,"[0.3789724857575898, 0.6613079083337419]","[0.20033155121842627, 0.8577591891930944]","[0.5774624087481298, 0.44302869419305746]","[7.695472544065718e-09, 2.3734581742399066e-08]","[7.695354964365464e-09, 2.373452695492162e-08]","[0.39697984598108005, -0.4365584282813688]",0.1488453476135046
3,4078,"[0.37897248574219883, 0.6613079082862727]","[0.20033155121842627, 0.8577591891930944]","[0.5774624087327389, 0.4430286941455883]","[7.664690682837207e-09, 2.363964349815355e-08]","[7.664572976295858e-09, 2.3639588675461454e-08]","[0.39697984598108016, -0.4365584282813688]",0.14884534762665647
3,4079,"[0.3789724857268694, 0.6613079082389934]","[0.20033155121842627, 0.8577591891930944]","[0.5774624087174095, 0.44302869409830903]","[7.634031869620431e-09, 2.3545084938937326e-08]","[7.633914167470834e-09, 2.354503009227571e-08]","[0.39697984598108016, -0.4365584282813688]",0.14884534763975574
3,4080,"[0.37897248571160136, 0.6613079081919032]","[0.20033155121842627, 0.8577591891930944]","[0.5774624087021414, 0.4430286940512188]","[7.603495684507575e-09, 2.3450904485952842e-08]","[7.603378093801183e-09, 2.3450849651052152e-08]","[0.39697984598108005, -0.4365584282813688]",0.14884534765280255
3,4081,"[0.37897248569639436, 0.6613079081450014]","[0.20033155121842627, 0.8577591891930944]","[0.5774624086869344, 0.443028694004317]","[7.57308171705598e-09, 2.3357100873257293e-08]","[7.572964033641938e-09, 2.3357046019523153e-08]","[0.39697984598108016, -0.4365584282813688]",0.1488453476657972
3,4082,"[0.3789724856812482, 0.6613079080982872]","[0.20033155121842627, 0.8577591891930944]","[0.5774624086717883, 0.4430286939576028]","[7.54278941777053e-09, 2.3263672554584966e-08]","[7.54267159841504e-09, 2.3263617643376477e-08]","[0.39697984598108027, -0.4365584282813688]",0.14884534767873997
3,4083,"[0.3789724856661626, 0.6613079080517599]","[0.20033155121842627, 0.8577591891930944]","[0.5774624086567027, 0.44302869391107547]","[7.512618240192863e-09, 2.3170617900443486e-08]","[7.512500399542432e-09, 2.317056296829989e-08]","[0.39697984598108027, -0.4365584282813688]",0.14884534769163085
3,4084,"[0.37897248565113734, 0.6613079080054186]","[0.20033155121842627, 0.8577591891930944]","[0.5774624086416775, 0.4430286938647342]","[7.482567715725358e-09, 2.3077935388161268e-08]","[7.482449770890298e-09, 2.3077880439981158e-08]","[0.3969798459810804, -0.4365584282813688]",0.14884534770447022
3,4085,"[0.3789724856361722, 0.6613079079592628]","[0.20033155121842627, 0.8577591891930944]","[0.5774624086267124, 0.44302869381857835]","[7.452637413117977e-09, 2.2985623672041857e-08]","[7.452519490414033e-09, 2.298556872615265e-08]","[0.3969798459810804, -0.4365584282813688]",0.14884534771725821
3,4086,"[0.3789724856212669, 0.6613079079132915]","[0.20033155121842627, 0.8577591891930944]","[0.5774624086118071, 0.4430286937726071]","[7.422826836677668e-09, 2.289368121078919e-08]","[7.4227088919798234e-09, 2.2893626272502132e-08]","[0.3969798459810804, -0.4365584282813688]",0.14884534772999503
3,4087,"[0.3789724856064212, 0.6613079078675042]","[0.20033155121842627, 0.8577591891930944]","[0.5774624085969614, 0.44302869372681974]","[7.393135470424441e-09, 2.2802106489643937e-08]","[7.393017531498458e-09, 2.280205152471737e-08]","[0.3969798459810804, -0.4365584282813688]",0.14884534774268093
3,4088,"[0.37897248559163493, 0.6613079078219]","[0.20033155121842627, 0.8577591891930944]","[0.5774624085821751, 0.44302869368121556]","[7.3635628949801406e-09, 2.2710898121565e-08]","[7.363444964880728e-09, 2.2710843150530735e-08]","[0.3969798459810804, -0.4365584282813688]",0.14884534775531605
3,4089,"[0.3789724855769078, 0.6613079077764782]","[0.20033155121842627, 0.8577591891930944]","[0.577462408567448, 0.4430286936357938]","[7.334108676279818e-09, 2.2620054572155973e-08]","[7.333990748037422e-09, 2.261999959562999e-08]","[0.3969798459810804, -0.4365584282813688]",0.14884534776790065
3,4090,"[0.3789724855622396, 0.661307907731238]","[0.20033155121842627, 0.8577591891930944]","[0.5774624085527797, 0.44302869359055363]","[7.304772253468321e-09, 2.2529574289956266e-08]","[7.304654436879332e-09, 2.2529519305702905e-08]","[0.39697984598108027, -0.4365584282813688]",0.1488453477804349
3,4091,"[0.3789724855476301, 0.6613079076861789]","[0.20033155121842627, 0.8577591891930944]","[0.5774624085381702, 0.44302869354549446]","[7.275553212327975e-09, 2.2439455961287517e-08]","[7.275435365272642e-09, 2.2439400948481847e-08]","[0.39697984598108027, -0.4365584282813688]",0.14884534779291908
3,4092,"[0.378972485533079, 0.6613079076413]","[0.20033155121842627, 0.8577591891930944]","[0.5774624085236191, 0.4430286935006156]","[7.246451071591869e-09, 2.2349698198060438e-08]","[7.246333311172748e-09, 2.2349643191699187e-08]","[0.39697984598108016, -0.4365584282813688]",0.14884534780535322
3,4093,"[0.3789724855185861, 0.6613079075966006]","[0.20033155121842627, 0.8577591891930944]","[0.5774624085091262, 0.4430286934559162]","[7.217465296501024e-09, 2.2260299486245783e-08]","[7.2173473864012294e-09, 2.226024448104269e-08]","[0.39697984598108027, -0.4365584282813688]",0.14884534781773767
3,4094,"[0.37897248550415114, 0.66130790755208]","[0.20033155121842627, 0.8577591891930944]","[0.5774624084946913, 0.4430286934113956]","[7.188595400635371e-09, 2.2171258270224067e-08]","[7.188477368913482e-09, 2.2171203262200123e-08]","[0.3969798459810804, -0.4365584282813688]",0.1488453478300726
3,4095,"[0.37897248548977397, 0.6613079075077375]","[0.20033155121842627, 0.8577591891930944]","[0.5774624084803142, 0.4430286933670531]","[7.159841098288984e-09, 2.2082573192321838e-08]","[7.1597230366649e-09, 2.2082518202903856e-08]","[0.3969798459810804, -0.4365584282813688]",0.1488453478423582
3,4096,"[0.3789724854754543, 0.6613079074635724]","[0.20033155121842627, 0.8577591891930944]","[0.5774624084659945, 0.44302869332288797]","[7.131201788904134e-09, 2.1994242959810212e-08]","[7.1310837235216695e-09, 2.199418797088626e-08]","[0.3969798459810804, -0.4365584282813688]",0.14884534785459463
3,4097,"[0.3789724854611919, 0.6613079074195839]","[0.20033155121842627, 0.8577591891930944]","[0.5774624084517321, 0.4430286932788995]","[7.10267693936004e-09, 2.190626600284918e-08]","[7.102558763349975e-09, 2.1906211011835097e-08]","[0.3969798459810805, -0.4365584282813688]",0.14884534786678216
3,4098,"[0.37897248544698653, 0.6613079073757714]","[0.20033155121842627, 0.8577591891930944]","[0.5774624084375268, 0.443028693235087]","[7.074266201717162e-09, 2.181864098665557e-08]","[7.074147934105213e-09, 2.1818585993482742e-08]","[0.3969798459810806, -0.4365584282813688]",0.1488453478789209
3,4099,"[0.378972485432838, 0.6613079073321341]","[0.20033155121842627, 0.8577591891930944]","[0.5774624084233784, 0.44302869319144966]","[7.045969194142167e-09, 2.1731366359642194e-08]","[7.045850847209323e-09, 2.173131136151696e-08]","[0.3969798459810807, -0.4365584282813688]",0.14884534789101111
3,4100,"[0.37897248541874606, 0.6613079072886714]","[0.20033155121842627, 0.8577591891930944]","[0.5774624084092864, 0.443028693147987]","[7.017785296319037e-09, 2.164444104858392e-08]","[7.0176669475507936e-09, 2.1644386005714722e-08]","[0.3969798459810807, -0.4365584282813688]",0.1488453479030529
3,4101,"[0.3789724854047105, 0.6613079072453825]","[0.20033155121842627, 0.8577591891930944]","[0.5774624083952509, 0.44302869310469806]","[6.98971417688656e-09, 2.1557863205804994e-08]","[6.989595846551566e-09, 2.1557808149719193e-08]","[0.3969798459810807, -0.4365584282813688]",0.1488453479150466
3,4102,"[0.3789724853907311, 0.6613079072022667]","[0.20033155121842627, 0.8577591891930944]","[0.5774624083812714, 0.4430286930615823]","[6.961755245235805e-09, 2.1471631749479263e-08]","[6.96163704461128e-09, 2.1471576683307347e-08]","[0.3969798459810806, -0.4365584282813688]",0.14884534792699222
3,4103,"[0.37897248537680756, 0.6613079071593234]","[0.20033155121842627, 0.8577591891930944]","[0.5774624083673479, 0.443028693018639]","[6.9339081896186715e-09, 2.138574514509306e-08]","[6.933789986618422e-09, 2.138569005216695e-08]","[0.3969798459810806, -0.4365584282813688]",0.14884534793889015
3,4104,"[0.37897248536293976, 0.661307907116552]","[0.20033155121842627, 0.8577591891930944]","[0.5774624083534801, 0.44302869297586756]","[6.906172596820884e-09, 2.130020223043095e-08]","[6.906054395017236e-09, 2.1300147146074977e-08]","[0.3969798459810806, -0.4365584282813688]",0.1488453479507405
3,4105,"[0.3789724853491274, 0.6613079070739516]","[0.20033155121842627, 0.8577591891930944]","[0.5774624083396678, 0.4430286929332672]","[6.878547970484445e-09, 2.121500153830032e-08]","[6.878429659185059e-09, 2.1214946410719193e-08]","[0.3969798459810807, -0.4365584282813688]",0.1488453479625434
3,4106,"[0.3789724853353703, 0.6613079070315216]","[0.20033155121842627, 0.8577591891930944]","[0.5774624083259107, 0.44302869289083724]","[6.851033774497717e-09, 2.1130141636485302e-08]","[6.850915446054984e-09, 2.113008651383197e-08]","[0.3969798459810807, -0.4365584282813688]",0.1488453479742991
3,4107,"[0.3789724853216682, 0.6613079069892613]","[0.20033155121842627, 0.8577591891930944]","[0.5774624083122086, 0.44302869284857693]","[6.82362957715313e-09, 2.1045621028242878e-08]","[6.823511145004346e-09, 2.104556590110107e-08]","[0.3969798459810808, -0.4365584282813688]",0.14884534798600774
3,4108,"[0.37897248530802097, 0.6613079069471701]","[0.20033155121842627, 0.8577591891930944]","[0.5774624082985613, 0.4430286928064857]","[6.796335048958638e-09, 2.0961438616205844e-08]","[6.7962167560331466e-09, 2.0961383462303473e-08]","[0.3969798459810807, -0.4365584282813688]",0.14884534799766957
3,4109,"[0.3789724852944283, 0.6613079069052472]","[0.20033155121842627, 0.8577591891930944]","[0.5774624082849686, 0.4430286927645628]","[6.769149687543141e-09, 2.0877592810830662e-08]","[6.769031390962965e-09, 2.0877537643126942e-08]","[0.3969798459810807, -0.4365584282813688]",0.14884534800928478
3,4110,"[0.37897248528089, 0.6613079068634921]","[0.20033155121842627, 0.8577591891930944]","[0.5774624082714304, 0.44302869272280765]","[6.742073125732956e-09, 2.0794082511136778e-08]","[6.741954827749197e-09, 2.0794027333348453e-08]","[0.3969798459810807, -0.4365584282813688]",0.14884534802085347
3,4111,"[0.37897248526740585, 0.6613079068219039]","[0.20033155121842627, 0.8577591891930944]","[0.5774624082579463, 0.44302869268121947]","[6.715104810160077e-09, 2.0710906183115565e-08]","[6.714986400258027e-09, 2.071085097865577e-08]","[0.3969798459810808, -0.4365584282813688]",0.14884534803237592
3,4112,"[0.37897248525397564, 0.661307906780482]","[0.20033155121842627, 0.8577591891930944]","[0.5774624082445161, 0.4430286926397976]","[6.688244389566532e-09, 2.0628062439504456e-08]","[6.688125886444851e-09, 2.0628007246781266e-08]","[0.39697984598108094, -0.4365584282813688]",0.1488453480438524
3,4113,"[0.3789724852405992, 0.6613079067392259]","[0.20033155121842627, 0.8577591891930944]","[0.5774624082311397, 0.4430286925985415]","[6.661491426101517e-09, 2.0545550220203893e-08]","[6.661372842220459e-09, 2.0545495027501914e-08]","[0.39697984598108105, -0.4365584282813688]",0.14884534805528288
3,4114,"[0.37897248522727617, 0.6613079066981348]","[0.20033155121842627, 0.8577591891930944]","[0.5774624082178167, 0.44302869255745037]","[6.634845373418461e-09, 2.0463367982404003e-08]","[6.63472682349564e-09, 2.046331276650548e-08]","[0.39697984598108105, -0.4365584282813688]",0.1488453480666676
3,4115,"[0.3789724852140065, 0.6613079066572081]","[0.20033155121842627, 0.8577591891930944]","[0.577462408204547, 0.44302869251652366]","[6.608306072882406e-09, 2.038151456799533e-08]","[6.608187608225791e-09, 2.0381459353568943e-08]","[0.39697984598108094, -0.4365584282813688]",0.14884534807800678
3,4116,"[0.3789724852007899, 0.661307906616445]","[0.20033155121842627, 0.8577591891930944]","[0.5774624081913304, 0.4430286924757606]","[6.581872902048116e-09, 2.0299988465700242e-08]","[6.58175430823249e-09, 2.0299933234380063e-08]","[0.39697984598108105, -0.4365584282813688]",0.14884534808930067
3,4117,"[0.37897248518762616, 0.661307906575845]","[0.20033155121842627, 0.8577591891930944]","[0.5774624081781667, 0.44302869243516063]","[6.555545396196912e-09, 2.0218788519378682e-08]","[6.555426701471134e-09, 2.021873329871582e-08]","[0.39697984598108116, -0.4365584282813688]",0.14884534810054934
3,4118,"[0.3789724851745151, 0.6613079065354075]","[0.20033155121842627, 0.8577591891930944]","[0.5774624081650557, 0.4430286923947231]","[6.529323235655947e-09, 2.013791341888381e-08]","[6.529204565897118e-09, 2.013785821430858e-08]","[0.39697984598108116, -0.4365584282813688]",0.14884534811175298
3,4119,"[0.37897248516145643, 0.6613079064951317]","[0.20033155121842627, 0.8577591891930944]","[0.577462408151997, 0.4430286923544473]","[6.503205887740876e-09, 2.005736187278198e-08]","[6.5030872353766256e-09, 2.0057306648890716e-08]","[0.39697984598108116, -0.4365584282813688]",0.14884534812291184
3,4120,"[0.37897248514845, 0.661307906455017]","[0.20033155121842627, 0.8577591891930944]","[0.5774624081389905, 0.4430286923143326]","[6.477193064623301e-09, 1.9977132478628854e-08]","[6.477074487865053e-09, 1.99770772701946e-08]","[0.39697984598108105, -0.4365584282813688]",0.14884534813402606
3,4121,"[0.37897248513549564, 0.6613079064150628]","[0.20033155121842627, 0.8577591891930944]","[0.5774624081260362, 0.44302869227437836]","[6.451284407512971e-09, 1.9897223951666826e-08]","[6.451165657228586e-09, 1.9897168745952598e-08]","[0.39697984598108116, -0.4365584282813688]",0.14884534814509584
3,4122,"[0.3789724851225931, 0.6613079063752683]","[0.20033155121842627, 0.8577591891930944]","[0.5774624081131337, 0.44302869223458385]","[6.425479236773324e-09, 1.9817634952122047e-08]","[6.425360521422618e-09, 1.9817579743897085e-08]","[0.39697984598108116, -0.4365584282813688]",0.14884534815612133
3,4123,"[0.37897248510974213, 0.661307906335633]","[0.20033155121842627, 0.8577591891930944]","[0.5774624081002827, 0.44302869219494856]","[6.399777394444558e-09, 1.973836436491851e-08]","[6.399658636357941e-09, 1.9738309153805034e-08]","[0.39697984598108116, -0.4365584282813688]",0.1488453481671027
3,4124,"[0.3789724850969426, 0.6613079062961562]","[0.20033155121842627, 0.8577591891930944]","[0.5774624080874832, 0.4430286921554718]","[6.374178332780244e-09, 1.9659410860146046e-08]","[6.374059557945344e-09, 1.9659355643408816e-08]","[0.39697984598108116, -0.4365584282813688]",0.1488453481780402
3,4125,"[0.37897248508419423, 0.6613079062568374]","[0.20033155121842627, 0.8577591891930944]","[0.5774624080747348, 0.44302869211615303]","[6.348681633911162e-09, 1.9580773342948925e-08]","[6.3485628420956175e-09, 1.9580718102485406e-08]","[0.39697984598108116, -0.4365584282813688]",0.14884534818893386
3,4126,"[0.3789724850714969, 0.6613079062176759]","[0.20033155121842627, 0.8577591891930944]","[0.5774624080620374, 0.44302869207699147]","[6.3232869622118935e-09, 1.9502450243215253e-08]","[6.3231682667641564e-09, 1.950239497672257e-08]","[0.39697984598108105, -0.4365584282813688]",0.14884534819978404
3,4127,"[0.37897248505885034, 0.661307906178671]","[0.20033155121842627, 0.8577591891930944]","[0.5774624080493909, 0.44302869203798656]","[6.297993892064672e-09, 1.942444042970405e-08]","[6.297875165817146e-09, 1.9424385155897284e-08]","[0.39697984598108105, -0.4365584282813688]",0.14884534821059078
3,4128,"[0.37897248504625436, 0.661307906139822]","[0.20033155121842627, 0.8577591891930944]","[0.5774624080367949, 0.44302869199913764]","[6.272801955031742e-09, 1.9346742603751322e-08]","[6.272683095165377e-09, 1.9346687307741917e-08]","[0.39697984598108116, -0.4365584282813688]",0.1488453482213543
3,4129,"[0.37897248503370873, 0.6613079061011286]","[0.20033155121842627, 0.8577591891930944]","[0.5774624080242493, 0.44302869196044414]","[6.2477107047814914e-09, 1.9269355645397548e-08]","[6.247591832764243e-09, 1.9269300322033445e-08]","[0.39697984598108116, -0.4365584282813688]",0.14884534823207474
3,4130,"[0.3789724850212133, 0.6613079060625898]","[0.20033155121842627, 0.8577591891930944]","[0.5774624080117539, 0.4430286919219054]","[6.222719821722165e-09, 1.9192278198719577e-08]","[6.222600934524536e-09, 1.9192222866504238e-08]","[0.39697984598108116, -0.4365584282813688]",0.1488453482427523
3,4131,"[0.37897248500876785, 0.6613079060242053]","[0.20033155121842627, 0.8577591891930944]","[0.5774624079993085, 0.4430286918835209]","[6.197829023580885e-09, 1.911550914352696e-08]","[6.197710011868196e-09, 1.9115453830931273e-08]","[0.39697984598108127, -0.4365584282813688]",0.1488453482533872
3,4132,"[0.3789724849963722, 0.6613079059859743]","[0.20033155121842627, 0.8577591891930944]","[0.5774624079869128, 0.4430286918452899]","[6.17303773632166e-09, 1.90390472087171e-08]","[6.172918731728316e-09, 1.903899188304692e-08]","[0.39697984598108127, -0.4365584282813688]",0.1488453482639795
3,4133,"[0.37897248498402614, 0.6613079059478962]","[0.20033155121842627, 0.8577591891930944]","[0.5774624079745667, 0.4430286918072118]","[6.148345540761294e-09, 1.8962891016633405e-08]","[6.148226650015687e-09, 1.8962835690583546e-08]","[0.39697984598108116, -0.4365584282813688]",0.14884534827452944
3,4134,"[0.3789724849717295, 0.6613079059099705]","[0.20033155121842627, 0.8577591891930944]","[0.5774624079622701, 0.44302869176928605]","[6.123752322572371e-09, 1.8887039452512e-08]","[6.1236332671299465e-09, 1.888698414331813e-08]","[0.39697984598108127, -0.4365584282813688]",0.1488453482850372
3,4135,"[0.378972484959482, 0.6613079058721963]","[0.20033155121842627, 0.8577591891930944]","[0.5774624079500226, 0.44302869173151194]","[6.0992573040023984e-09, 1.881149121668796e-08]","[6.0991383610264904e-09, 1.8811435908983043e-08]","[0.39697984598108116, -0.4365584282813688]",0.14884534829550294
3,4136,"[0.37897248494728347, 0.6613079058345733]","[0.20033155121842627, 0.8577591891930944]","[0.5774624079378241, 0.4430286916938889]","[6.074860335342329e-09, 1.8736245170492564e-08]","[6.074741265571504e-09, 1.8736189877355258e-08]","[0.39697984598108127, -0.4365584282813688]",0.14884534830592683
3,4137,"[0.37897248493513375, 0.6613079057971009]","[0.20033155121842627, 0.8577591891930944]","[0.5774624079256744, 0.44302869165641645]","[6.050560893807652e-09, 1.8661300232408007e-08]","[6.050441814231533e-09, 1.8661244938211752e-08]","[0.39697984598108127, -0.4365584282813688]",0.14884534831630897
3,4138,"[0.37897248492303265, 0.6613079057597783]","[0.20033155121842627, 0.8577591891930944]","[0.5774624079135732, 0.44302869161909386]","[6.02635869328348e-09, 1.85866550750671e-08]","[6.026239784961973e-09, 1.8586599759284894e-08]","[0.39697984598108105, -0.4365584282813688]",0.14884534832664958
3,4139,"[0.37897248491097996, 0.661307905722605]","[0.20033155121842627, 0.8577591891930944]","[0.5774624079015205, 0.4430286915819206]","[6.0022534015317006e-09, 1.851230857065669e-08]","[6.002134400606707e-09, 1.851225323035166e-08]","[0.39697984598108105, -0.4365584282813688]",0.14884534833694887
3,4140,"[0.37897248489897545, 0.6613079056855804]","[0.20033155121842627, 0.8577591891930944]","[0.577462407889516, 0.443028691544896]","[5.978244426908953e-09, 1.8438259350134703e-08]","[5.978125383609978e-09, 1.8438204019144422e-08]","[0.39697984598108105, -0.4365584282813688]",0.14884534834720692
3,4141,"[0.37897248488701896, 0.6613079056487039]","[0.20033155121842627, 0.8577591891930944]","[0.5774624078775594, 0.4430286915080195]","[5.954331479884145e-09, 1.836450633062578e-08]","[5.954212511927182e-09, 1.8364451015440153e-08]","[0.39697984598108094, -0.4365584282813688]",0.1488453483574239
3,4142,"[0.3789724848751103, 0.6613079056119748]","[0.20033155121842627, 0.8577591891930944]","[0.5774624078656507, 0.4430286914712904]","[5.930514265206219e-09, 1.829104820306568e-08]","[5.930395341469108e-09, 1.8290992886971225e-08]","[0.3969798459810808, -0.4365584282813688]",0.1488453483676001
3,4143,"[0.3789724848632493, 0.6613079055753928]","[0.20033155121842627, 0.8577591891930944]","[0.5774624078537898, 0.44302869143470835]","[5.906792352051456e-09, 1.821788406475759e-08]","[5.906673206101942e-09, 1.8217828745559217e-08]","[0.39697984598108094, -0.4365584282813688]",0.1488453483777356
3,4144,"[0.3789724848514357, 0.661307905538957]","[0.20033155121842627, 0.8577591891930944]","[0.5774624078419761, 0.4430286913982726]","[5.8831651871537265e-09, 1.8145012581112564e-08]","[5.8830461058256844e-09, 1.81449572589365e-08]","[0.3969798459810808, -0.4365584282813688]",0.14884534838783048
3,4145,"[0.3789724848396694, 0.661307905502667]","[0.20033155121842627, 0.8577591891930944]","[0.5774624078302097, 0.44302869136198264]","[5.859632622486248e-09, 1.8072432641602708e-08]","[5.859513596551125e-09, 1.807237731688005e-08]","[0.3969798459810807, -0.4365584282813688]",0.14884534839788505
3,4146,"[0.3789724848279501, 0.6613079054665222]","[0.20033155121842627, 0.8577591891930944]","[0.5774624078184905, 0.4430286913258378]","[5.836194099600207e-09, 1.800014291706187e-08]","[5.836075012144448e-09, 1.8000087587122238e-08]","[0.3969798459810807, -0.4365584282813688]",0.1488453484078993
3,4147,"[0.3789724848162777, 0.6613079054305219]","[0.20033155121842627, 0.8577591891930944]","[0.577462407806818, 0.44302869128983746]","[5.812849321154386e-09, 1.7928142331250388e-08]","[5.812730297094504e-09, 1.7928086959440037e-08]","[0.3969798459810806, -0.4365584282813688]",0.14884534841787359
3,4148,"[0.378972484804652, 0.6613079053946656]","[0.20033155121842627, 0.8577591891930944]","[0.5774624077951923, 0.44302869125398114]","[5.7895979779352724e-09, 1.7856429705727383e-08]","[5.789478896289779e-09, 1.7856374323610424e-08]","[0.3969798459810806, -0.4365584282813688]",0.14884534842780797
3,4149,"[0.37897248479307283, 0.6613079053589527]","[0.20033155121842627, 0.8577591891930944]","[0.5774624077836131, 0.44302869121826827]","[5.766439658622935e-09, 1.7785003977606237e-08]","[5.766320532174518e-09, 1.7784948569410375e-08]","[0.3969798459810806, -0.4365584282813688]",0.14884534843770264
3,4150,"[0.37897248478153994, 0.6613079053233827]","[0.20033155121842627, 0.8577591891930944]","[0.5774624077720802, 0.4430286911826983]","[5.74337392391285e-09, 1.771386400404039e-08]","[5.743254760659511e-09, 1.7713808586616864e-08]","[0.3969798459810806, -0.4365584282813688]",0.1488453484475577
3,4151,"[0.3789724847700532, 0.6613079052879549]","[0.20033155121842627, 0.8577591891930944]","[0.5774624077605934, 0.4430286911472705]","[5.720400442513483e-09, 1.764300848757905e-08]","[5.720281359700152e-09, 1.764295304296226e-08]","[0.3969798459810805, -0.4365584282813688]",0.1488453484573733
3,4152,"[0.3789724847586124, 0.6613079052526689]","[0.20033155121842627, 0.8577591891930944]","[0.5774624077491526, 0.4430286911119845]","[5.697518900972477e-09, 1.7572436483789148e-08]","[5.697399885207233e-09, 1.757238105026815e-08]","[0.3969798459810804, -0.4365584282813688]",0.1488453484671497
3,4153,"[0.37897248474721734, 0.661307905217524]","[0.20033155121842627, 0.8577591891930944]","[0.5774624077377575, 0.4430286910768396]","[5.674728812889537e-09, 1.7502146728838744e-08]","[5.674609893091542e-09, 1.7502091276266896e-08]","[0.39697984598108027, -0.4365584282813688]",0.1488453484768869
3,4154,"[0.37897248473586786, 0.6613079051825197]","[0.20033155121842627, 0.8577591891930944]","[0.577462407726408, 0.4430286910418353]","[5.652029954360068e-09, 1.7432138071563446e-08]","[5.651910939263871e-09, 1.7432082610735478e-08]","[0.39697984598108027, -0.4365584282813688]",0.14884534848658523
3,4155,"[0.3789724847245638, 0.6613079051476555]","[0.20033155121842627, 0.8577591891930944]","[0.5774624077151039, 0.44302869100697106]","[5.6294218729756e-09, 1.736240963193361e-08]","[5.629302801679614e-09, 1.7362354165495475e-08]","[0.39697984598108027, -0.4365584282813688]",0.14884534849624476
3,4156,"[0.37897248471330497, 0.6613079051129307]","[0.20033155121842627, 0.8577591891930944]","[0.5774624077038453, 0.4430286909722463]","[5.606904261531777e-09, 1.729296007918088e-08]","[5.606784814204957e-09, 1.7292904608279258e-08]","[0.3969798459810806, -0.4365584282813688]",0.14884534850586567
3,4157,"[0.37897248470209116, 0.6613079050783448]","[0.20033155121842627, 0.8577591891930944]","[0.5774624076926315, 0.4430286909376604]","[5.584476625858574e-09, 1.7223788321953436e-08]","[5.584357198884504e-09, 1.7223732828863803e-08]","[0.3969798459810806, -0.4365584282813688]",0.14884534851544806
3,4158,"[0.3789724846909222, 0.6613079050438972]","[0.20033155121842627, 0.8577591891930944]","[0.5774624076814625, 0.44302869090321284]","[5.562138714910171e-09, 1.7154893194676364e-08]","[5.562019289584441e-09, 1.7154837717026084e-08]","[0.3969798459810806, -0.4365584282813688]",0.14884534852499215
3,4159,"[0.37897248467979794, 0.6613079050095875]","[0.20033155121842627, 0.8577591891930944]","[0.5774624076703383, 0.44302869086890306]","[5.539890235253173e-09, 1.7086273637092105e-08]","[5.539770697726709e-09, 1.7086218162543076e-08]","[0.3969798459810807, -0.4365584282813688]",0.14884534853449805
3,4160,"[0.37897248466871813, 0.6613079049754149]","[0.20033155121842627, 0.8577591891930944]","[0.5774624076592585, 0.4430286908347305]","[5.5177306106745155e-09, 1.7017928528783883e-08]","[5.517611090244401e-09, 1.7017873055191757e-08]","[0.3969798459810807, -0.4365584282813688]",0.14884534854396594
3,4161,"[0.3789724846576827, 0.661307904941379]","[0.20033155121842627, 0.8577591891930944]","[0.5774624076482231, 0.4430286908006946]","[5.495659698919759e-09, 1.6949856760899007e-08]","[5.495540078559458e-09, 1.69498012847491e-08]","[0.3969798459810808, -0.4365584282813688]",0.14884534855339596
3,4162,"[0.37897248464669137, 0.6613079049074794]","[0.20033155121842627, 0.8577591891930944]","[0.5774624076372318, 0.44302869076679496]","[5.4736770337662376e-09, 1.688205744187728e-08]","[5.473557440627275e-09, 1.6882001963036686e-08]","[0.3969798459810808, -0.4365584282813688]",0.14884534856278825
3,4163,"[0.378972484635744, 0.6613079048737153]","[0.20033155121842627, 0.8577591891930944]","[0.5774624076262844, 0.44302869073303086]","[5.451782305984743e-09, 1.6814529235878963e-08]","[5.451662732358642e-09, 1.6814473757786885e-08]","[0.3969798459810808, -0.4365584282813688]",0.14884534857214293
3,4164,"[0.37897248462484046, 0.6613079048400862]","[0.20033155121842627, 0.8577591891930944]","[0.5774624076153809, 0.44302869069940176]","[5.429975178580633e-09, 1.6747271054250248e-08]","[5.42985550966435e-09, 1.6747215558776674e-08]","[0.39697984598108094, -0.4365584282813688]",0.14884534858146029
3,4165,"[0.37897248461398053, 0.6613079048065916]","[0.20033155121842627, 0.8577591891930944]","[0.5774624076045209, 0.4430286906659072]","[5.408255335920095e-09, 1.6680281996954568e-08]","[5.408135772544398e-09, 1.668022647782763e-08]","[0.3969798459810808, -0.4365584282813688]",0.14884534859074028
3,4166,"[0.378972484603164, 0.6613079047732311]","[0.20033155121842627, 0.8577591891930944]","[0.5774624075937045, 0.4430286906325467]","[5.386622308717193e-09, 1.6613560948166886e-08]","[5.386502632820367e-09, 1.6613505404716733e-08]","[0.39697984598108094, -0.4365584282813688]",0.14884534859998322
3,4167,"[0.37897248459239075, 0.661307904740004]","[0.20033155121842627, 0.8577591891930944]","[0.5774624075829311, 0.4430286905993196]","[5.365075742454939e-09, 1.6547106756701704e-08]","[5.3649563125368616e-09, 1.6547051229220955e-08]","[0.3969798459810807, -0.4365584282813688]",0.14884534860918913
3,4168,"[0.3789724845816606, 0.6613079047069098]","[0.20033155121842627, 0.8577591891930944]","[0.577462407572201, 0.4430286905662254]","[5.343615483488866e-09, 1.6480918373922014e-08]","[5.343495923515462e-09, 1.6480862841117272e-08]","[0.3969798459810808, -0.4365584282813688]",0.1488453486183582
3,4169,"[0.3789724845709734, 0.661307904673948]","[0.20033155121842627, 0.8577591891930944]","[0.5774624075615138, 0.44302869053326355]","[5.32224105425469e-09, 1.6414994670529366e-08]","[5.322121465756169e-09, 1.641493913018266e-08]","[0.3969798459810808, -0.4365584282813688]",0.14884534862749066
3,4170,"[0.3789724845603289, 0.661307904641118]","[0.20033155121842627, 0.8577591891930944]","[0.5774624075508693, 0.4430286905004336]","[5.3009520848783115e-09, 1.6349334755387927e-08]","[5.300832495169772e-09, 1.63492792082387e-08]","[0.3969798459810808, -0.4365584282813688]",0.14884534863658655
3,4171,"[0.378972484549727, 0.6613079046084194]","[0.20033155121842627, 0.8577591891930944]","[0.5774624075402675, 0.44302869046773496]","[5.279748271814005e-09, 1.6283937502546856e-08]","[5.279628567667061e-09, 1.6283881965062363e-08]","[0.39697984598108094, -0.4365584282813688]",0.14884534864564608
3,4172,"[0.3789724845391675, 0.6613079045758515]","[0.20033155121842627, 0.8577591891930944]","[0.5774624075297079, 0.4430286904351671]","[5.258629261117006e-09, 1.6218801851229073e-08]","[5.258509683248036e-09, 1.621874629043063e-08]","[0.3969798459810808, -0.4365584282813688]",0.14884534865466936
3,4173,"[0.37897248452865023, 0.6613079045434139]","[0.20033155121842627, 0.8577591891930944]","[0.5774624075191906, 0.4430286904027295]","[5.23759472558191e-09, 1.6153926644155424e-08]","[5.237475175778883e-09, 1.6153871074120474e-08]","[0.3969798459810808, -0.4365584282813688]",0.1488453486636565
3,4174,"[0.37897248451817506, 0.6613079045111061]","[0.20033155121842627, 0.8577591891930944]","[0.5774624075087155, 0.4430286903704217]","[5.216644371742546e-09, 1.608931098548317e-08]","[5.216524823214996e-09, 1.6089255427953475e-08]","[0.3969798459810808, -0.4365584282813688]",0.1488453486726078
3,4175,"[0.3789724845077418, 0.6613079044789275]","[0.20033155121842627, 0.8577591891930944]","[0.5774624074982821, 0.4430286903382431]","[5.1957778806470245e-09, 1.6024953782364246e-08]","[5.1956584035117714e-09, 1.602489824170661e-08]","[0.3969798459810807, -0.4365584282813688]",0.1488453486815232
3,4176,"[0.3789724844973502, 0.6613079044468776]","[0.20033155121842627, 0.8577591891930944]","[0.5774624074878906, 0.4430286903061932]","[5.17499475514199e-09, 1.5960853973854614e-08]","[5.1748752505353934e-09, 1.596079840515685e-08]","[0.3969798459810807, -0.4365584282813688]",0.14884534869040295
3,4177,"[0.3789724844870002, 0.6613079044149559]","[0.20033155121842627, 0.8577591891930944]","[0.5774624074775405, 0.4430286902742715]","[5.154294755165709e-09, 1.589701058911562e-08]","[5.154175308774711e-09, 1.589695503012578e-08]","[0.3969798459810806, -0.4365584282813688]",0.14884534869924718
3,4178,"[0.37897248447669163, 0.6613079043831619]","[0.20033155121842627, 0.8577591891930944]","[0.5774624074672319, 0.4430286902424775]","[5.133677586347413e-09, 1.5833422594953172e-08]","[5.133558245162817e-09, 1.5833367006390375e-08]","[0.3969798459810805, -0.4365584282813688]",0.14884534870805602
3,4179,"[0.3789724844664243, 0.661307904351495]","[0.20033155121842627, 0.8577591891930944]","[0.5774624074569645, 0.4430286902108106]","[5.113142942940921e-09, 1.577008884937959e-08]","[5.11302356009935e-09, 1.577003322372761e-08]","[0.3969798459810805, -0.4365584282813688]",0.1488453487168297
3,4180,"[0.378972484456198, 0.6613079043199548]","[0.20033155121842627, 0.8577591891930944]","[0.5774624074467383, 0.4430286901792704]","[5.092690449062583e-09, 1.5707008424837295e-08]","[5.0925710315397055e-09, 1.570695279395906e-08]","[0.3969798459810805, -0.4365584282813688]",0.1488453487255683
3,4181,"[0.3789724844460126, 0.6613079042885408]","[0.20033155121842627, 0.8577591891930944]","[0.5774624074365529, 0.4430286901478564]","[5.0723197049885054e-09, 1.5644180515370677e-08]","[5.072200215394673e-09, 1.5644124828906314e-08]","[0.3969798459810805, -0.4365584282813688]",0.14884534873427183
3,4182,"[0.37897248443586795, 0.6613079042572524]","[0.20033155121842627, 0.8577591891930944]","[0.5774624074264082, 0.443028690116568]","[5.052030415628059e-09, 1.5581603682115208e-08]","[5.0519108896196485e-09, 1.5581547996301737e-08]","[0.3969798459810805, -0.4365584282813688]",0.14884534874294064
3,4183,"[0.37897248442576387, 0.6613079042260892]","[0.20033155121842627, 0.8577591891930944]","[0.5774624074163042, 0.4430286900854048]","[5.031822273560857e-09, 1.5519277332125424e-08]","[5.0317026101254214e-09, 1.5519221630011515e-08]","[0.3969798459810806, -0.4365584282813688]",0.14884534875157476
3,4184,"[0.3789724844157002, 0.6613079041950507]","[0.20033155121842627, 0.8577591891930944]","[0.5774624074062404, 0.4430286900543663]","[5.011694932168552e-09, 1.5457200356821088e-08]","[5.011575376911992e-09, 1.5457144619812624e-08]","[0.3969798459810805, -0.4365584282813688]",0.14884534876017427
3,4185,"[0.3789724844056768, 0.6613079041641363]","[0.20033155121842627, 0.8577591891930944]","[0.5774624073962171, 0.4430286900234519]","[4.991648213972133e-09, 1.5395371591197626e-08]","[4.991528523845545e-09, 1.539531585548204e-08]","[0.3969798459810806, -0.4365584282813688]",0.14884534876873945
3,4186,"[0.37897248439569353, 0.6613079041333456]","[0.20033155121842627, 0.8577591891930944]","[0.5774624073862338, 0.4430286899926612]","[4.97168162881155e-09, 1.5333790233928738e-08]","[4.971562050926082e-09, 1.533373444884134e-08]","[0.3969798459810805, -0.4365584282813688]",0.14884534877727035
3,4187,"[0.37897248438575015, 0.661307904102678]","[0.20033155121842627, 0.8577591891930944]","[0.5774624073762904, 0.4430286899619936]","[4.951794902381687e-09, 1.527245509346675e-08]","[4.951675292019786e-09, 1.5272399289667504e-08]","[0.3969798459810805, -0.4365584282813688]",0.1488453487857671
3,4188,"[0.3789724843758466, 0.6613079040721331]","[0.20033155121842627, 0.8577591891930944]","[0.5774624073663868, 0.4430286899314487]","[4.9319877729440655e-09, 1.5211365305436008e-08]","[4.931868247126658e-09, 1.521130948978211e-08]","[0.3969798459810804, -0.4365584282813688]",0.14884534879422995
3,4189,"[0.3789724843659826, 0.6613079040417104]","[0.20033155121842627, 0.8577591891930944]","[0.5774624073565228, 0.44302868990102595]","[4.9122598164011996e-09, 1.5150519766955766e-08]","[4.912140250112884e-09, 1.5150463938962133e-08]","[0.3969798459810804, -0.4365584282813688]",0.14884534880265887
3,4190,"[0.37897248435615805, 0.6613079040114093]","[0.20033155121842627, 0.8577591891930944]","[0.5774624073466983, 0.44302868987072486]","[4.892610823877441e-09, 1.5089917590799996e-08]","[4.892491078933858e-09, 1.5089861749029154e-08]","[0.3969798459810805, -0.4365584282813688]",0.14884534881105416
3,4191,"[0.3789724843463728, 0.6613079039812294]","[0.20033155121842627, 0.8577591891930944]","[0.577462407336913, 0.443028689840545]","[4.873040380179619e-09, 1.5029557922646388e-08]","[4.872920733589581e-09, 1.5029502031804753e-08]","[0.3969798459810804, -0.4365584282813688]",0.1488453488194158
3,4192,"[0.3789724843366267, 0.6613079039511703]","[0.20033155121842627, 0.8577591891930944]","[0.5774624073271669, 0.44302868981048593]","[4.8535481854757556e-09, 1.4969439806269908e-08]","[4.853428547946237e-09, 1.496938389911051e-08]","[0.3969798459810804, -0.4365584282813688]",0.14884534882774397
3,4193,"[0.3789724843269196, 0.6613079039212315]","[0.20033155121842627, 0.8577591891930944]","[0.5774624073174598, 0.4430286897805471]","[4.834133951340294e-09, 1.4909562157385172e-08]","[4.834014299959222e-09, 1.4909506240723402e-08]","[0.3969798459810804, -0.4365584282813688]",0.14884534883603884
3,4194,"[0.37897248431725133, 0.6613079038914124]","[0.20033155121842627, 0.8577591891930944]","[0.5774624073077915, 0.44302868975072796]","[4.814797434074961e-09, 1.4849923848730523e-08]","[4.81467776758393e-09, 1.4849867946420403e-08]","[0.3969798459810804, -0.4365584282813688]",0.14884534884430056
3,4195,"[0.37897248430762176, 0.6613079038617126]","[0.20033155121842627, 0.8577591891930944]","[0.577462407298162, 0.44302868972102816]","[4.795538297430618e-09, 1.4790524270629874e-08]","[4.795418506731153e-09, 1.4790468350067698e-08]","[0.3969798459810805, -0.4365584282813688]",0.1488453488525292
3,4196,"[0.3789724842980307, 0.6613079038321316]","[0.20033155121842627, 0.8577591891930944]","[0.577462407288571, 0.44302868969144715]","[4.776356189661861e-09, 1.4731362266830015e-08]","[4.776236295356284e-09, 1.4731306341442263e-08]","[0.3969798459810806, -0.4365584282813688]",0.14884534886072498
3,4197,"[0.378972484288478, 0.6613079038026688]","[0.20033155121842627, 0.8577591891930944]","[0.5774624072790183, 0.4430286896619844]","[4.7572507841368875e-09, 1.467243673491544e-08]","[4.75713091141472e-09, 1.4672380810321073e-08]","[0.3969798459810806, -0.4365584282813688]",0.14884534886888795
3,4198,"[0.3789724842789635, 0.6613079037733239]","[0.20033155121842627, 0.8577591891930944]","[0.5774624072695038, 0.4430286896326395]","[4.738221769153941e-09, 1.4613747013701077e-08]","[4.7381019108172495e-09, 1.4613691090570313e-08]","[0.3969798459810806, -0.4365584282813688]",0.1488453488770183
3,4199,"[0.3789724842694871, 0.6613079037440964]","[0.20033155121842627, 0.8577591891930944]","[0.5774624072600274, 0.443028689603412]","[4.719268918468178e-09, 1.4555292002996171e-08]","[4.7191490715192685e-09, 1.455523607196696e-08]","[0.3969798459810806, -0.4365584282813688]",0.14884534888511608
3,4200,"[0.37897248426004854, 0.6613079037149858]","[0.20033155121842627, 0.8577591891930944]","[0.5774624072505888, 0.4430286895743014]","[4.700391786990678e-09, 1.449707080546353e-08]","[4.700271949431567e-09, 1.4497014866332592e-08]","[0.3969798459810806, -0.4365584282813688]",0.14884534889318152
3,4201,"[0.3789724842506478, 0.6613079036859917]","[0.20033155121842627, 0.8577591891930944]","[0.577462407241188, 0.4430286895453073]","[4.681590263282792e-09, 1.443908251312073e-08]","[4.681470544554145e-09, 1.443902658548879e-08]","[0.3969798459810805, -0.4365584282813688]",0.14884534890121465
3,4202,"[0.3789724842412846, 0.6613079036571136]","[0.20033155121842627, 0.8577591891930944]","[0.5774624072318248, 0.44302868951642915]","[4.662863921481528e-09, 1.4381326290188319e-08]","[4.6627441907531875e-09, 1.4381270341257135e-08]","[0.3969798459810805, -0.4365584282813688]",0.14884534890921564
3,4203,"[0.3789724842319589, 0.6613079036283509]","[0.20033155121842627, 0.8577591891930944]","[0.5774624072224992, 0.4430286894876665]","[4.6442125146509874e-09, 1.432380097982235e-08]","[4.64409266598409e-09, 1.4323745023414602e-08]","[0.3969798459810806, -0.4365584282813688]",0.14884534891718468
3,4204,"[0.3789724842226705, 0.6613079035997033]","[0.20033155121842627, 0.8577591891930944]","[0.5774624072132108, 0.44302868945901885]","[4.625635756316418e-09, 1.4266505704708852e-08]","[4.625515803713398e-09, 1.4266449743782772e-08]","[0.3969798459810807, -0.4365584282813688]",0.14884534892512186
3,4205,"[0.3789724842134192, 0.6613079035711702]","[0.20033155121842627, 0.8577591891930944]","[0.5774624072039595, 0.4430286894304858]","[4.607133147583491e-09, 1.4209439578589227e-08]","[4.607013437407659e-09, 1.4209383614183224e-08]","[0.3969798459810805, -0.4365584282813688]",0.1488453489330272
3,4206,"[0.378972484204205, 0.6613079035427513]","[0.20033155121842627, 0.8577591891930944]","[0.5774624071947452, 0.44302868940206686]","[4.588704690396989e-09, 1.4152601695192201e-08]","[4.588585067466511e-09, 1.415254574643754e-08]","[0.3969798459810804, -0.4365584282813688]",0.148845348940901
3,4207,"[0.37897248419502755, 0.661307903514446]","[0.20033155121842627, 0.8577591891930944]","[0.5774624071855677, 0.4430286893737616]","[4.57034984999584e-09, 1.4095991237414496e-08]","[4.570230194289593e-09, 1.4095935252367298e-08]","[0.3969798459810804, -0.4365584282813688]",0.14884534894874327
3,4208,"[0.37897248418588686, 0.661307903486254]","[0.20033155121842627, 0.8577591891930944]","[0.577462407176427, 0.4430286893455696]","[4.552068496888661e-09, 1.403960724571994e-08]","[4.551948817876905e-09, 1.403955124379408e-08]","[0.3969798459810804, -0.4365584282813688]",0.14884534895655416
3,4209,"[0.3789724841767827, 0.6613079034581748]","[0.20033155121842627, 0.8577591891930944]","[0.5774624071673229, 0.4430286893174904]","[4.5338601919043126e-09, 1.3983448812379877e-08]","[4.533740494139238e-09, 1.3983392832539465e-08]","[0.3969798459810804, -0.4365584282813688]",0.14884534896433382
3,4210,"[0.37897248416771495, 0.661307903430208]","[0.20033155121842627, 0.8577591891930944]","[0.5774624071582551, 0.44302868928952355]","[4.515724714313503e-09, 1.392751511975922e-08]","[4.515605001031986e-09, 1.3927459130425035e-08]","[0.3969798459810804, -0.4365584282813688]",0.1488453489720823
3,4211,"[0.3789724841586835, 0.6613079034023529]","[0.20033155121842627, 0.8577591891930944]","[0.5774624071492237, 0.4430286892616685]","[4.497661879711311e-09, 1.3871804976695949e-08]","[4.4975421165105445e-09, 1.3871749027227764e-08]","[0.3969798459810804, -0.4365584282813688]",0.14884534897979987
3,4212,"[0.3789724841496882, 0.6613079033746093]","[0.20033155121842627, 0.8577591891930944]","[0.5774624071402283, 0.4430286892339249]","[4.479671287633432e-09, 1.3816317814440687e-08]","[4.479551618530309e-09, 1.3816261856813838e-08]","[0.39697984598108027, -0.4365584282813688]",0.14884534898748653
3,4213,"[0.37897248414072887, 0.6613079033469766]","[0.20033155121842627, 0.8577591891930944]","[0.5774624071312691, 0.44302868920629224]","[4.461752649578036e-09, 1.376105243710735e-08]","[4.4616328409574635e-09, 1.3760996508960233e-08]","[0.3969798459810804, -0.4365584282813688]",0.1488453489951425
3,4214,"[0.37897248413180534, 0.6613079033194545]","[0.20033155121842627, 0.8577591891930944]","[0.5774624071223455, 0.44302868917877014]","[4.44390559388546e-09, 1.3706008276746429e-08]","[4.443785783792009e-09, 1.3705952317533132e-08]","[0.3969798459810804, -0.4365584282813688]",0.14884534900276775
3,4215,"[0.3789724841229175, 0.6613079032920426]","[0.20033155121842627, 0.8577591891930944]","[0.5774624071134578, 0.4430286891513582]","[4.426129927743612e-09, 1.3651184339384754e-08]","[4.426010002944736e-09, 1.3651128394354117e-08]","[0.3969798459810805, -0.4365584282813688]",0.14884534901036256
3,4216,"[0.37897248411406526, 0.6613079032647402]","[0.20033155121842627, 0.8577591891930944]","[0.5774624071046055, 0.4430286891240558]","[4.408425408189361e-09, 1.3596579589656875e-08]","[4.408305498415643e-09, 1.3596523629200163e-08]","[0.3969798459810805, -0.4365584282813688]",0.14884534901792695
3,4217,"[0.3789724841052484, 0.6613079032375471]","[0.20033155121842627, 0.8577591891930944]","[0.5774624070957887, 0.44302868909686266]","[4.39079172652044e-09, 1.3542193318370292e-08]","[4.390671826115522e-09, 1.3542137355937456e-08]","[0.3969798459810805, -0.4365584282813688]",0.1488453490254611
3,4218,"[0.37897248409646683, 0.6613079032104627]","[0.20033155121842627, 0.8577591891930944]","[0.5774624070870071, 0.4430286890697783]","[4.3732285461004114e-09, 1.3488024648654023e-08]","[4.373108541955162e-09, 1.3487968686387575e-08]","[0.3969798459810806, -0.4365584282813688]",0.14884534903296515
3,4219,"[0.3789724840877204, 0.6613079031834866]","[0.20033155121842627, 0.8577591891930944]","[0.5774624070782607, 0.44302868904280224]","[4.355735625595346e-09, 1.3434072490656814e-08]","[4.355615645934563e-09, 1.3434016510327496e-08]","[0.3969798459810806, -0.4365584282813688]",0.14884534904043917
3,4220,"[0.3789724840790089, 0.6613079031566185]","[0.20033155121842627, 0.8577591891930944]","[0.5774624070695492, 0.44302868901593406]","[4.338312656320123e-09, 1.33803361600387e-08]","[4.3381926939645155e-09, 1.3380280161623404e-08]","[0.3969798459810806, -0.4365584282813688]",0.1488453490478833
3,4221,"[0.3789724840703323, 0.6613079031298578]","[0.20033155121842627, 0.8577591891930944]","[0.5774624070608726, 0.44302868898917336]","[4.320959418619372e-09, 1.3326814778425233e-08]","[4.320839464000414e-09, 1.3326758752096879e-08]","[0.3969798459810806, -0.4365584282813688]",0.14884534905529762
3,4222,"[0.3789724840616904, 0.6613079031032041]","[0.20033155121842627, 0.8577591891930944]","[0.5774624070522307, 0.4430286889625197]","[4.303675627772309e-09, 1.327350742062735e-08]","[4.303555567464201e-09, 1.3273451393569502e-08]","[0.3969798459810807, -0.4365584282813688]",0.14884534906268237
3,4223,"[0.37897248405308304, 0.6613079030766571]","[0.20033155121842627, 0.8577591891930944]","[0.5774624070436234, 0.4430286889359727]","[4.2864609308793454e-09, 1.3220413465405655e-08]","[4.286340893333573e-09, 1.3220357419907458e-08]","[0.3969798459810807, -0.4365584282813688]",0.14884534907003752
3,4224,"[0.3789724840445101, 0.6613079030502163]","[0.20033155121842627, 0.8577591891930944]","[0.5774624070350505, 0.44302868890953184]","[4.2693150747225305e-09, 1.3167531790892858e-08]","[4.269195053030472e-09, 1.3167475720887722e-08]","[0.3969798459810807, -0.4365584282813688]",0.14884534907736324
3,4225,"[0.3789724840359715, 0.6613079030238812]","[0.20033155121842627, 0.8577591891930944]","[0.5774624070265119, 0.4430286888831968]","[4.252237839677978e-09, 1.3114861679152053e-08]","[4.252117824510293e-09, 1.311480563037648e-08]","[0.3969798459810807, -0.4365584282813688]",0.14884534908465966
3,4226,"[0.378972484027467, 0.6613079029976515]","[0.20033155121842627, 0.8577591891930944]","[0.5774624070180072, 0.4430286888569671]","[4.235228830040194e-09, 1.3062402299757346e-08]","[4.2351091522618844e-09, 1.3062346260195312e-08]","[0.3969798459810804, -0.4365584282813688]",0.14884534909192682
3,4227,"[0.3789724840189966, 0.6613079029715268]","[0.20033155121842627, 0.8577591891930944]","[0.5774624070095368, 0.44302868883084234]","[4.218287989002285e-09, 1.3010152755462842e-08]","[4.218168259129129e-09, 1.3010096722165798e-08]","[0.3969798459810804, -0.4365584282813688]",0.14884534909916497
3,4228,"[0.37897248401056, 0.6613079029455065]","[0.20033155121842627, 0.8577591891930944]","[0.5774624070011002, 0.44302868880482205]","[4.201414909176655e-09, 1.2958112159505185e-08]","[4.201295089600876e-09, 1.2958056128109519e-08]","[0.3969798459810804, -0.4365584282813688]",0.14884534910637415
3,4229,"[0.37897248400215716, 0.6613079029195902]","[0.20033155121842627, 0.8577591891930944]","[0.5774624069926974, 0.4430286887789058]","[4.1846092928359974e-09, 1.2906279592456903e-08]","[4.18448942163252e-09, 1.2906223589848054e-08]","[0.3969798459810804, -0.4365584282813688]",0.14884534911355457
3,4230,"[0.37897248399378797, 0.6613079028937776]","[0.20033155121842627, 0.8577591891930944]","[0.5774624069843282, 0.4430286887530932]","[4.167870943551936e-09, 1.2854654473928806e-08]","[4.1677510331794565e-09, 1.2854598441247589e-08]","[0.3969798459810804, -0.4365584282813688]",0.14884534912070624
3,4231,"[0.37897248398545225, 0.6613079028680683]","[0.20033155121842627, 0.8577591891930944]","[0.5774624069759924, 0.4430286887273839]","[4.151199533545745e-09, 1.2803235863965412e-08]","[4.15107970219708e-09, 1.2803179794129704e-08]","[0.39697984598108027, -0.4365584282813688]",0.14884534912782926
3,4232,"[0.37897248397714983, 0.6613079028424618]","[0.20033155121842627, 0.8577591891930944]","[0.5774624069676899, 0.44302868870177736]","[4.134594756152515e-09, 1.2752022866213412e-08]","[4.1344749845961815e-09, 1.275196676031598e-08]","[0.39697984598108016, -0.4365584282813688]",0.14884534913492378
3,4233,"[0.37897248396888067, 0.6613079028169577]","[0.20033155121842627, 0.8577591891930944]","[0.5774624069594207, 0.4430286886762733]","[4.118056526017471e-09, 1.2701014767296073e-08]","[4.117936658332155e-09, 1.2700958673672602e-08]","[0.39697984598108016, -0.4365584282813688]",0.14884534914198996
3,4234,"[0.37897248396064454, 0.6613079027915557]","[0.20033155121842627, 0.8577591891930944]","[0.5774624069511847, 0.4430286886508713]","[4.101584273022251e-09, 1.2650210737781852e-08]","[4.101464279315792e-09, 1.265015464602115e-08]","[0.39697984598108027, -0.4365584282813688]",0.1488453491490279
3,4235,"[0.3789724839524414, 0.6613079027662553]","[0.20033155121842627, 0.8577591891930944]","[0.5774624069429815, 0.44302868862557093]","[4.085177929251822e-09, 1.2599609954800722e-08]","[4.085058069591696e-09, 1.2599553733672053e-08]","[0.39697984598108016, -0.4365584282813687]",0.1488453491560376
3,4236,"[0.378972483944271, 0.6613079027410561]","[0.20033155121842627, 0.8577591891930944]","[0.5774624069348111, 0.4430286886003717]","[4.0688372530901285e-09, 1.2549211504056643e-08]","[4.068717363026053e-09, 1.254915543702495e-08]","[0.39697984598108016, -0.4365584282813688]",0.14884534916301934
3,4237,"[0.37897248393613336, 0.6613079027159577]","[0.20033155121842627, 0.8577591891930944]","[0.5774624069266734, 0.4430286885752734]","[4.052561947590745e-09, 1.249901484613509e-08]","[4.052442104107712e-09, 1.2498958645856817e-08]","[0.39697984598108005, -0.4365584282813687]",0.14884534916997305
3,4238,"[0.37897248392802824, 0.6613079026909597]","[0.20033155121842627, 0.8577591891930944]","[0.5774624069185683, 0.4430286885502754]","[4.0363517586168895e-09, 1.244901879916087e-08]","[4.036231793236311e-09, 1.2448962638522687e-08]","[0.39697984598108016, -0.4365584282813687]",0.148845349176899
3,4239,"[0.3789724839199555, 0.6613079026660617]","[0.20033155121842627, 0.8577591891930944]","[0.5774624069104957, 0.4430286885253773]","[4.020206385381686e-09, 1.2399222620083908e-08]","[4.020086263878397e-09, 1.239916647133299e-08]","[0.39697984598108027, -0.4365584282813687]",0.14884534918379733
3,4240,"[0.3789724839119151, 0.6613079026412632]","[0.20033155121842627, 0.8577591891930944]","[0.5774624069024552, 0.4430286885005788]","[4.004125582440726e-09, 1.2349625620523128e-08]","[4.004005571545122e-09, 1.234956947815391e-08]","[0.39697984598108016, -0.4365584282813687]",0.14884534919066802
3,4241,"[0.37897248390390686, 0.6613079026165639]","[0.20033155121842627, 0.8577591891930944]","[0.577462406894447, 0.44302868847587956]","[3.988109079820569e-09, 1.2300227167497596e-08]","[3.987989050102669e-09, 1.2300170992851633e-08]","[0.39697984598108016, -0.4365584282813687]",0.14884534919751125
3,4242,"[0.37897248389593063, 0.6613079025919635]","[0.20033155121842627, 0.8577591891930944]","[0.5774624068864707, 0.4430286884512792]","[3.97215657533229e-09, 1.2251026341224702e-08]","[3.972036644039889e-09, 1.2250970016225438e-08]","[0.39697984598108005, -0.4365584282813686]",0.14884534920432702
3,4243,"[0.3789724838879863, 0.6613079025674614]","[0.20033155121842627, 0.8577591891930944]","[0.5774624068785263, 0.4430286884267771]","[3.956267980068587e-09, 1.2202022155638207e-08]","[3.9561480202898736e-09, 1.2201965882141508e-08]","[0.39697984598108005, -0.4365584282813686]",0.14884534921111556
3,4244,"[0.37897248388007376, 0.6613079025430574]","[0.20033155121842627, 0.8577591891930944]","[0.5774624068706138, 0.4430286884023731]","[3.9404428446369974e-09, 1.2153214091654282e-08]","[3.9403229012968666e-09, 1.2153157813443727e-08]","[0.39697984598108005, -0.4365584282813686]",0.14884534921787695
3,4245,"[0.3789724838721929, 0.6613079025187509]","[0.20033155121842627, 0.8577591891930944]","[0.577462406862733, 0.44302868837806664]","[3.92468118533436e-09, 1.2104601196611455e-08]","[3.9245611205274145e-09, 1.2104544921953675e-08]","[0.39697984598108016, -0.4365584282813686]",0.14884534922461137
3,4246,"[0.3789724838643435, 0.6613079024945417]","[0.20033155121842627, 0.8577591891930944]","[0.5774624068548836, 0.44302868835385745]","[3.908982403945488e-09, 1.2056182793484122e-08]","[3.90886234491461e-09, 1.2056126541537537e-08]","[0.39697984598108016, -0.4365584282813686]",0.14884534923131876
3,4247,"[0.37897248385652554, 0.6613079024704294]","[0.20033155121842627, 0.8577591891930944]","[0.5774624068470656, 0.44302868832974507]","[3.893346502904523e-09, 1.2007958047669207e-08]","[3.893226407924999e-09, 1.2007901784016894e-08]","[0.39697984598108016, -0.4365584282813686]",0.14884534923799936
3,4248,"[0.37897248384873883, 0.6613079024464135]","[0.20033155121842627, 0.8577591891930944]","[0.5774624068392789, 0.44302868830572917]","[3.877773021871396e-09, 1.195992624635054e-08]","[3.877653032002826e-09, 1.1959869983257931e-08]","[0.39697984598108005, -0.4365584282813686]",0.1488453492446532
3,4249,"[0.3789724838409833, 0.6613079024224936]","[0.20033155121842627, 0.8577591891930944]","[0.5774624068315233, 0.4430286882818093]","[3.862262004394254e-09, 1.1912086511989337e-08]","[3.862142106125788e-09, 1.1912030251082228e-08]","[0.39697984598107994, -0.4365584282813686]",0.14884534925128046
3,4250,"[0.37897248383325877, 0.6613079023986694]","[0.20033155121842627, 0.8577591891930944]","[0.5774624068237988, 0.44302868825798514]","[3.846812985884111e-09, 1.1864438198659035e-08]","[3.846692908648919e-09, 1.1864381921355971e-08]","[0.39697984598108005, -0.4365584282813686]",0.14884534925788118
3,4251,"[0.37897248382556514, 0.6613079023749405]","[0.20033155121842627, 0.8577591891930944]","[0.5774624068161052, 0.44302868823425623]","[3.8314257115803265e-09, 1.1816980387567487e-08]","[3.831305661616824e-09, 1.1816924105900739e-08]","[0.39697984598108005, -0.4365584282813686]",0.14884534926445558
3,4252,"[0.3789724838179023, 0.6613079023513065]","[0.20033155121842627, 0.8577591891930944]","[0.5774624068084423, 0.44302868821062225]","[3.816100026713966e-09, 1.1769712403832217e-08]","[3.815979920940293e-09, 1.1769656138582718e-08]","[0.39697984598108005, -0.4365584282813686]",0.14884534927100362
3,4253,"[0.3789724838102701, 0.6613079023277671]","[0.20033155121842627, 0.8577591891930944]","[0.5774624068008101, 0.44302868818708285]","[3.80083567312164e-09, 1.1722633653921475e-08]","[3.800715686619327e-09, 1.1722577353268093e-08]","[0.39697984598107994, -0.4365584282813686]",0.14884534927752546
3,4254,"[0.3789724838026684, 0.6613079023043219]","[0.20033155121842627, 0.8577591891930944]","[0.5774624067932084, 0.4430286881636376]","[3.785632312365198e-09, 1.1675743147688683e-08]","[3.78551229252011e-09, 1.1675686861778445e-08]","[0.39697984598107994, -0.4365584282813686]",0.1488453492840212
3,4255,"[0.3789724837950971, 0.6613079022809705]","[0.20033155121842627, 0.8577591891930944]","[0.5774624067856371, 0.4430286881402862]","[3.770489786808303e-09, 1.1629040261145896e-08]","[3.770369738642643e-09, 1.1628983997979958e-08]","[0.39697984598107994, -0.4365584282813686]",0.14884534929049098
3,4256,"[0.37897248378755616, 0.6613079022577124]","[0.20033155121842627, 0.8577591891930944]","[0.5774624067780962, 0.44302868811702806]","[3.755407967316196e-09, 1.1582524113079556e-08]","[3.755287636408866e-09, 1.1582467984716516e-08]","[0.39697984598108016, -0.4365584282813687]",0.14884534929693488
3,4257,"[0.37897248378004533, 0.6613079022345474]","[0.20033155121842627, 0.8577591891930944]","[0.5774624067705854, 0.443028688093863]","[3.740386250131649e-09, 1.1536194056970838e-08]","[3.7402660413299316e-09, 1.153613798932085e-08]","[0.39697984598108005, -0.4365584282813688]",0.14884534930335303
3,4258,"[0.37897248377256454, 0.661307902211475]","[0.20033155121842627, 0.8577591891930944]","[0.5774624067631046, 0.44302868807079054]","[3.725424673933266e-09, 1.1490049226372923e-08]","[3.725304453805478e-09, 1.1489993123614539e-08]","[0.39697984598108005, -0.4365584282813688]",0.14884534930974547
3,4259,"[0.37897248376511367, 0.6613079021884949]","[0.20033155121842627, 0.8577591891930944]","[0.5774624067556537, 0.4430286880478105]","[3.7105229896385043e-09, 1.1444089123731003e-08]","[3.7104026517909006e-09, 1.1444032999019527e-08]","[0.39697984598108016, -0.4365584282813688]",0.14884534931611237
3,4260,"[0.3789724837576926, 0.6613079021656068]","[0.20033155121842627, 0.8577591891930944]","[0.5774624067482327, 0.44302868802492235]","[3.695680811724797e-09, 1.1398312869145795e-08]","[3.6955605242638967e-09, 1.1398256727357392e-08]","[0.39697984598108016, -0.4365584282813688]",0.14884534932245375
3,4261,"[0.37897248375030124, 0.6613079021428101]","[0.20033155121842627, 0.8577591891930944]","[0.5774624067408414, 0.4430286880021257]","[3.6808981038275655e-09, 1.1352719576266004e-08]","[3.680777682646408e-09, 1.1352663420449716e-08]","[0.39697984598108027, -0.4365584282813688]",0.14884534932876986
3,4262,"[0.37897248374293946, 0.6613079021201047]","[0.20033155121842627, 0.8577591891930944]","[0.5774624067334796, 0.4430286879794203]","[3.66617449146502e-09, 1.1307308764672233e-08]","[3.666054126938434e-09, 1.1307252634207288e-08]","[0.39697984598108027, -0.4365584282813688]",0.14884534933506066
3,4263,"[0.3789724837356071, 0.6613079020974901]","[0.20033155121842627, 0.8577591891930944]","[0.5774624067261472, 0.4430286879568057]","[3.6515097547777202e-09, 1.1262079660715794e-08]","[3.651389413050765e-09, 1.1262023480451688e-08]","[0.39697984598108027, -0.4365584282813688]",0.14884534934132626
3,4264,"[0.37897248372830405, 0.6613079020749659]","[0.20033155121842627, 0.8577591891930944]","[0.5774624067188442, 0.4430286879342815]","[3.6369036457348107e-09, 1.1217031249077632e-08]","[3.6367833189387966e-09, 1.1216975071004498e-08]","[0.39697984598108027, -0.4365584282813688]",0.14884534934756682
3,4265,"[0.37897248372103026, 0.6613079020525319]","[0.20033155121842627, 0.8577591891930944]","[0.5774624067115706, 0.44302868791184746]","[3.6223560486119147e-09, 1.1172163127658167e-08]","[3.6222354005133184e-09, 1.1172106961776507e-08]","[0.3969798459810806, -0.4365584282813688]",0.14884534935378246
3,4266,"[0.37897248371378556, 0.6613079020301875]","[0.20033155121842627, 0.8577591891930944]","[0.5774624067043259, 0.4430286878895031]","[3.607866629249251e-09, 1.1127474434003547e-08]","[3.6077459353300867e-09, 1.1127418264589295e-08]","[0.3969798459810807, -0.4365584282813688]",0.14884534935997326
3,4267,"[0.37897248370656983, 0.6613079020079325]","[0.20033155121842627, 0.8577591891930944]","[0.5774624066971101, 0.44302868786724814]","[3.5934350911475384e-09, 1.1082964487949152e-08]","[3.593314534811043e-09, 1.1082908313309048e-08]","[0.3969798459810806, -0.4365584282813688]",0.14884534936613925
3,4268,"[0.37897248369938297, 0.6613079019857666]","[0.20033155121842627, 0.8577591891930944]","[0.5774624066899232, 0.4430286878450822]","[3.579061343042148e-09, 1.1038632639680986e-08]","[3.578940921400431e-09, 1.103857644180195e-08]","[0.3969798459810805, -0.4365584282813688]",0.1488453493722805
3,4269,"[0.37897248369222486, 0.6613079019636894]","[0.20033155121842627, 0.8577591891930944]","[0.5774624066827652, 0.443028687823005]","[3.5647451575216185e-09, 1.0994478198158437e-08]","[3.5646245954978895e-09, 1.0994421983934188e-08]","[0.3969798459810806, -0.4365584282813688]",0.14884534937839727
3,4270,"[0.3789724836850954, 0.6613079019417004]","[0.20033155121842627, 0.8577591891930944]","[0.5774624066756358, 0.443028687801016]","[3.550486262797004e-09, 1.0950500232609881e-08]","[3.55036561261457e-09, 1.0950444051527342e-08]","[0.3969798459810807, -0.4365584282813688]",0.1488453493844896
3,4271,"[0.3789724836779944, 0.6613079019197994]","[0.20033155121842627, 0.8577591891930944]","[0.5774624066685348, 0.44302868777911497]","[3.5362842505888523e-09, 1.0906698173461503e-08]","[3.536163639683565e-09, 1.0906641978447595e-08]","[0.3969798459810807, -0.4365584282813688]",0.14884534939055752
3,4272,"[0.37897248367092184, 0.6613079018979859]","[0.20033155121842627, 0.8577591891930944]","[0.5774624066614622, 0.44302868775730153]","[3.522139091142967e-09, 1.0863071275101992e-08]","[3.5220185101714208e-09, 1.0863015098561135e-08]","[0.3969798459810807, -0.4365584282813688]",0.1488453493966012
3,4273,"[0.3789724836638776, 0.6613079018762598]","[0.20033155121842627, 0.8577591891930944]","[0.577462406654418, 0.44302868773557535]","[3.508050570862308e-09, 1.0819618917286804e-08]","[3.5079300020335324e-09, 1.0819562745734146e-08]","[0.3969798459810807, -0.4365584282813688]",0.14884534940262067
3,4274,"[0.3789724836568615, 0.6613079018546205]","[0.20033155121842627, 0.8577591891930944]","[0.5774624066474019, 0.4430286877139361]","[3.4940183430464615e-09, 1.0776340459970407e-08]","[3.49389767118069e-09, 1.0776284253832813e-08]","[0.3969798459810808, -0.4365584282813688]",0.14884534940861605
3,4275,"[0.37897248364987346, 0.6613079018330679]","[0.20033155121842627, 0.8577591891930944]","[0.5774624066404139, 0.44302868769238346]","[3.48004227569844e-09, 1.073323516729913e-08]","[3.479921517612894e-09, 1.0733178956723322e-08]","[0.39697984598108094, -0.4365584282813688]",0.1488453494145875
3,4276,"[0.37897248364291336, 0.6613079018116014]","[0.20033155121842627, 0.8577591891930944]","[0.5774624066334538, 0.44302868767091697]","[3.4661220413418164e-09, 1.069030217643781e-08]","[3.4660013192855388e-09, 1.0690245966227252e-08]","[0.39697984598108094, -0.4365584282813688]",0.148845349420535
3,4277,"[0.3789724836359811, 0.6613079017902208]","[0.20033155121842627, 0.8577591891930944]","[0.5774624066265216, 0.4430286876495364]","[3.45225754979373e-09, 1.0647541038232425e-08]","[3.45213685415402e-09, 1.0647484838255394e-08]","[0.39697984598108094, -0.4365584282813688]",0.14884534942645872
3,4278,"[0.3789724836290766, 0.6613079017689257]","[0.20033155121842627, 0.8577591891930944]","[0.577462406619617, 0.4430286876282413]","[3.4384484633786374e-09, 1.0604950874423563e-08]","[3.438327900173732e-09, 1.0604894684629329e-08]","[0.3969798459810808, -0.4365584282813688]",0.14884534943235872
3,4279,"[0.3789724836221997, 0.6613079017477158]","[0.20033155121842627, 0.8577591891930944]","[0.5774624066127401, 0.4430286876070314]","[3.424694688242856e-09, 1.0562531020248e-08]","[3.4245742353000708e-09, 1.0562474839215241e-08]","[0.3969798459810807, -0.4365584282813688]",0.14884534943823516
3,4280,"[0.3789724836153503, 0.6613079017265907]","[0.20033155121842627, 0.8577591891930944]","[0.5774624066058907, 0.4430286875859063]","[3.4109958844565635e-09, 1.0520280815732783e-08]","[3.410875415443826e-09, 1.0520224635879316e-08]","[0.3969798459810807, -0.4365584282813688]",0.14884534944408812
3,4281,"[0.3789724836085283, 0.6613079017055501]","[0.20033155121842627, 0.8577591891930944]","[0.5774624065990687, 0.4430286875648657]","[3.397351919414201e-09, 1.0478199597630644e-08]","[3.3972314406049975e-09, 1.0478143408487739e-08]","[0.3969798459810807, -0.4365584282813688]",0.14884534944991765
3,4282,"[0.3789724836017336, 0.6613079016845937]","[0.20033155121842627, 0.8577591891930944]","[0.577462406592274, 0.44302868754390934]","[3.3837624640904095e-09, 1.0436286911547435e-08]","[3.3836418666943757e-09, 1.04362307129513e-08]","[0.3969798459810808, -0.4365584282813688]",0.1488453494557238
3,4283,"[0.37897248359496605, 0.6613079016637212]","[0.20033155121842627, 0.8577591891930944]","[0.5774624065855065, 0.4430286875230368]","[3.3702274268379216e-09, 1.039454188635446e-08]","[3.3701066937119606e-09, 1.039448566109158e-08]","[0.39697984598108094, -0.4365584282813688]",0.1488453494615068
3,4284,"[0.3789724835882256, 0.6613079016429322]","[0.20033155121842627, 0.8577591891930944]","[0.5774624065787661, 0.4430286875022478]","[3.356746524243067e-09, 1.035296380346796e-08]","[3.356625699613147e-09, 1.0352907586774762e-08]","[0.39697984598108105, -0.4365584282813688]",0.14884534946726669
3,4285,"[0.3789724835815121, 0.6613079016222263]","[0.20033155121842627, 0.8577591891930944]","[0.5774624065720526, 0.4430286874815419]","[3.3433194516974803e-09, 1.0311552052958456e-08]","[3.3431986623533305e-09, 1.0311495823867034e-08]","[0.39697984598108105, -0.4365584282813688]",0.14884534947300343
3,4286,"[0.37897248357482544, 0.6613079016016032]","[0.20033155121842627, 0.8577591891930944]","[0.577462406565366, 0.44302868746091884]","[3.3299461228250726e-09, 1.0270305902655167e-08]","[3.3298253598879057e-09, 1.027024970623458e-08]","[0.39697984598108105, -0.4365584282813688]",0.14884534947871728
3,4287,"[0.37897248356816554, 0.6613079015810627]","[0.20033155121842627, 0.8577591891930944]","[0.5774624065587061, 0.44302868744037827]","[3.316626311603253e-09, 1.022922476986275e-08]","[3.316505570172268e-09, 1.0229168567743585e-08]","[0.39697984598108105, -0.4365584282813688]",0.14884534948440825
3,4288,"[0.3789724835615323, 0.6613079015606043]","[0.20033155121842627, 0.8577591891930944]","[0.5774624065520728, 0.44302868741991985]","[3.303359813257969e-09, 1.0188307954615593e-08]","[3.303239071161812e-09, 1.0188251742260235e-08]","[0.39697984598108105, -0.4365584282813688]",0.1488453494900765
3,4289,"[0.3789724835549256, 0.6613079015402277]","[0.20033155121842627, 0.8577591891930944]","[0.5774624065454661, 0.44302868739954326]","[3.290146386560232e-09, 1.0147554766947078e-08]","[3.2900256408119333e-09, 1.0147498563650714e-08]","[0.39697984598108105, -0.4365584282813688]",0.14884534949572203
3,4290,"[0.3789724835483453, 0.6613079015199326]","[0.20033155121842627, 0.8577591891930944]","[0.5774624065388858, 0.44302868737924817]","[3.276985806386082e-09, 1.0106964555512934e-08]","[3.2768650570780267e-09, 1.0106908365781209e-08]","[0.39697984598108105, -0.4365584282813688]",0.14884534950134504
3,4291,"[0.3789724835417913, 0.6613079014997186]","[0.20033155121842627, 0.8577591891930944]","[0.5774624065323318, 0.4430286873590342]","[3.2638778502760573e-09, 1.0066536684614804e-08]","[3.2637570979154873e-09, 1.0066480482517903e-08]","[0.39697984598108105, -0.4365584282813688]",0.1488453495069455
3,4292,"[0.3789724835352635, 0.6613079014795855]","[0.20033155121842627, 0.8577591891930944]","[0.577462406525804, 0.4430286873389011]","[3.2508222961983843e-09, 1.002627046407304e-08]","[3.2507015412797102e-09, 1.0026214247726983e-08]","[0.39697984598108105, -0.4365584282813688]",0.14884534951252362
3,4293,"[0.3789724835287619, 0.661307901459533]","[0.20033155121842627, 0.8577591891930944]","[0.5774624065193024, 0.4430286873188486]","[3.237819033201211e-09, 9.986165464700781e-09]","[3.2376983871706955e-09, 9.986109217319239e-09]","[0.39697984598108094, -0.4365584282813688]",0.14884534951807932
3,4294,"[0.37897248352228624, 0.6613079014395606]","[0.20033155121842627, 0.8577591891930944]","[0.5774624065128267, 0.4430286872988762]","[3.2248677467900143e-09, 9.946220739462843e-09]","[3.224747191499233e-09, 9.946164614138553e-09]","[0.3969798459810808, -0.4365584282813689]",0.1488453495236129
3,4295,"[0.3789724835158365, 0.6613079014196682]","[0.20033155121842627, 0.8577591891930944]","[0.5774624065063769, 0.4430286872789837]","[3.2119683198334707e-09, 9.90643595296088e-09]","[3.2118477322207184e-09, 9.906379883073413e-09]","[0.3969798459810808, -0.43655842828136904]",0.14884534952912432
3,4296,"[0.3789724835094126, 0.6613079013998554]","[0.20033155121842627, 0.8577591891930944]","[0.577462406499953, 0.4430286872591709]","[3.199120509262643e-09, 9.866810355469565e-09]","[3.199000009335151e-09, 9.866754246967702e-09]","[0.3969798459810807, -0.43655842828136904]",0.14884534953461365
3,4297,"[0.3789724835030144, 0.6613079013801217]","[0.20033155121842627, 0.8577591891930944]","[0.5774624064935547, 0.4430286872394372]","[3.18632411603241e-09, 9.827343027969969e-09]","[3.1862035787533216e-09, 9.827286928665302e-09]","[0.3969798459810807, -0.43655842828136904]",0.1488453495400811
3,4298,"[0.37897248349664175, 0.661307901360467]","[0.20033155121842627, 0.8577591891930944]","[0.5774624064871821, 0.4430286872197825]","[3.1735788391632993e-09, 9.788033599660891e-09]","[3.1734583849640785e-09, 9.787977484077004e-09]","[0.3969798459810806, -0.43655842828136904]",0.14884534954552664
3,4299,"[0.3789724834902946, 0.6613079013408909]","[0.20033155121842627, 0.8577591891930944]","[0.5774624064808349, 0.4430286872002064]","[3.1608845903581654e-09, 9.748881398713207e-09]","[3.1607640949005145e-09, 9.748825247068993e-09]","[0.3969798459810806, -0.43655842828136904]",0.1488453495509504
3,4300,"[0.37897248348397283, 0.6613079013213932]","[0.20033155121842627, 0.8577591891930944]","[0.5774624064745131, 0.44302868718070865]","[3.148241105703892e-09, 9.70988596207955e-09]","[3.1481206530514783e-09, 9.709829773552059e-09]","[0.3969798459810805, -0.43655842828136904]",0.14884534955635248
3,4301,"[0.37897248347767637, 0.6613079013019734]","[0.20033155121842627, 0.8577591891930944]","[0.5774624064682166, 0.4430286871612889]","[3.135648192145958e-09, 9.67104641733784e-09]","[3.135527837372365e-09, 9.67099006432548e-09]","[0.3969798459810804, -0.4365584282813689]",0.14884534956173293
3,4302,"[0.37897248347140505, 0.6613079012826313]","[0.20033155121842627, 0.8577591891930944]","[0.5774624064619452, 0.4430286871419468]","[3.1231056053917872e-09, 9.632362249353656e-09]","[3.1229852037739647e-09, 9.63230589734465e-09]","[0.3969798459810804, -0.4365584282813689]",0.14884534956709186
3,4303,"[0.3789724834651588, 0.6613079012633666]","[0.20033155121842627, 0.8577591891930944]","[0.577462406455699, 0.4430286871226821]","[3.11061319272494e-09, 9.593832845201655e-09]","[3.1104927522562775e-09, 9.593776495453454e-09]","[0.3969798459810804, -0.4365584282813689]",0.14884534957242934
3,4304,"[0.3789724834589376, 0.6613079012441789]","[0.20033155121842627, 0.8577591891930944]","[0.5774624064494778, 0.44302868710349447]","[3.098170733588058e-09, 9.555457540144826e-09]","[3.0980502607746985e-09, 9.555401192518076e-09]","[0.3969798459810804, -0.4365584282813689]",0.14884534957774548
3,4305,"[0.37897248345274126, 0.661307901225068]","[0.20033155121842627, 0.8577591891930944]","[0.5774624064432814, 0.44302868708438353]","[3.0857780810615976e-09, 9.517235668224e-09]","[3.0856577293292275e-09, 9.5171793224047e-09]","[0.39697984598108027, -0.4365584282813689]",0.14884534958304035
3,4306,"[0.3789724834465697, 0.6613079012060336]","[0.20033155121842627, 0.8577591891930944]","[0.5774624064371099, 0.4430286870653491]","[3.0734350263403963e-09, 9.479166785330614e-09]","[3.07331449178605e-09, 9.479110441024119e-09]","[0.3969798459810804, -0.4365584282813689]",0.14884534958831408
3,4307,"[0.37897248344042284, 0.6613079011870753]","[0.20033155121842627, 0.8577591891930944]","[0.577462406430963, 0.4430286870463908]","[3.061141322429679e-09, 9.441250225287241e-09]","[3.0610207701897707e-09, 9.441193882242516e-09]","[0.3969798459810804, -0.4365584282813689]",0.14884534959356666
3,4308,"[0.37897248343430057, 0.6613079011681928]","[0.20033155121842627, 0.8577591891930944]","[0.5774624064248408, 0.44302868702750836]","[3.0488967605872475e-09, 9.403485321919144e-09]","[3.04877612045118e-09, 9.403428979926076e-09]","[0.3969798459810805, -0.4365584282813689]",0.14884534959879825
3,4309,"[0.3789724834282028, 0.6613079011493859]","[0.20033155121842627, 0.8577591891930944]","[0.577462406418743, 0.4430286870087014]","[3.0367012064671193e-09, 9.36587140905764e-09]","[3.0365805425702774e-09, 9.365815067940986e-09]","[0.3969798459810805, -0.4365584282813689]",0.14884534960400891
3,4310,"[0.37897248342212936, 0.6613079011306541]","[0.20033155121842627, 0.8577591891930944]","[0.5774624064126697, 0.4430286869899696]","[3.024554369678114e-09, 9.328407805119972e-09]","[3.0244335924578536e-09, 9.32835148015343e-09]","[0.3969798459810806, -0.4365584282813689]",0.14884534960919882
3,4311,"[0.37897248341608025, 0.6613079011119972]","[0.20033155121842627, 0.8577591891930944]","[0.5774624064066205, 0.4430286869713127]","[3.0124561388537625e-09, 9.291094078328398e-09]","[3.0123354921585133e-09, 9.2910378834965e-09]","[0.3969798459810805, -0.43655842828136904]",0.1488453496143679
3,4312,"[0.37897248341005535, 0.6613079010934151]","[0.20033155121842627, 0.8577591891930944]","[0.5774624064005955, 0.44302868695273057]","[3.0004063751127423e-09, 9.25392984222621e-09]","[3.0002857975830466e-09, 9.253873611836383e-09]","[0.3969798459810804, -0.43655842828136904]",0.14884534961951626
3,4313,"[0.37897248340405454, 0.6613079010749072]","[0.20033155121842627, 0.8577591891930944]","[0.5774624063945948, 0.4430286869342227]","[2.988404779255983e-09, 9.21691412886363e-09]","[2.9882840646422437e-09, 9.21685788801696e-09]","[0.3969798459810805, -0.43655842828136904]",0.14884534962464407
3,4314,"[0.3789724833980777, 0.6613079010564734]","[0.20033155121842627, 0.8577591891930944]","[0.577462406388618, 0.4430286869157889]","[2.9764511145488277e-09, 9.180046498894172e-09]","[2.9763302933361047e-09, 9.179990267949023e-09]","[0.3969798459810806, -0.43655842828136904]",0.14884534962975135
3,4315,"[0.3789724833921248, 0.6613079010381133]","[0.20033155121842627, 0.8577591891930944]","[0.5774624063826651, 0.4430286868974288]","[2.964545290666441e-09, 9.143326329761667e-09]","[2.9644244836646294e-09, 9.143270085498756e-09]","[0.3969798459810806, -0.43655842828136904]",0.1488453496348382
3,4316,"[0.3789724833861957, 0.6613079010198266]","[0.20033155121842627, 0.8577591891930944]","[0.577462406376736, 0.4430286868791421]","[2.952687065126633e-09, 9.106752951991947e-09]","[2.952566413583213e-09, 9.106696674532344e-09]","[0.3969798459810805, -0.43655842828136904]",0.14884534963990476
3,4317,"[0.3789724833802903, 0.6613079010016131]","[0.20033155121842627, 0.8577591891930944]","[0.5774624063708306, 0.44302868686092856]","[2.9408763344343935e-09, 9.0703258658437e-09]","[2.9407556390026457e-09, 9.070269590960578e-09]","[0.3969798459810805, -0.43655842828136904]",0.14884534964495102
3,4318,"[0.3789724833744086, 0.6613079009834725]","[0.20033155121842627, 0.8577591891930944]","[0.5774624063649488, 0.44302868684278796]","[2.9291128313998138e-09, 9.034044710817437e-09]","[2.9289921599229274e-09, 9.033988390694248e-09]","[0.3969798459810805, -0.43655842828136904]",0.1488453496499771
3,4319,"[0.3789724833685504, 0.6613079009654044]","[0.20033155121842627, 0.8577591891930944]","[0.5774624063590906, 0.4430286868247199]","[2.91739646357284e-09, 8.997908511184646e-09]","[2.917275754299453e-09, 8.99785207453263e-09]","[0.3969798459810805, -0.4365584282813689]",0.14884534965498303
3,4320,"[0.3789724833627156, 0.6613079009474085]","[0.20033155121842627, 0.8577591891930944]","[0.5774624063532559, 0.4430286868067241]","[2.9057268826376066e-09, 8.961916819298886e-09]","[2.905606200087618e-09, 8.961860420431123e-09]","[0.3969798459810805, -0.4365584282813689]",0.14884534965996898
3,4321,"[0.37897248335690414, 0.6613079009294847]","[0.20033155121842627, 0.8577591891930944]","[0.5774624063474444, 0.44302868678880025]","[2.894103993666856e-09, 8.926069033139992e-09]","[2.8939832752428174e-09, 8.926012540211303e-09]","[0.3969798459810805, -0.4365584282813688]",0.14884534966493493
3,4322,"[0.37897248335111594, 0.6613079009116325]","[0.20033155121842627, 0.8577591891930944]","[0.5774624063416562, 0.4430286867709481]","[2.882527558905458e-09, 8.890364656036258e-09]","[2.882406757720446e-09, 8.890308211828568e-09]","[0.3969798459810806, -0.4365584282813688]",0.1488453496698811
3,4323,"[0.3789724833453509, 0.6613079008938517]","[0.20033155121842627, 0.8577591891930944]","[0.5774624063358912, 0.4430286867531673]","[2.870997464804925e-09, 8.854803114564342e-09]","[2.870876647520504e-09, 8.8547466581268e-09]","[0.3969798459810806, -0.4365584282813688]",0.1488453496748075
3,4324,"[0.37897248333960887, 0.6613079008761421]","[0.20033155121842627, 0.8577591891930944]","[0.5774624063301492, 0.44302868673545776]","[2.8595134797246274e-09, 8.819383944374469e-09]","[2.8593925560649325e-09, 8.819327379505637e-09]","[0.3969798459810807, -0.4365584282813687]",0.1488453496797141
3,4325,"[0.37897248333388983, 0.6613079008585033]","[0.20033155121842627, 0.8577591891930944]","[0.5774624063244302, 0.44302868671781903]","[2.848075381626652e-09, 8.784106359845126e-09]","[2.8479543723314293e-09, 8.784049709831265e-09]","[0.3969798459810808, -0.4365584282813686]",0.1488453496846011
3,4326,"[0.37897248332819367, 0.6613079008409352]","[0.20033155121842627, 0.8577591891930944]","[0.5774624063187341, 0.44302868670025086]","[2.8366830130269e-09, 8.74896993128137e-09]","[2.8365619297865408e-09, 8.748913371547928e-09]","[0.39697984598108094, -0.4365584282813686]",0.1488453496894686
3,4327,"[0.3789724833225203, 0.6613079008234373]","[0.20033155121842627, 0.8577591891930944]","[0.5774624063130608, 0.44302868668275297]","[2.8253362719514955e-09, 8.713974143813323e-09]","[2.8252152284302667e-09, 8.713917587499509e-09]","[0.39697984598108094, -0.4365584282813686]",0.14884534969431656
3,4328,"[0.37897248331686967, 0.6613079008060093]","[0.20033155121842627, 0.8577591891930944]","[0.5774624063074101, 0.443028686665325]","[2.8140349503153105e-09, 8.679118207642081e-09]","[2.8139140462180023e-09, 8.679061691552192e-09]","[0.3969798459810808, -0.4365584282813686]",0.14884534969914515
3,4329,"[0.3789724833112416, 0.6613079007886511]","[0.20033155121842627, 0.8577591891930944]","[0.577462406301782, 0.4430286866479668]","[2.80277883877649e-09, 8.644401731377444e-09]","[2.8026579390605377e-09, 8.644345239616769e-09]","[0.3969798459810808, -0.4365584282813686]",0.1488453497039544
3,4330,"[0.37897248330563604, 0.6613079007713623]","[0.20033155121842627, 0.8577591891930944]","[0.5774624062961764, 0.44302868663067796]","[2.791567689046931e-09, 8.609824020073825e-09]","[2.791446906957873e-09, 8.609767565559423e-09]","[0.3969798459810807, -0.4365584282813686]",0.1488453497087445
3,4331,"[0.3789724833000529, 0.6613079007541426]","[0.20033155121842627, 0.8577591891930944]","[0.5774624062905933, 0.4430286866134583]","[2.7804014114398054e-09, 8.575384707617188e-09]","[2.780280505820798e-09, 8.575328225290946e-09]","[0.3969798459810808, -0.4365584282813686]",0.14884534971351537
3,4332,"[0.37897248329449207, 0.6613079007369919]","[0.20033155121842627, 0.8577591891930944]","[0.5774624062850324, 0.44302868659630756]","[2.7692797410439514e-09, 8.541083259193774e-09]","[2.769158957693918e-09, 8.541026774722127e-09]","[0.3969798459810807, -0.4365584282813686]",0.14884534971826716
3,4333,"[0.3789724832889535, 0.6613079007199097]","[0.20033155121842627, 0.8577591891930944]","[0.5774624062794939, 0.44302868657922545]","[2.7582026135258347e-09, 8.506919011969732e-09]","[2.758081818488023e-09, 8.506862547719152e-09]","[0.3969798459810807, -0.4365584282813686]",0.14884534972299995
3,4334,"[0.3789724832834371, 0.6613079007028959]","[0.20033155121842627, 0.8577591891930944]","[0.5774624062739775, 0.4430286865622116]","[2.747169779300532e-09, 8.472891355803226e-09]","[2.747048866158508e-09, 8.472834878148205e-09]","[0.3969798459810808, -0.4365584282813686]",0.14884534972771382
3,4335,"[0.37897248327794275, 0.6613079006859501]","[0.20033155121842627, 0.8577591891930944]","[0.5774624062684832, 0.44302868654526584]","[2.73618111182459e-09, 8.438999763360824e-09]","[2.736060100705373e-09, 8.438943321920078e-09]","[0.39697984598108094, -0.4365584282813686]",0.14884534973240887
3,4336,"[0.3789724832724704, 0.6613079006690721]","[0.20033155121842627, 0.8577591891930944]","[0.5774624062630109, 0.4430286865283878]","[2.7252363958610133e-09, 8.405243647105226e-09]","[2.7251153000840134e-09, 8.405187212900955e-09]","[0.39697984598108105, -0.4365584282813686]",0.14884534973708513
3,4337,"[0.37897248326701993, 0.6613079006522616]","[0.20033155121842627, 0.8577591891930944]","[0.5774624062575604, 0.44302868651157734]","[2.7143354121606164e-09, 8.371622761043788e-09]","[2.714214464294429e-09, 8.371566329046232e-09]","[0.39697984598108094, -0.4365584282813686]",0.14884534974174266
3,4338,"[0.3789724832615913, 0.6613079006355184]","[0.20033155121842627, 0.8577591891930944]","[0.5774624062521317, 0.44302868649483407]","[2.7034780885584486e-09, 8.338136249980829e-09]","[2.7033571492474096e-09, 8.338079782177488e-09]","[0.39697984598108094, -0.4365584282813686]",0.14884534974638153
3,4339,"[0.3789724832561843, 0.661307900618842]","[0.20033155121842627, 0.8577591891930944]","[0.5774624062467248, 0.44302868647815774]","[2.692664173632042e-09, 8.3047836012816e-09]","[2.6925431328983507e-09, 8.304727128205514e-09]","[0.39697984598108105, -0.4365584282813686]",0.14884534975100192
3,4340,"[0.378972483250799, 0.6613079006022324]","[0.20033155121842627, 0.8577591891930944]","[0.5774624062413396, 0.44302868646154814]","[2.681893540088094e-09, 8.271564405668764e-09]","[2.681772415247252e-09, 8.2715079230411e-09]","[0.39697984598108116, -0.4365584282813686]",0.14884534975560382
3,4341,"[0.37897248324543525, 0.6613079005856893]","[0.20033155121842627, 0.8577591891930944]","[0.5774624062359759, 0.44302868644500504]","[2.671166027706126e-09, 8.238478214041951e-09]","[2.6710448297606604e-09, 8.238421722595035e-09]","[0.39697984598108127, -0.4365584282813686]",0.14884534976018732
3,4342,"[0.3789724832400929, 0.6613079005692124]","[0.20033155121842627, 0.8577591891930944]","[0.5774624062306335, 0.4430286864285281]","[2.66048125031301e-09, 8.205524359673067e-09]","[2.6603602099051216e-09, 8.205467860733506e-09]","[0.39697984598108116, -0.4365584282813686]",0.1488453497647524
3,4343,"[0.37897248323477195, 0.6613079005528013]","[0.20033155121842627, 0.8577591891930944]","[0.5774624062253125, 0.443028686412117]","[2.6498393389628946e-09, 8.172702176530007e-09]","[2.6497182781248796e-09, 8.172645671322698e-09]","[0.39697984598108116, -0.4365584282813686]",0.14884534976929928
3,4344,"[0.37897248322947225, 0.6613079005364559]","[0.20033155121842627, 0.8577591891930944]","[0.5774624062200129, 0.44302868639577164]","[2.6392399741187942e-09, 8.140011461256135e-09]","[2.6391188123753295e-09, 8.139954932318005e-09]","[0.39697984598108127, -0.4365584282813686]",0.1488453497738279
3,4345,"[0.37897248322419375, 0.661307900520176]","[0.20033155121842627, 0.8577591891930944]","[0.5774624062147344, 0.44302868637949167]","[2.6286829552776602e-09, 8.107451532467995e-09]","[2.628561701634169e-09, 8.107394977585614e-09]","[0.3969798459810814, -0.4365584282813686]",0.1488453497783385
3,4346,"[0.3789724832189364, 0.661307900503961]","[0.20033155121842627, 0.8577591891930944]","[0.5774624062094771, 0.44302868636327675]","[2.6181682250030714e-09, 8.07502168151496e-09]","[2.618047001412549e-09, 8.074965140991708e-09]","[0.3969798459810814, -0.4365584282813686]",0.148845349782831
3,4347,"[0.3789724832137001, 0.661307900487811]","[0.20033155121842627, 0.8577591891930944]","[0.5774624062042408, 0.44302868634712667]","[2.607695581004893e-09, 8.042721497923881e-09]","[2.60757426762126e-09, 8.042664978447078e-09]","[0.3969798459810815, -0.4365584282813686]",0.1488453497873056
3,4348,"[0.3789724832084847, 0.6613079004717255]","[0.20033155121842627, 0.8577591891930944]","[0.5774624061990254, 0.4430286863310412]","[2.5972647780850496e-09, 8.010550543203237e-09]","[2.5971435002603016e-09, 8.010494045862515e-09]","[0.3969798459810815, -0.4365584282813686]",0.14884534979176223
3,4349,"[0.3789724832032902, 0.6613079004557044]","[0.20033155121842627, 0.8577591891930944]","[0.5774624061938309, 0.4430286863150201]","[2.5868757286673366e-09, 7.97850841120005e-09]","[2.5867544772850692e-09, 7.978451899148808e-09]","[0.3969798459810815, -0.4365584282813686]",0.14884534979620107
3,4350,"[0.37897248319811644, 0.6613079004397474]","[0.20033155121842627, 0.8577591891930944]","[0.5774624061886572, 0.4430286862990631]","[2.5765282065294786e-09, 7.946594386588596e-09]","[2.576406976650958e-09, 7.946537872172144e-09]","[0.3969798459810815, -0.4365584282813686]",0.14884534980062214
3,4351,"[0.3789724831929634, 0.6613079004238542]","[0.20033155121842627, 0.8577591891930944]","[0.5774624061835041, 0.44302868628316994]","[2.566222099383006e-09, 7.914808054085565e-09]","[2.5661009983579675e-09, 7.91475152084331e-09]","[0.3969798459810814, -0.4365584282813686]",0.1488453498050255
3,4352,"[0.37897248318783094, 0.6613079004080246]","[0.20033155121842627, 0.8577591891930944]","[0.5774624061783716, 0.44302868626734027]","[2.5559572030010955e-09, 7.88314869067666e-09]","[2.555836098316888e-09, 7.883092179028495e-09]","[0.3969798459810814, -0.4365584282813686]",0.14884534980941128
3,4353,"[0.37897248318271903, 0.6613079003922583]","[0.20033155121842627, 0.8577591891930944]","[0.5774624061732597, 0.443028686251574]","[2.545733381179743e-09, 7.851616127542239e-09]","[2.54561227652772e-09, 7.851559624683091e-09]","[0.3969798459810814, -0.4365584282813686]",0.1488453498137795
3,4354,"[0.37897248317762755, 0.6613079003765551]","[0.20033155121842627, 0.8577591891930944]","[0.5774624061681682, 0.44302868623587077]","[2.535550415057479e-09, 7.82020970724631e-09]","[2.535429310945858e-09, 7.820153191673285e-09]","[0.3969798459810814, -0.4365584282813686]",0.14884534981813027
3,4355,"[0.37897248317255644, 0.6613079003609147]","[0.20033155121842627, 0.8577591891930944]","[0.5774624061630971, 0.4430286862202304]","[2.525408194124689e-09, 7.788928922242126e-09]","[2.5252872015713024e-09, 7.788872435909866e-09]","[0.39697984598108127, -0.4365584282813686]",0.14884534982246353
3,4356,"[0.37897248316750565, 0.6613079003453368]","[0.20033155121842627, 0.8577591891930944]","[0.5774624061580462, 0.4430286862046525]","[2.5153065704222214e-09, 7.757773124997029e-09]","[2.5151856708482967e-09, 7.75771669125902e-09]","[0.39697984598108116, -0.4365584282813686]",0.1488453498267796
3,4357,"[0.37897248316247506, 0.6613079003298212]","[0.20033155121842627, 0.8577591891930944]","[0.5774624061530156, 0.44302868618913693]","[2.505245426759248e-09, 7.726741948179756e-09]","[2.5051246077545386e-09, 7.726685513631537e-09]","[0.39697984598108105, -0.4365584282813686]",0.14884534983107833
3,4358,"[0.37897248315746457, 0.6613079003143677]","[0.20033155121842627, 0.8577591891930944]","[0.5774624061480051, 0.4430286861736834]","[2.4952244829996275e-09, 7.695834858426055e-09]","[2.495103512689667e-09, 7.695778458938207e-09]","[0.39697984598108116, -0.4365584282813686]",0.14884534983535994
3,4359,"[0.3789724831524741, 0.661307900298976]","[0.20033155121842627, 0.8577591891930944]","[0.5774624061430147, 0.4430286861582917]","[2.4852435893899775e-09, 7.665051509083826e-09]","[2.485122607698287e-09, 7.66499508308982e-09]","[0.39697984598108116, -0.4365584282813686]",0.14884534983962433
3,4360,"[0.37897248314750365, 0.6613079002836459]","[0.20033155121842627, 0.8577591891930944]","[0.5774624061380442, 0.44302868614296165]","[2.4753026643822658e-09, 7.634391368527296e-09]","[2.475181670735793e-09, 7.634334941997167e-09]","[0.39697984598108116, -0.4365584282813686]",0.1488453498438717
3,4361,"[0.37897248314255305, 0.6613079002683772]","[0.20033155121842627, 0.8577591891930944]","[0.5774624061330936, 0.44302868612769286]","[2.46540148377804e-09, 7.603853792911273e-09]","[2.465280479757581e-09, 7.603797369526433e-09]","[0.39697984598108116, -0.4365584282813686]",0.1488453498481021
3,4362,"[0.3789724831376223, 0.6613079002531694]","[0.20033155121842627, 0.8577591891930944]","[0.5774624061281628, 0.44302868611248514]","[2.4555399364754067e-09, 7.573438323249782e-09]","[2.4554190347636506e-09, 7.573381921588407e-09]","[0.39697984598108105, -0.4365584282813686]",0.14884534985231557
3,4363,"[0.3789724831327112, 0.6613079002380226]","[0.20033155121842627, 0.8577591891930944]","[0.5774624061232517, 0.44302868609733825]","[2.4457178191530336e-09, 7.543144549888399e-09]","[2.445596891664792e-09, 7.54308815409388e-09]","[0.39697984598108105, -0.4365584282813686]",0.14884534985651218
3,4364,"[0.3789724831278198, 0.6613079002229363]","[0.20033155121842627, 0.8577591891930944]","[0.5774624061183603, 0.443028686082252]","[2.435934996347604e-09, 7.51297203440217e-09]","[2.435814050461005e-09, 7.512915622953642e-09]","[0.39697984598108105, -0.4365584282813686]",0.14884534986069198
3,4365,"[0.3789724831229479, 0.6613079002079103]","[0.20033155121842627, 0.8577591891930944]","[0.5774624061134884, 0.443028686067226]","[2.426191286820008e-09, 7.48292003752406e-09]","[2.4260702891076846e-09, 7.482863662033878e-09]","[0.39697984598108105, -0.4365584282813686]",0.1488453498648551
3,4366,"[0.3789724831180955, 0.6613079001929445]","[0.20033155121842627, 0.8577591891930944]","[0.5774624061086362, 0.4430286860522602]","[2.416486568236872e-09, 7.452988454494613e-09]","[2.4163652190267726e-09, 7.452932049289984e-09]","[0.3969798459810814, -0.4365584282813686]",0.1488453498690016
3,4367,"[0.37897248311326254, 0.6613079001780385]","[0.20033155121842627, 0.8577591891930944]","[0.5774624061038032, 0.44302868603735424]","[2.4068205892392777e-09, 7.423176527661905e-09]","[2.406699395329781e-09, 7.4231201185881446e-09]","[0.39697984598108127, -0.4365584282813686]",0.14884534987313142
3,4368,"[0.3789724831084489, 0.6613079001631922]","[0.20033155121842627, 0.8577591891930944]","[0.5774624060989895, 0.4430286860225079]","[2.397193237275192e-09, 7.393483806899461e-09]","[2.3970721518828952e-09, 7.39342742583915e-09]","[0.39697984598108116, -0.4365584282813686]",0.14884534987724476
3,4369,"[0.3789724831036545, 0.6613079001484052]","[0.20033155121842627, 0.8577591891930944]","[0.5774624060941951, 0.44302868600772094]","[2.387604447039353e-09, 7.36390987637932e-09]","[2.3874833776638127e-09, 7.36385352695379e-09]","[0.39697984598108116, -0.4365584282813686]",0.14884534988134163
3,4370,"[0.37897248309887926, 0.6613079001336775]","[0.20033155121842627, 0.8577591891930944]","[0.5774624060894198, 0.44302868599299317]","[2.37805402082899e-09, 7.3344543612034175e-09]","[2.377933017161382e-09, 7.334397977842855e-09]","[0.39697984598108105, -0.4365584282813686]",0.14884534988542208
3,4371,"[0.3789724830941232, 0.6613079001190085]","[0.20033155121842627, 0.8577591891930944]","[0.5774624060846637, 0.44302868597832423]","[2.3685418501942803e-09, 7.305116503222317e-09]","[2.3684208483309988e-09, 7.30506011237253e-09]","[0.39697984598108105, -0.4365584282813686]",0.14884534988948628
3,4372,"[0.3789724830893861, 0.6613079001043983]","[0.20033155121842627, 0.8577591891930944]","[0.5774624060799266, 0.44302868596371403]","[2.359067667564973e-09, 7.275896102124021e-09]","[2.3589466491280575e-09, 7.275839708498211e-09]","[0.39697984598108105, -0.4365584282813686]",0.1488453498935342
3,4373,"[0.37897248308466797, 0.6613079000898465]","[0.20033155121842627, 0.8577591891930944]","[0.5774624060752086, 0.4430286859491622]","[2.34963151032486e-09, 7.2467924954477475e-09]","[2.3495102530191048e-09, 7.246736100086082e-09]","[0.39697984598108127, -0.4365584282813686]",0.14884534989756595
3,4374,"[0.3789724830799687, 0.6613079000753529]","[0.20033155121842627, 0.8577591891930944]","[0.5774624060705094, 0.4430286859346686]","[2.3402330058471053e-09, 7.217805221255178e-09]","[2.340111771026443e-09, 7.217748843046934e-09]","[0.39697984598108127, -0.4365584282813686]",0.1488453499015816
3,4375,"[0.37897248307528825, 0.6613079000609173]","[0.20033155121842627, 0.8577591891930944]","[0.5774624060658289, 0.44302868592023303]","[2.330872036906695e-09, 7.188934073065941e-09]","[2.3307508145720135e-09, 7.188877715336162e-09]","[0.39697984598108127, -0.4365584282813686]",0.14884534990558113
3,4376,"[0.3789724830706265, 0.6613079000465395]","[0.20033155121842627, 0.8577591891930944]","[0.577462406061167, 0.4430286859058552]","[2.321548430093993e-09, 7.1601784336290236e-09]","[2.321427328144665e-09, 7.16012205081995e-09]","[0.39697984598108116, -0.4365584282813686]",0.14884534990956463
3,4377,"[0.37897248306598336, 0.6613079000322192]","[0.20033155121842627, 0.8577591891930944]","[0.5774624060565239, 0.4430286858915349]","[2.3122622025239505e-09, 7.131537819225642e-09]","[2.3121412007220954e-09, 7.13148140540909e-09]","[0.39697984598108105, -0.4365584282813686]",0.14884534991353218
3,4378,"[0.37897248306135883, 0.6613079000179561]","[0.20033155121842627, 0.8577591891930944]","[0.5774624060518994, 0.44302868587727184]","[2.3030131810614683e-09, 7.103011760935402e-09]","[2.302892154748548e-09, 7.1029553350143715e-09]","[0.39697984598108105, -0.4365584282813686]",0.14884534991748394
3,4379,"[0.3789724830567528, 0.6613079000037502]","[0.20033155121842627, 0.8577591891930944]","[0.5774624060472935, 0.4430286858630659]","[2.293801177858559e-09, 7.074599801509923e-09]","[2.2936798016459647e-09, 7.074543395546584e-09]","[0.3969798459810814, -0.4365584282813686]",0.1488453499214199
3,4380,"[0.3789724830521652, 0.6613078999896009]","[0.20033155121842627, 0.8577591891930944]","[0.5774624060427058, 0.44302868584891664]","[2.2846259196334496e-09, 7.046301336035913e-09]","[2.2845046965258575e-09, 7.0462449208719136e-09]","[0.39697984598108127, -0.4365584282813686]",0.14884534992534004
3,4381,"[0.37897248304759595, 0.6613078999755083]","[0.20033155121842627, 0.8577591891930944]","[0.5774624060381366, 0.443028685834824]","[2.2754874444600054e-09, 7.018116116082315e-09]","[2.275366228765563e-09, 7.018059688945755e-09]","[0.39697984598108127, -0.4365584282813686]",0.14884534992924459
3,4382,"[0.378972483043045, 0.6613078999614721]","[0.20033155121842627, 0.8577591891930944]","[0.5774624060335856, 0.4430286858207878]","[2.2663854397898337e-09, 6.990043684258292e-09]","[2.2662643428539297e-09, 6.989987255678898e-09]","[0.39697984598108116, -0.4365584282813686]",0.14884534993313348
3,4383,"[0.3789724830385122, 0.6613078999474921]","[0.20033155121842627, 0.8577591891930944]","[0.5774624060290527, 0.44302868580680776]","[2.2573199254793423e-09, 6.9620836392649864e-09]","[2.2571989277686555e-09, 6.962027176982133e-09]","[0.39697984598108105, -0.4365584282813686]",0.14884534993700677
3,4384,"[0.37897248303399755, 0.6613078999335679]","[0.20033155121842627, 0.8577591891930944]","[0.5774624060245381, 0.44302868579288357]","[2.248290617849742e-09, 6.934235248584083e-09]","[2.248169483909379e-09, 6.934178786721645e-09]","[0.39697984598108116, -0.4365584282813686]",0.14884534994086462
3,4385,"[0.378972483029501, 0.6613078999196994]","[0.20033155121842627, 0.8577591891930944]","[0.5774624060200415, 0.4430286857790151]","[2.2392974771806383e-09, 6.906498353537297e-09]","[2.2391764553653104e-09, 6.90644186285283e-09]","[0.39697984598108105, -0.4365584282813686]",0.14884534994470705
3,4386,"[0.3789724830250224, 0.6613078999058865]","[0.20033155121842627, 0.8577591891930944]","[0.5774624060155631, 0.44302868576520216]","[2.230340384419282e-09, 6.8788724931871765e-09]","[2.230219009469181e-09, 6.8788159612864774e-09]","[0.3969798459810814, -0.4365584282813686]",0.14884534994853413
3,4387,"[0.37897248302056175, 0.6613078998921287]","[0.20033155121842627, 0.8577591891930944]","[0.5774624060111024, 0.4430286857514444]","[2.2214190348245698e-09, 6.8513569418273034e-09]","[2.221297701332503e-09, 6.8513004158887725e-09]","[0.3969798459810814, -0.4365584282813686]",0.14884534995234588
3,4388,"[0.3789724830161189, 0.661307899878426]","[0.20033155121842627, 0.8577591891930944]","[0.5774624060066595, 0.4430286857377417]","[2.212533339105462e-09, 6.823951534286762e-09]","[2.212412142377218e-09, 6.82389500461511e-09]","[0.39697984598108127, -0.4365584282813686]",0.1488453499561423
3,4389,"[0.37897248301169384, 0.6613078998647781]","[0.20033155121842627, 0.8577591891930944]","[0.5774624060022344, 0.4430286857240938]","[2.2036831762812024e-09, 6.796655817609132e-09]","[2.20356205504757e-09, 6.796599283376281e-09]","[0.39697984598108116, -0.4365584282813686]",0.1488453499599236
3,4390,"[0.3789724830072865, 0.6613078998511848]","[0.20033155121842627, 0.8577591891930944]","[0.5774624059978272, 0.44302868571050047]","[2.194868562672659e-09, 6.76946912431403e-09]","[2.1947471617878023e-09, 6.76941258603847e-09]","[0.3969798459810814, -0.4365584282813686]",0.1488453499636898
3,4391,"[0.37897248300289677, 0.6613078998376458]","[0.20033155121842627, 0.8577591891930944]","[0.5774624059934375, 0.4430286856969615]","[2.1860890826884436e-09, 6.742391213738126e-09]","[2.1859677401536715e-09, 6.7423346905570725e-09]","[0.3969798459810814, -0.4365584282813686]",0.14884534996744095
3,4392,"[0.3789724829985246, 0.661307899824161]","[0.20033155121842627, 0.8577591891930944]","[0.5774624059890653, 0.44302868568347675]","[2.1773446839187926e-09, 6.715421694291418e-09]","[2.177223401567119e-09, 6.715365152842878e-09]","[0.3969798459810814, -0.4365584282813686]",0.14884534997117704
3,4393,"[0.3789724829941699, 0.6613078998107302]","[0.20033155121842627, 0.8577591891930944]","[0.5774624059847107, 0.44302868567004594]","[2.1686352961181243e-09, 6.688560056695682e-09]","[2.1685139239835394e-09, 6.6885035288066774e-09]","[0.3969798459810815, -0.4365584282813686]",0.14884534997489823
3,4394,"[0.37897248298983266, 0.6613078997973532]","[0.20033155121842627, 0.8577591891930944]","[0.5774624059803735, 0.44302868565666886]","[2.15996079618291e-09, 6.66180592007506e-09]","[2.159839307402933e-09, 6.66174937435926e-09]","[0.3969798459810816, -0.4365584282813686]",0.14884534997860455
3,4395,"[0.3789724829855127, 0.6613078997840296]","[0.20033155121842627, 0.8577591891930944]","[0.5774624059760536, 0.4430286856433453]","[2.1513208949806393e-09, 6.635158795417517e-09]","[2.1511993297806953e-09, 6.635102245411417e-09]","[0.3969798459810817, -0.4365584282813686]",0.14884534998229593
3,4396,"[0.37897248298121006, 0.6613078997707593]","[0.20033155121842627, 0.8577591891930944]","[0.5774624059717509, 0.443028685630075]","[2.142715545605073e-09, 6.608618249694394e-09]","[2.1425939911168257e-09, 6.608561697873938e-09]","[0.3969798459810817, -0.4365584282813686]",0.1488453499859726
3,4397,"[0.37897248297692465, 0.6613078997575421]","[0.20033155121842627, 0.8577591891930944]","[0.5774624059674656, 0.4430286856168578]","[2.1341447598109805e-09, 6.582183843780503e-09]","[2.1340231248778707e-09, 6.582127287657613e-09]","[0.3969798459810818, -0.4365584282813686]",0.1488453499896346
3,4398,"[0.37897248297265634, 0.6613078997443778]","[0.20033155121842627, 0.8577591891930944]","[0.5774624059631972, 0.44302868560369346]","[2.125608040847763e-09, 6.5558551185107506e-09]","[2.1254865645303767e-09, 6.5557985706732325e-09]","[0.3969798459810817, -0.4365584282813686]",0.1488453499932819
3,4399,"[0.37897248296840513, 0.661307899731266]","[0.20033155121842627, 0.8577591891930944]","[0.5774624059589459, 0.44302868559058173]","[2.117105601183344e-09, 6.5296316387022196e-09]","[2.1169842545631923e-09, 6.529575102831586e-09]","[0.3969798459810816, -0.4365584282813686]",0.14884534999691468
3,4400,"[0.3789724829641709, 0.6613078997182068]","[0.20033155121842627, 0.8577591891930944]","[0.5774624059547118, 0.4430286855775225]","[2.108637153289488e-09, 6.503513230317905e-09]","[2.1085156953759565e-09, 6.50345666208807e-09]","[0.3969798459810817, -0.4365584282813686]",0.14884535000053284
3,4401,"[0.3789724829599536, 0.6613078997051998]","[0.20033155121842627, 0.8577591891930944]","[0.5774624059504945, 0.44302868556451547]","[2.1002025451200002e-09, 6.4774991876439244e-09]","[2.1000811090132743e-09, 6.477442582308868e-09]","[0.3969798459810817, -0.4365584282813686]",0.14884535000413657
3,4402,"[0.3789724829557532, 0.6613078996922448]","[0.20033155121842627, 0.8577591891930944]","[0.577462405946294, 0.4430286855515605]","[2.0918016568532835e-09, 6.4515892670595085e-09]","[2.0916802734305406e-09, 6.451532641449376e-09]","[0.3969798459810817, -0.4365584282813686]",0.14884535000772586
3,4403,"[0.3789724829515696, 0.6613078996793416]","[0.20033155121842627, 0.8577591891930944]","[0.5774624059421105, 0.44302868553865726]","[2.0834344977236154e-09, 6.4257828048556265e-09]","[2.083313022094302e-09, 6.425726173375779e-09]","[0.3969798459810818, -0.4365584282813686]",0.14884535001130092
3,4404,"[0.3789724829474027, 0.66130789966649]","[0.20033155121842627, 0.8577591891930944]","[0.5774624059379436, 0.44302868552580565]","[2.075100726616774e-09, 6.400079605996816e-09]","[2.0749792439822556e-09, 6.400022956043472e-09]","[0.3969798459810818, -0.4365584282813686]",0.1488453500148616
3,4405,"[0.37897248294325253, 0.6613078996536897]","[0.20033155121842627, 0.8577591891930944]","[0.5774624059337934, 0.44302868551300545]","[2.0668002956534964e-09, 6.374479231478565e-09]","[2.066678939094402e-09, 6.374422545363245e-09]","[0.3969798459810817, -0.4365584282813686]",0.148845350018408
3,4406,"[0.37897248293911895, 0.6613078996409408]","[0.20033155121842627, 0.8577591891930944]","[0.5774624059296598, 0.44302868550025654]","[2.0585331334005776e-09, 6.3489814266662145e-09]","[2.058411774363833e-09, 6.348924719290494e-09]","[0.3969798459810817, -0.4365584282813686]",0.14884535002194021
3,4407,"[0.3789724829350019, 0.6613078996282429]","[0.20033155121842627, 0.8577591891930944]","[0.5774624059255428, 0.4430286854875586]","[2.0502990517165987e-09, 6.323585572312462e-09]","[2.050177694279398e-09, 6.3235288116914035e-09]","[0.3969798459810817, -0.4365584282813686]",0.14884535002545835
3,4408,"[0.3789724829309013, 0.6613078996155957]","[0.20033155121842627, 0.8577591891930944]","[0.5774624059214422, 0.44302868547491137]","[2.0420978322900308e-09, 6.2982911215433645e-09]","[2.041976476796492e-09, 6.298234378476764e-09]","[0.3969798459810817, -0.4365584282813686]",0.1488453500289624
3,4409,"[0.3789724829268171, 0.6613078996029991]","[0.20033155121842627, 0.8577591891930944]","[0.577462405917358, 0.4430286854623148]","[2.03392947568715e-09, 6.27309797431403e-09]","[2.033808121915115e-09, 6.2730411976019695e-09]","[0.3969798459810817, -0.4365584282813686]",0.14884535003245242
3,4410,"[0.37897248292274927, 0.6613078995904529]","[0.20033155121842627, 0.8577591891930944]","[0.5774624059132901, 0.4430286854497686]","[2.025793759911147e-09, 6.248005640857405e-09]","[2.025672407590662e-09, 6.2479488249778115e-09]","[0.3969798459810817, -0.4365584282813686]",0.14884535003592847
3,4411,"[0.3789724829186977, 0.6613078995779569]","[0.20033155121842627, 0.8577591891930944]","[0.5774624059092386, 0.4430286854372726]","[2.017690629420014e-09, 6.223013651469461e-09]","[2.017569167289679e-09, 6.2229568165150795e-09]","[0.3969798459810818, -0.4365584282813686]",0.14884535003939064
3,4412,"[0.3789724829146623, 0.6613078995655108]","[0.20033155121842627, 0.8577591891930944]","[0.5774624059052031, 0.44302868542482654]","[2.009619788116785e-09, 6.198121576713797e-09]","[2.0094984565233176e-09, 6.198064728124564e-09]","[0.3969798459810817, -0.4365584282813686]",0.14884535004283894
3,4413,"[0.37897248291064306, 0.6613078995531146]","[0.20033155121842627, 0.8577591891930944]","[0.5774624059011839, 0.44302868541243035]","[2.0015813531584598e-09, 6.1733291880846105e-09]","[2.0014599977358216e-09, 6.173272337761659e-09]","[0.3969798459810817, -0.4365584282813686]",0.14884535004627344
3,4414,"[0.3789724829066399, 0.661307899540768]","[0.20033155121842627, 0.8577591891930944]","[0.5774624058971807, 0.44302868540008367]","[1.9935750001879964e-09, 6.148635829455491e-09]","[1.9934537354160398e-09, 6.148578979292552e-09]","[0.3969798459810816, -0.4365584282813686]",0.14884535004969424
3,4415,"[0.37897248290265273, 0.6613078995284707]","[0.20033155121842627, 0.8577591891930944]","[0.5774624058931935, 0.4430286853877864]","[1.985600710849621e-09, 6.124041261931052e-09]","[1.985479447519367e-09, 6.1239844306726354e-09]","[0.3969798459810816, -0.4365584282813686]",0.14884535005310132
3,4416,"[0.3789724828986815, 0.6613078995162226]","[0.20033155121842627, 0.8577591891930944]","[0.5774624058892224, 0.4430286853755383]","[1.977658306754283e-09, 6.0995450941123e-09]","[1.9775369120011987e-09, 6.099488247812701e-09]","[0.3969798459810817, -0.4365584282813686]",0.14884535005649477
3,4417,"[0.3789724828947262, 0.6613078995040235]","[0.20033155121842627, 0.8577591891930944]","[0.5774624058852671, 0.44302868536333917]","[1.9697476922451204e-09, 6.075146825918325e-09]","[1.969626184372686e-09, 6.075089986623539e-09]","[0.3969798459810818, -0.4365584282813686]",0.14884535005987476
3,4418,"[0.37897248289078667, 0.6613078994918732]","[0.20033155121842627, 0.8577591891930944]","[0.5774624058813276, 0.4430286853511889]","[1.96186864841179e-09, 6.050846252177511e-09]","[1.961747153611526e-09, 6.050789425060543e-09]","[0.3969798459810818, -0.4365584282813686]",0.14884535006324107
3,4419,"[0.3789724828868629, 0.6613078994797715]","[0.20033155121842627, 0.8577591891930944]","[0.5774624058774038, 0.44302868533908724]","[1.9540211777964423e-09, 6.026642987373744e-09]","[1.9538996531842656e-09, 6.026586119034505e-09]","[0.3969798459810818, -0.4365584282813686]",0.148845350066594
3,4420,"[0.3789724828829549, 0.6613078994677183]","[0.20033155121842627, 0.8577591891930944]","[0.5774624058734958, 0.443028685327034]","[1.9462050974687423e-09, 6.0025364956177e-09]","[1.9460834610462996e-09, 6.002479624456214e-09]","[0.39697984598108194, -0.4365584282813686]",0.14884535006993346
3,4421,"[0.3789724828790625, 0.6613078994557132]","[0.20033155121842627, 0.8577591891930944]","[0.5774624058696034, 0.4430286853150289]","[1.938420265778642e-09, 5.978526365494879e-09]","[1.938298799242233e-09, 5.9784694972364605e-09]","[0.3969798459810818, -0.4365584282813686]",0.1488453500732596
3,4422,"[0.37897248287518565, 0.6613078994437561]","[0.20033155121842627, 0.8577591891930944]","[0.5774624058657265, 0.4430286853030718]","[1.9306665572312258e-09, 5.954612139745689e-09]","[1.9305451681717045e-09, 5.954555293286035e-09]","[0.3969798459810817, -0.4365584282813686]",0.1488453500765724
3,4423,"[0.3789724828713243, 0.6613078994318469]","[0.20033155121842627, 0.8577591891930944]","[0.5774624058618651, 0.44302868529116257]","[1.9229438690891493e-09, 5.930793612540473e-09]","[1.922822456812412e-09, 5.9307367905603314e-09]","[0.3969798459810817, -0.4365584282813686]",0.14884535007987199
3,4424,"[0.3789724828674784, 0.6613078994199852]","[0.20033155121842627, 0.8577591891930944]","[0.5774624058580193, 0.44302868527930095]","[1.9152522008536196e-09, 5.90707036091814e-09]","[1.915130665164355e-09, 5.907013544970141e-09]","[0.3969798459810818, -0.4365584282813686]",0.1488453500831584
3,4425,"[0.37897248286364793, 0.6613078994081711]","[0.20033155121842627, 0.8577591891930944]","[0.5774624058541888, 0.44302868526748684]","[1.9075912085563906e-09, 5.883442184794082e-09]","[1.9074696822052317e-09, 5.883385334470859e-09]","[0.3969798459810818, -0.4365584282813686]",0.14884535008643168
3,4426,"[0.37897248285983276, 0.6613078993964042]","[0.20033155121842627, 0.8577591891930944]","[0.5774624058503737, 0.4430286852557199]","[1.8999608628616824e-09, 5.859908347625386e-09]","[1.899839341401588e-09, 5.859851492928669e-09]","[0.3969798459810818, -0.4365584282813686]",0.14884535008969182
3,4427,"[0.37897248285603286, 0.6613078993846844]","[0.20033155121842627, 0.8577591891930944]","[0.5774624058465738, 0.4430286852440001]","[1.8923610495971107e-09, 5.8364686433429826e-09]","[1.892239420708819e-09, 5.836411798298968e-09]","[0.39697984598108194, -0.4365584282813686]",0.14884535009293898
3,4428,"[0.37897248285224816, 0.6613078993730115]","[0.20033155121842627, 0.8577591891930944]","[0.5774624058427891, 0.4430286852323272]","[1.8847916386190107e-09, 5.813122863321033e-09]","[1.8846701421715295e-09, 5.8130660285371505e-09]","[0.3969798459810818, -0.4365584282813686]",0.14884535009617306
3,4429,"[0.37897248284847856, 0.6613078993613852]","[0.20033155121842627, 0.8577591891930944]","[0.5774624058390194, 0.44302868522070094]","[1.877252432374268e-09, 5.789870343373805e-09]","[1.8771310061893587e-09, 5.789813517509401e-09]","[0.3969798459810817, -0.4365584282813686]",0.14884535009939417
3,4430,"[0.37897248284472407, 0.6613078993498055]","[0.20033155121842627, 0.8577591891930944]","[0.5774624058352649, 0.4430286852091212]","[1.8697434641780218e-09, 5.766710861541059e-09]","[1.869622123784609e-09, 5.7666540431711155e-09]","[0.3969798459810816, -0.4365584282813686]",0.14884535010260247
3,4431,"[0.37897248284098456, 0.661307899338272]","[0.20033155121842627, 0.8577591891930944]","[0.5774624058315254, 0.44302868519758776]","[1.8622644910139895e-09, 5.7436439735473834e-09]","[1.862142995356919e-09, 5.7435871614330836e-09]","[0.3969798459810817, -0.4365584282813686]",0.14884535010579797
3,4432,"[0.37897248283726004, 0.6613078993267848]","[0.20033155121842627, 0.8577591891930944]","[0.5774624058278008, 0.4430286851861005]","[1.8548154286882867e-09, 5.7206694571502535e-09]","[1.854694064995499e-09, 5.7206126502507004e-09]","[0.3969798459810816, -0.4365584282813686]",0.1488453501089806
3,4433,"[0.3789724828335504, 0.6613078993153435]","[0.20033155121842627, 0.8577591891930944]","[0.5774624058240911, 0.4430286851746592]","[1.8473962067135965e-09, 5.6977868680884025e-09]","[1.847274888611139e-09, 5.697730065534756e-09]","[0.3969798459810815, -0.4365584282813686]",0.1488453501121505
3,4434,"[0.37897248282985563, 0.661307899303948]","[0.20033155121842627, 0.8577591891930944]","[0.5774624058203963, 0.44302868516326366]","[1.8400066861134233e-09, 5.674995725120616e-09]","[1.8398854662038389e-09, 5.674938963196041e-09]","[0.3969798459810814, -0.4365584282813686]",0.14884535011530775
3,4435,"[0.3789724828261756, 0.6613078992925979]","[0.20033155121842627, 0.8577591891930944]","[0.5774624058167164, 0.4430286851519136]","[1.8326467685407053e-09, 5.6522956611358345e-09]","[1.8325253536843888e-09, 5.652238899145345e-09]","[0.3969798459810815, -0.4365584282813686]",0.1488453501184524
3,4436,"[0.37897248282251034, 0.6613078992812933]","[0.20033155121842627, 0.8577591891930944]","[0.5774624058130511, 0.443028685140609]","[1.8253161775776893e-09, 5.629686419037394e-09]","[1.8251947730973939e-09, 5.629629651338064e-09]","[0.3969798459810815, -0.4365584282813686]",0.1488453501215845
3,4437,"[0.3789724828188597, 0.661307899270034]","[0.20033155121842627, 0.8577591891930944]","[0.5774624058094004, 0.4430286851293497]","[1.8180149218537868e-09, 5.607167808136042e-09]","[1.817893502398249e-09, 5.607110997729592e-09]","[0.3969798459810815, -0.4365584282813686]",0.148845350124704
3,4438,"[0.37897248281522367, 0.6613078992588196]","[0.20033155121842627, 0.8577591891930944]","[0.5774624058057645, 0.4430286851181353]","[1.8107428664365459e-09, 5.584739093667262e-09]","[1.8106213195423493e-09, 5.5846822721861145e-09]","[0.3969798459810816, -0.4365584282813686]",0.1488453501278111
3,4439,"[0.3789724828116022, 0.6613078992476501]","[0.20033155121842627, 0.8577591891930944]","[0.5774624058021429, 0.4430286851069658]","[1.8034999152863726e-09, 5.562400079287327e-09]","[1.8033784465742997e-09, 5.562343252663027e-09]","[0.3969798459810815, -0.4365584282813686]",0.14884535013090572
3,4440,"[0.37897248280799517, 0.6613078992365253]","[0.20033155121842627, 0.8577591891930944]","[0.5774624057985359, 0.44302868509584103]","[1.7962858955017525e-09, 5.540150547345024e-09]","[1.7961644394048903e-09, 5.540093717115724e-09]","[0.3969798459810815, -0.4365584282813686]",0.14884535013398797
3,4441,"[0.3789724828044026, 0.6613078992254451]","[0.20033155121842627, 0.8577591891930944]","[0.5774624057949433, 0.44302868508476084]","[1.7891007616262597e-09, 5.517990073078687e-09]","[1.7889792980341213e-09, 5.517933110432693e-09]","[0.3969798459810815, -0.4365584282813685]",0.14884535013705785
3,4442,"[0.3789724828008244, 0.6613078992144091]","[0.20033155121842627, 0.8577591891930944]","[0.5774624057913651, 0.44302868507372495]","[1.781944384279217e-09, 5.495918178689256e-09]","[1.7818230224619924e-09, 5.495861099547028e-09]","[0.3969798459810814, -0.43655842828136837]",0.14884535014011535
3,4443,"[0.37897248279726053, 0.6613078992034173]","[0.20033155121842627, 0.8577591891930944]","[0.5774624057878013, 0.4430286850627331]","[1.7748166681489163e-09, 5.473934368273527e-09]","[1.774695168599294e-09, 5.47387735139182e-09]","[0.3969798459810815, -0.43655842828136837]",0.14884535014316086
3,4444,"[0.3789724827937109, 0.6613078991924694]","[0.20033155121842627, 0.8577591891930944]","[0.5774624057842517, 0.44302868505178516]","[1.7677173847794978e-09, 5.452038523768514e-09]","[1.767595736446026e-09, 5.451981532900163e-09]","[0.3969798459810816, -0.43655842828136837]",0.1488453501461941
3,4445,"[0.3789724827901754, 0.6613078991815653]","[0.20033155121842627, 0.8577591891930944]","[0.5774624057807163, 0.4430286850408811]","[1.7606465132418688e-09, 5.430230395529742e-09]","[1.7605247260021883e-09, 5.430173422027451e-09]","[0.3969798459810817, -0.43655842828136837]",0.14884535014921518
3,4446,"[0.37897248278665413, 0.6613078991707049]","[0.20033155121842627, 0.8577591891930944]","[0.577462405777195, 0.4430286850300207]","[1.7536038669639342e-09, 5.4085095529373885e-09]","[1.7534821372677811e-09, 5.408452574684475e-09]","[0.3969798459810817, -0.43655842828136837]",0.14884535015222422
3,4447,"[0.37897248278314694, 0.6613078991598879]","[0.20033155121842627, 0.8577591891930944]","[0.5774624057736879, 0.44302868501920367]","[1.746589564507797e-09, 5.3868755352814655e-09]","[1.7464675816647457e-09, 5.386818546782024e-09]","[0.39697984598108194, -0.43655842828136837]",0.1488453501552212
3,4448,"[0.37897248277965373, 0.6613078991491141]","[0.20033155121842627, 0.8577591891930944]","[0.5774624057701947, 0.44302868500842996]","[1.7396031243059231e-09, 5.365328061934457e-09]","[1.7394811702153845e-09, 5.365271116275494e-09]","[0.39697984598108194, -0.43655842828136837]",0.1488453501582062
3,4449,"[0.3789724827761745, 0.6613078991383835]","[0.20033155121842627, 0.8577591891930944]","[0.5774624057667156, 0.4430286849976993]","[1.7326447067477523e-09, 5.343866814485898e-09]","[1.732522514341639e-09, 5.343809839075675e-09]","[0.39697984598108216, -0.43655842828136837]",0.14884535016117928
3,4450,"[0.37897248277270923, 0.6613078991276957]","[0.20033155121842627, 0.8577591891930944]","[0.5774624057632503, 0.44302868498701153]","[1.7257140919339415e-09, 5.3224912143579445e-09]","[1.7255920581327189e-09, 5.322434271093357e-09]","[0.39697984598108205, -0.43655842828136837]",0.14884535016414044
3,4451,"[0.3789724827692578, 0.6613078991170508]","[0.20033155121842627, 0.8577591891930944]","[0.5774624057597988, 0.4430286849763666]","[1.7188112612754178e-09, 5.301201377910477e-09]","[1.7186893574994144e-09, 5.30114441232854e-09]","[0.39697984598108194, -0.43655842828136837]",0.14884535016708966
3,4452,"[0.3789724827658202, 0.6613078991064484]","[0.20033155121842627, 0.8577591891930944]","[0.5774624057563611, 0.4430286849657642]","[1.711935946084975e-09, 5.2799965920953195e-09]","[1.7118141903971207e-09, 5.2799395966474094e-09]","[0.3969798459810818, -0.43655842828136837]",0.14884535017002715
3,4453,"[0.3789724827623963, 0.6613078990958884]","[0.20033155121842627, 0.8577591891930944]","[0.5774624057529372, 0.4430286849552042]","[1.7050881547290255e-09, 5.258876608799847e-09]","[1.7049665013146864e-09, 5.25881960200536e-09]","[0.3969798459810817, -0.43655842828136837]",0.14884535017295292
3,4454,"[0.37897248275898615, 0.6613078990853707]","[0.20033155121842627, 0.8577591891930944]","[0.5774624057495271, 0.4430286849446865]","[1.6982679513953664e-09, 5.2378412203508005e-09]","[1.6981460126963555e-09, 5.237784206357787e-09]","[0.39697984598108194, -0.43655842828136837]",0.14884535017586698
3,4455,"[0.3789724827555896, 0.661307899074895]","[0.20033155121842627, 0.8577591891930944]","[0.5774624057461306, 0.44302868493421077]","[1.6914747807772476e-09, 5.216889766270454e-09]","[1.691352780053279e-09, 5.216832743570876e-09]","[0.39697984598108205, -0.43655842828136837]",0.14884535017876943
3,4456,"[0.37897248275220663, 0.6613078990644612]","[0.20033155121842627, 0.8577591891930944]","[0.5774624057427477, 0.443028684923777]","[1.6847087895040782e-09, 5.196022247134927e-09]","[1.6845868588966084e-09, 5.195965213644627e-09]","[0.39697984598108205, -0.43655842828136837]",0.14884535018166023
3,4457,"[0.3789724827488372, 0.6613078990540692]","[0.20033155121842627, 0.8577591891930944]","[0.5774624057393782, 0.443028684913385]","[1.6779699314853306e-09, 5.175238252569041e-09]","[1.6778480271817386e-09, 5.175181172489829e-09]","[0.39697984598108205, -0.43655842828136837]",0.14884535018453943
3,4458,"[0.3789724827454813, 0.6613078990437187]","[0.20033155121842627, 0.8577591891930944]","[0.5774624057360223, 0.4430286849030345]","[1.671258098631918e-09, 5.1545372333397224e-09]","[1.6711362849086697e-09, 5.154480176017273e-09]","[0.39697984598108194, -0.43655842828136837]",0.14884535018740713
3,4459,"[0.3789724827421388, 0.6613078990334096]","[0.20033155121842627, 0.8577591891930944]","[0.5774624057326798, 0.4430286848927254]","[1.6645730874857722e-09, 5.133919098124321e-09]","[1.6644511879881918e-09, 5.1338620021823544e-09]","[0.39697984598108205, -0.43655842828136837]",0.1488453501902634
3,4460,"[0.3789724827388096, 0.6613078990231418]","[0.20033155121842627, 0.8577591891930944]","[0.5774624057293507, 0.4430286848824576]","[1.6579147250209622e-09, 5.1133835173193685e-09]","[1.6577927364203049e-09, 5.113326428940468e-09]","[0.39697984598108216, -0.43655842828136837]",0.14884535019310824
3,4461,"[0.3789724827354938, 0.661307899012915]","[0.20033155121842627, 0.8577591891930944]","[0.5774624057260349, 0.4430286848722308]","[1.6512830360870285e-09, 5.092929881029576e-09]","[1.651160930205009e-09, 5.092872790157799e-09]","[0.39697984598108227, -0.43655842828136837]",0.1488453501959417
3,4462,"[0.3789724827321912, 0.6613078990027291]","[0.20033155121842627, 0.8577591891930944]","[0.5774624057227323, 0.44302868486204494]","[1.6446778043449464e-09, 5.072558161745709e-09]","[1.644555769342304e-09, 5.072501085834347e-09]","[0.39697984598108227, -0.43655842828136837]",0.14884535019876377
3,4463,"[0.3789724827289018, 0.661307898992584]","[0.20033155121842627, 0.8577591891930944]","[0.577462405719443, 0.44302868485189983]","[1.6380990690564046e-09, 5.0522679664090975e-09]","[1.6379770317875852e-09, 5.052210871880902e-09]","[0.39697984598108227, -0.43655842828136837]",0.1488453502015746
3,4464,"[0.3789724827256256, 0.6613078989824794]","[0.20033155121842627, 0.8577591891930944]","[0.5774624057161668, 0.44302868484179525]","[1.6315466805695272e-09, 5.032058804011356e-09]","[1.6314245510073988e-09, 5.0320017042082554e-09]","[0.3969798459810824, -0.43655842828136837]",0.14884535020437423
3,4465,"[0.3789724827223625, 0.6613078989724153]","[0.20033155121842627, 0.8577591891930944]","[0.5774624057129036, 0.4430286848317311]","[1.6250203635052647e-09, 5.011930444760418e-09]","[1.624898382512896e-09, 5.011873360771801e-09]","[0.39697984598108227, -0.43655842828136837]",0.14884535020716255
3,4466,"[0.37897248271911244, 0.6613078989623914]","[0.20033155121842627, 0.8577591891930944]","[0.5774624057096536, 0.4430286848217072]","[1.6185202194661038e-09, 4.991882757899357e-09]","[1.6183982487483206e-09, 4.991825619526935e-09]","[0.39697984598108227, -0.43655842828136837]",0.14884535020993978
3,4467,"[0.3789724827158754, 0.6613078989524076]","[0.20033155121842627, 0.8577591891930944]","[0.5774624057064166, 0.4430286848117234]","[1.6120462202261919e-09, 4.971915157322263e-09]","[1.6119241497136727e-09, 4.971858036384447e-09]","[0.3969798459810824, -0.43655842828136837]",0.14884535021270592
3,4468,"[0.3789724827126513, 0.6613078989424638]","[0.20033155121842627, 0.8577591891930944]","[0.5774624057031925, 0.4430286848017796]","[1.605598016594911e-09, 4.952027500669399e-09]","[1.6054759743866498e-09, 4.951970389299731e-09]","[0.3969798459810824, -0.43655842828136837]",0.14884535021546097
3,4469,"[0.3789724827094401, 0.6613078989325597]","[0.20033155121842627, 0.8577591891930944]","[0.5774624056999813, 0.44302868479187557]","[1.5991755778650915e-09, 4.932219356910289e-09]","[1.5990535562337982e-09, 4.932162123161277e-09]","[0.3969798459810824, -0.43655842828136826]",0.148845350218205
3,4470,"[0.3789724827062418, 0.6613078989226953]","[0.20033155121842627, 0.8577591891930944]","[0.577462405696783, 0.44302868478201113]","[1.5927789002405903e-09, 4.912490468984282e-09]","[1.5926568952551179e-09, 4.912433237969083e-09]","[0.3969798459810824, -0.43655842828136826]",0.14884535022093803
3,4471,"[0.3789724827030562, 0.6613078989128702]","[0.20033155121842627, 0.8577591891930944]","[0.5774624056935974, 0.4430286847721861]","[1.5864077606035677e-09, 4.892840396063798e-09]","[1.586285769406004e-09, 4.892783178611637e-09]","[0.3969798459810824, -0.43655842828136826]",0.1488453502236602
3,4472,"[0.37897248269988343, 0.6613078989030845]","[0.20033155121842627, 0.8577591891930944]","[0.5774624056904246, 0.44302868476240037]","[1.5800621584080309e-09, 4.873268927313154e-09]","[1.5799401786864564e-09, 4.873211723044335e-09]","[0.3969798459810824, -0.43655842828136826]",0.14884535022637144
3,4473,"[0.3789724826967233, 0.661307898893338]","[0.20033155121842627, 0.8577591891930944]","[0.5774624056872645, 0.4430286847526539]","[1.5737419082198771e-09, 4.853775897702955e-09]","[1.5736199010518703e-09, 4.85371859371142e-09]","[0.3969798459810824, -0.43655842828136815]",0.1488453502290718
3,4474,"[0.3789724826935758, 0.6613078988836304]","[0.20033155121842627, 0.8577591891930944]","[0.577462405684117, 0.4430286847429464]","[1.5674469418710437e-09, 4.83436077057267e-09]","[1.5673249365022457e-09, 4.834303346523683e-09]","[0.3969798459810824, -0.43655842828136804]",0.14884535023176138
3,4475,"[0.3789724826904409, 0.6613078988739617]","[0.20033155121842627, 0.8577591891930944]","[0.5774624056809821, 0.44302868473327767]","[1.5611771182617134e-09, 4.8150232989444385e-09]","[1.5610552295264313e-09, 4.814965925969972e-09]","[0.39697984598108227, -0.43655842828136804]",0.14884535023444018
3,4476,"[0.3789724826873186, 0.6613078988643316]","[0.20033155121842627, 0.8577591891930944]","[0.5774624056778597, 0.44302868472364765]","[1.5549324599574983e-09, 4.795763137675227e-09]","[1.5548106691021246e-09, 4.795705665916472e-09]","[0.39697984598108216, -0.4365584282813679]",0.14884535023710826
3,4477,"[0.37897248268420874, 0.6613078988547401]","[0.20033155121842627, 0.8577591891930944]","[0.5774624056747498, 0.4430286847140561]","[1.5487127577790496e-09, 4.776579999054126e-09]","[1.5485909776735696e-09, 4.776522566363184e-09]","[0.39697984598108216, -0.4365584282813679]",0.14884535023976572
3,4478,"[0.37897248268111133, 0.6613078988451869]","[0.20033155121842627, 0.8577591891930944]","[0.5774624056716524, 0.44302868470450296]","[1.5425179474426426e-09, 4.757473695733959e-09]","[1.5423961552407661e-09, 4.7574162942432e-09]","[0.39697984598108216, -0.4365584282813679]",0.14884535024241252
3,4479,"[0.3789724826780263, 0.661307898835672]","[0.20033155121842627, 0.8577591891930944]","[0.5774624056685673, 0.443028684694988]","[1.53634793358016e-09, 4.738443799687688e-09]","[1.5362262018037143e-09, 4.73838640546731e-09]","[0.39697984598108205, -0.4365584282813679]",0.14884535024504872
3,4480,"[0.3789724826749536, 0.6613078988261951]","[0.20033155121842627, 0.8577591891930944]","[0.5774624056654947, 0.44302868468551115]","[1.5302025156455234e-09, 4.719490026098925e-09]","[1.5300806732732042e-09, 4.719432677990909e-09]","[0.39697984598108216, -0.4365584282813679]",0.1488453502476744
3,4481,"[0.3789724826718932, 0.6613078988167561]","[0.20033155121842627, 0.8577591891930944]","[0.5774624056624342, 0.44302868467607215]","[1.5240817067951614e-09, 4.700611949142548e-09]","[1.5239600137384457e-09, 4.700554667724788e-09]","[0.39697984598108205, -0.4365584282813679]",0.14884535025028958
3,4482,"[0.37897248266884503, 0.6613078988073549]","[0.20033155121842627, 0.8577591891930944]","[0.577462405659386, 0.4430286846666709]","[1.517985415429153e-09, 4.681809423099585e-09]","[1.517863779110229e-09, 4.681752152624341e-09]","[0.39697984598108194, -0.4365584282813679]",0.14884535025289425
3,4483,"[0.3789724826658091, 0.6613078987979912]","[0.20033155121842627, 0.8577591891930944]","[0.57746240565635, 0.44302868465730727]","[1.5119134987770493e-09, 4.66308218252418e-09]","[1.511791969388554e-09, 4.663024910644964e-09]","[0.3969798459810818, -0.4365584282813679]",0.14884535025548856
3,4484,"[0.37897248266278527, 0.661307898788665]","[0.20033155121842627, 0.8577591891930944]","[0.5774624056533262, 0.44302868464798106]","[1.5058659316450093e-09, 4.644429757080664e-09]","[1.5057443625288158e-09, 4.6443724976974465e-09]","[0.3969798459810818, -0.4365584282813679]",0.14884535025807247
3,4485,"[0.3789724826597735, 0.6613078987793761]","[0.20033155121842627, 0.8577591891930944]","[0.5774624056503144, 0.44302868463869216]","[1.4998423941052308e-09, 4.625851938429407e-09]","[1.4997209030198633e-09, 4.625794691737184e-09]","[0.3969798459810817, -0.4365584282813679]",0.14884535026064605
3,4486,"[0.3789724826567738, 0.6613078987701244]","[0.20033155121842627, 0.8577591891930944]","[0.5774624056473147, 0.44302868462944045]","[1.4938430169022192e-09, 4.607348524960073e-09]","[1.4937214798393939e-09, 4.607291270719571e-09]","[0.3969798459810817, -0.4365584282813679]",0.14884535026320933
3,4487,"[0.37897248265378614, 0.6613078987609097]","[0.20033155121842627, 0.8577591891930944]","[0.5774624056443272, 0.44302868462022577]","[1.487867776299938e-09, 4.588919057190769e-09]","[1.4877458709428026e-09, 4.588861679533096e-09]","[0.39697984598108205, -0.4365584282813678]",0.14884535026576245
3,4488,"[0.3789724826508104, 0.6613078987517318]","[0.20033155121842627, 0.8577591891930944]","[0.5774624056413514, 0.44302868461104794]","[1.4819162880846257e-09, 4.57056325475473e-09]","[1.481794409396997e-09, 4.570505807155456e-09]","[0.39697984598108205, -0.4365584282813677]",0.14884535026830525
3,4489,"[0.37897248264784655, 0.6613078987425907]","[0.20033155121842627, 0.8577591891930944]","[0.5774624056383876, 0.4430286846019068]","[1.4759886092604968e-09, 4.552280987452799e-09]","[1.4758667066239184e-09, 4.552223542564349e-09]","[0.39697984598108205, -0.4365584282813677]",0.14884535027083787
3,4490,"[0.3789724826448946, 0.661307898733486]","[0.20033155121842627, 0.8577591891930944]","[0.5774624056354356, 0.44302868459280226]","[1.4700846620736647e-09, 4.534071827874786e-09]","[1.4699627626235667e-09, 4.5340142751371104e-09]","[0.39697984598108205, -0.4365584282813676]",0.1488453502733604
3,4491,"[0.37897248264195443, 0.6613078987244179]","[0.20033155121842627, 0.8577591891930944]","[0.5774624056324955, 0.44302868458373407]","[1.4642043963184481e-09, 4.51593540986906e-09]","[1.4640823553513371e-09, 4.515877893851439e-09]","[0.39697984598108216, -0.4365584282813676]",0.14884535027587287
3,4492,"[0.378972482639026, 0.661307898715386]","[0.20033155121842627, 0.8577591891930944]","[0.5774624056295671, 0.4430286845747022]","[1.4583474703609381e-09, 4.497871607057755e-09]","[1.4582254848072296e-09, 4.497814121151578e-09]","[0.39697984598108216, -0.4365584282813676]",0.14884535027837525
3,4493,"[0.3789724826361093, 0.6613078987063903]","[0.20033155121842627, 0.8577591891930944]","[0.5774624056266504, 0.44302868456570654]","[1.4525140028813054e-09, 4.479880232895098e-09]","[1.4523919289466392e-09, 4.47982262397062e-09]","[0.39697984598108227, -0.4365584282813675]",0.1488453502808676
3,4494,"[0.37897248263320427, 0.6613078986974306]","[0.20033155121842627, 0.8577591891930944]","[0.5774624056237454, 0.4430286845567468]","[1.4467039503000813e-09, 4.461960737519618e-09]","[1.4465819098141708e-09, 4.46190318026396e-09]","[0.39697984598108227, -0.4365584282813675]",0.14884535028334997
3,4495,"[0.37897248263031086, 0.6613078986885066]","[0.20033155121842627, 0.8577591891930944]","[0.5774624056208519, 0.44302868454782285]","[1.4409171477000427e-09, 4.444112760428483e-09]","[1.4407952053652195e-09, 4.444055234920086e-09]","[0.39697984598108216, -0.4365584282813675]",0.14884535028582246
3,4496,"[0.378972482627429, 0.6613078986796184]","[0.20033155121842627, 0.8577591891930944]","[0.57746240561797, 0.4430286845389346]","[1.4351534300487655e-09, 4.426336270372642e-09]","[1.4350315935551805e-09, 4.4262787879389975e-09]","[0.39697984598108205, -0.4365584282813675]",0.148845350288285
3,4497,"[0.3789724826245587, 0.6613078986707657]","[0.20033155121842627, 0.8577591891930944]","[0.5774624056150996, 0.44302868453008193]","[1.429412778577109e-09, 4.408630900678776e-09]","[1.4292910743840537e-09, 4.408573395231485e-09]","[0.39697984598108194, -0.4365584282813675]",0.1488453502907377
3,4498,"[0.37897248262169986, 0.6613078986619484]","[0.20033155121842627, 0.8577591891930944]","[0.5774624056122408, 0.4430286845212647]","[1.4236951203382814e-09, 4.390996338356957e-09]","[1.4235734258072341e-09, 4.390938723730642e-09]","[0.39697984598108194, -0.43655842828136737]",0.14884535029318063
3,4499,"[0.37897248261885247, 0.6613078986531664]","[0.20033155121842627, 0.8577591891930944]","[0.5774624056093934, 0.44302868451248273]","[1.4180003973281272e-09, 4.37343234601573e-09]","[1.4178786478247218e-09, 4.373374773436467e-09]","[0.39697984598108194, -0.43655842828136737]",0.14884535029561377
3,4500,"[0.37897248261601646, 0.6613078986444195]","[0.20033155121842627, 0.8577591891930944]","[0.5774624056065574, 0.44302868450373584]","[1.412328367384961e-09, 4.355938560117058e-09]","[1.4122067404365168e-09, 4.355880989237448e-09]","[0.3969798459810818, -0.43655842828136737]",0.1488453502980372
3,4501,"[0.37897248261319183, 0.6613078986357076]","[0.20033155121842627, 0.8577591891930944]","[0.5774624056037327, 0.4430286844950239]","[1.4066791387219952e-09, 4.33851470868904e-09]","[1.4065574815980142e-09, 4.338457149088981e-09]","[0.3969798459810818, -0.43655842828136737]",0.14884535030045093
3,4502,"[0.37897248261037847, 0.6613078986270305]","[0.20033155121842627, 0.8577591891930944]","[0.5774624056009194, 0.4430286844863469]","[1.4010524430202818e-09, 4.321160579503033e-09]","[1.400930649264609e-09, 4.321102919924158e-09]","[0.39697984598108194, -0.43655842828136726]",0.14884535030285498
3,4503,"[0.3789724826075764, 0.6613078986183882]","[0.20033155121842627, 0.8577591891930944]","[0.5774624055981175, 0.44302868447770466]","[1.3954482621512044e-09, 4.303875951844971e-09]","[1.3953262434363012e-09, 4.303818190720676e-09]","[0.39697984598108216, -0.43655842828136715]",0.14884535030524948
3,4504,"[0.3789724826047855, 0.6613078986097805]","[0.20033155121842627, 0.8577591891930944]","[0.5774624055953266, 0.4430286844690969]","[1.3898664733908365e-09, 4.28666035075333e-09]","[1.3897444861576957e-09, 4.286602628411629e-09]","[0.39697984598108216, -0.43655842828136715]",0.14884535030763435
3,4505,"[0.3789724826020058, 0.6613078986012071]","[0.20033155121842627, 0.8577591891930944]","[0.5774624055925468, 0.4430286844605235]","[1.3843070120442657e-09, 4.269513609477072e-09]","[1.3841851553841877e-09, 4.269455899930108e-09]","[0.39697984598108205, -0.43655842828136715]",0.14884535031000967
3,4506,"[0.37897248259923716, 0.661307898592668]","[0.20033155121842627, 0.8577591891930944]","[0.5774624055897783, 0.4430286844519845]","[1.378769870552957e-09, 4.252435525461594e-09]","[1.3786476404931136e-09, 4.252377727720358e-09]","[0.3969798459810824, -0.43655842828136704]",0.14884535031237556
3,4507,"[0.37897248259647964, 0.6613078985841632]","[0.20033155121842627, 0.8577591891930944]","[0.5774624055870208, 0.44302868444347965]","[1.3732547326966363e-09, 4.235425777450329e-09]","[1.3731326631294394e-09, 4.235368000760076e-09]","[0.39697984598108227, -0.43655842828136704]",0.1488453503147319
3,4508,"[0.3789724825937331, 0.6613078985756923]","[0.20033155121842627, 0.8577591891930944]","[0.5774624055842743, 0.44302868443500876]","[1.367761756691588e-09, 4.218483978258731e-09]","[1.3676395571593503e-09, 4.218426219448901e-09]","[0.3969798459810824, -0.43655842828136704]",0.14884535031707888
3,4509,"[0.3789724825909976, 0.6613078985672554]","[0.20033155121842627, 0.8577591891930944]","[0.5774624055815387, 0.44302868442657184]","[1.3622905664324206e-09, 4.201610112220223e-09]","[1.3621685446274512e-09, 4.201552383786833e-09]","[0.39697984598108227, -0.43655842828136704]",0.14884535031941637
3,4510,"[0.378972482588273, 0.6613078985588522]","[0.20033155121842627, 0.8577591891930944]","[0.5774624055788141, 0.4430286844181687]","[1.3568414114693562e-09, 4.184803750225004e-09]","[1.356719347977986e-09, 4.184746049684662e-09]","[0.39697984598108227, -0.43655842828136704]",0.14884535032174454
3,4511,"[0.3789724825855593, 0.6613078985504826]","[0.20033155121842627, 0.8577591891930944]","[0.5774624055761006, 0.44302868440979903]","[1.3514141556681725e-09, 4.168064449919423e-09]","[1.3512917451663498e-09, 4.168006773053179e-09]","[0.3969798459810826, -0.43655842828136704]",0.1488453503240635
3,4512,"[0.3789724825828565, 0.6613078985421464]","[0.20033155121842627, 0.8577591891930944]","[0.5774624055733978, 0.4430286844014629]","[1.3460083953964544e-09, 4.151392173951129e-09]","[1.3458860692594499e-09, 4.151334553892383e-09]","[0.3969798459810826, -0.43655842828136704]",0.14884535032637314
3,4513,"[0.37897248258016447, 0.6613078985338436]","[0.20033155121842627, 0.8577591891930944]","[0.5774624055707058, 0.4430286843931601]","[1.3406243318803587e-09, 4.134786563995628e-09]","[1.3405019316792277e-09, 4.1347289481130645e-09]","[0.3969798459810827, -0.43655842828136704]",0.14884535032867355
3,4514,"[0.3789724825774832, 0.661307898525574]","[0.20033155121842627, 0.8577591891930944]","[0.5774624055680246, 0.44302868438489057]","[1.3352618369119937e-09, 4.11824733167926e-09]","[1.3351393324256833e-09, 4.118189622648316e-09]","[0.3969798459810828, -0.43655842828136693]",0.1488453503309647
3,4515,"[0.3789724825748127, 0.6613078985173375]","[0.20033155121842627, 0.8577591891930944]","[0.5774624055653541, 0.44302868437665405]","[1.329920731205744e-09, 4.101774250731467e-09]","[1.3297982714988166e-09, 4.101716577498138e-09]","[0.3969798459810828, -0.43655842828136693]",0.14884535033324675
3,4516,"[0.3789724825721529, 0.661307898509134]","[0.20033155121842627, 0.8577591891930944]","[0.5774624055626942, 0.4430286843684505]","[1.324601096914921e-09, 4.085367144185449e-09]","[1.3244787488986276e-09, 4.085309479595622e-09]","[0.3969798459810827, -0.43655842828136693]",0.1488453503355196
3,4517,"[0.37897248256950367, 0.6613078985009633]","[0.20033155121842627, 0.8577591891930944]","[0.577462405560045, 0.44302868436027987]","[1.3193026617674156e-09, 4.069025752394616e-09]","[1.3191803205359065e-09, 4.068967995873862e-09]","[0.3969798459810827, -0.4365584282813668]",0.14884535033778334
3,4518,"[0.37897248256686505, 0.6613078984928252]","[0.20033155121842627, 0.8577591891930944]","[0.5774624055574065, 0.4430286843521418]","[1.3140254258045988e-09, 4.052749642918117e-09]","[1.3139029864106533e-09, 4.0526919042882525e-09]","[0.3969798459810828, -0.4365584282813668]",0.1488453503400381
3,4519,"[0.378972482564237, 0.6613078984847197]","[0.20033155121842627, 0.8577591891930944]","[0.5774624055547783, 0.4430286843440363]","[1.308769266517864e-09, 4.03653856123896e-09]","[1.3086469685674729e-09, 4.036480871771886e-09]","[0.3969798459810827, -0.4365584282813668]",0.1488453503422838
3,4520,"[0.3789724825616195, 0.6613078984766466]","[0.20033155121842627, 0.8577591891930944]","[0.5774624055521609, 0.4430286843359632]","[1.3035342279263121e-09, 4.020392315985334e-09]","[1.3034118229171554e-09, 4.020334676280157e-09]","[0.3969798459810828, -0.4365584282813668]",0.14884535034452057
3,4521,"[0.3789724825590124, 0.6613078984686058]","[0.20033155121842627, 0.8577591891930944]","[0.5774624055495539, 0.4430286843279224]","[1.2983200595848916e-09, 4.004310689455953e-09]","[1.2981976049708521e-09, 4.004253095768462e-09]","[0.39697984598108293, -0.4365584282813668]",0.1488453503467484
3,4522,"[0.37897248255641575, 0.6613078984605972]","[0.20033155121842627, 0.8577591891930944]","[0.5774624055469573, 0.4430286843199138]","[1.293126726979391e-09, 3.98829347819314e-09]","[1.2930042037062606e-09, 3.988235908192195e-09]","[0.39697984598108305, -0.4365584282813668]",0.14884535034896723
3,4523,"[0.3789724825538295, 0.6613078984526206]","[0.20033155121842627, 0.8577591891930944]","[0.577462405544371, 0.4430286843119372]","[1.2879541517388368e-09, 3.972340240671607e-09]","[1.287831674634532e-09, 3.972282669462146e-09]","[0.39697984598108305, -0.4365584282813668]",0.14884535035117724
3,4524,"[0.3789724825512536, 0.661307898444676]","[0.20033155121842627, 0.8577591891930944]","[0.5774624055417952, 0.44302868430399256]","[1.282802349720528e-09, 3.956450912110751e-09]","[1.2826797957110614e-09, 3.956393379578316e-09]","[0.39697984598108316, -0.4365584282813668]",0.14884535035337843
3,4525,"[0.378972482548688, 0.6613078984367631]","[0.20033155121842627, 0.8577591891930944]","[0.5774624055392296, 0.44302868429607967]","[1.2776710747367948e-09, 3.940625131314394e-09]","[1.2775485669358488e-09, 3.940567594451494e-09]","[0.39697984598108316, -0.4365584282813668]",0.14884535035557078
3,4526,"[0.37897248254613264, 0.6613078984288818]","[0.20033155121842627, 0.8577591891930944]","[0.5774624055366742, 0.4430286842881984]","[1.2725603497854144e-09, 3.924862595426909e-09]","[1.2724379883088943e-09, 3.924805092037076e-09]","[0.39697984598108305, -0.4365584282813668]",0.14884535035775434
3,4527,"[0.3789724825435875, 0.6613078984210321]","[0.20033155121842627, 0.8577591891930944]","[0.5774624055341291, 0.4430286842803487]","[1.2674700778592544e-09, 3.909163144277394e-09]","[1.267347615740988e-09, 3.9091056502904564e-09]","[0.39697984598108316, -0.4365584282813668]",0.14884535035992924
3,4528,"[0.3789724825410526, 0.6613078984132138]","[0.20033155121842627, 0.8577591891930944]","[0.5774624055315942, 0.4430286842725304]","[1.2624002142681974e-09, 3.8935265178963905e-09]","[1.2622776712767347e-09, 3.893469047167031e-09]","[0.39697984598108327, -0.4365584282813668]",0.1488453503620954
3,4529,"[0.3789724825385278, 0.6613078984054267]","[0.20033155121842627, 0.8577591891930944]","[0.5774624055290694, 0.4430286842647433]","[1.2573505828495552e-09, 3.877952302775095e-09]","[1.2572281549161346e-09, 3.877894838577589e-09]","[0.39697984598108316, -0.4365584282813668]",0.14884535036425284
3,4530,"[0.37897248253601307, 0.6613078983976708]","[0.20033155121842627, 0.8577591891930944]","[0.5774624055265547, 0.4430286842569874]","[1.2523211555094313e-09, 3.862440503921718e-09]","[1.2521986225699777e-09, 3.862383024522131e-09]","[0.39697984598108327, -0.4365584282813668]",0.14884535036640176
3,4531,"[0.3789724825335084, 0.6613078983899459]","[0.20033155121842627, 0.8577591891930944]","[0.57746240552405, 0.44302868424926245]","[1.24731179909495e-09, 3.846990662588223e-09]","[1.247189296282869e-09, 3.846933160911448e-09]","[0.39697984598108327, -0.4365584282813668]",0.14884535036854205
3,4532,"[0.3789724825310138, 0.6613078983822519]","[0.20033155121842627, 0.8577591891930944]","[0.5774624055215554, 0.4430286842415685]","[1.2423225632244298e-09, 3.8316027449164796e-09]","[1.2422001760548085e-09, 3.831545247745538e-09]","[0.39697984598108316, -0.4365584282813668]",0.1488453503706737
3,4533,"[0.37897248252852916, 0.6613078983745887]","[0.20033155121842627, 0.8577591891930944]","[0.5774624055190707, 0.4430286842339053]","[1.2373533340564276e-09, 3.816276312002529e-09]","[1.2372310398411912e-09, 3.816218840935193e-09]","[0.39697984598108305, -0.4365584282813668]",0.14884535037279686
3,4534,"[0.3789724825260545, 0.6613078983669561]","[0.20033155121842627, 0.8577591891930944]","[0.577462405516596, 0.44302868422627273]","[1.2324039908580659e-09, 3.801011179445113e-09]","[1.2322816655974123e-09, 3.800953718435807e-09]","[0.39697984598108305, -0.4365584282813668]",0.14884535037491153
3,4535,"[0.37897248252358967, 0.6613078983593541]","[0.20033155121842627, 0.8577591891930944]","[0.5774624055141312, 0.4430286842186707]","[1.2274744009522036e-09, 3.785807112779551e-09]","[1.2273520533234716e-09, 3.785749658202775e-09]","[0.39697984598108305, -0.4365584282813668]",0.14884535037701774
3,4536,"[0.37897248252113475, 0.6613078983517825]","[0.20033155121842627, 0.8577591891930944]","[0.5774624055116763, 0.4430286842110991]","[1.2225645687043165e-09, 3.770663887732688e-09]","[1.2224422030193693e-09, 3.770606438191493e-09]","[0.39697984598108305, -0.4365584282813668]",0.1488453503791156
3,4537,"[0.3789724825186896, 0.6613078983442412]","[0.20033155121842627, 0.8577591891930944]","[0.5774624055092311, 0.4430286842035578]","[1.217674273274985e-09, 3.755581263252659e-09]","[1.2175518926405005e-09, 3.755523836357355e-09]","[0.39697984598108305, -0.4365584282813668]",0.148845350381205
3,4538,"[0.37897248251625426, 0.66130789833673]","[0.20033155121842627, 0.8577591891930944]","[0.5774624055067958, 0.4430286841960466]","[1.2128036632928161e-09, 3.740558847483432e-09]","[1.212681122186865e-09, 3.740501408611152e-09]","[0.39697984598108316, -0.4365584282813668]",0.14884535038328606
3,4539,"[0.37897248251382865, 0.6613078983292489]","[0.20033155121842627, 0.8577591891930944]","[0.5774624055043702, 0.44302868418856545]","[1.2079524307940078e-09, 3.725596593527639e-09]","[1.2078298916584629e-09, 3.725539154952884e-09]","[0.39697984598108316, -0.4365584282813668]",0.1488453503853588
3,4540,"[0.37897248251141274, 0.6613078983217977]","[0.20033155121842627, 0.8577591891930944]","[0.5774624055019544, 0.4430286841811143]","[1.2031206450018138e-09, 3.7106942899517063e-09]","[1.2029979790106893e-09, 3.7106368533379452e-09]","[0.39697984598108327, -0.4365584282813668]",0.14884535038742325
3,4541,"[0.3789724825090065, 0.6613078983143763]","[0.20033155121842627, 0.8577591891930944]","[0.5774624054995481, 0.4430286841736929]","[1.1983081588601987e-09, 3.6958514758674993e-09]","[1.198185606288149e-09, 3.6957940596771266e-09]","[0.39697984598108316, -0.4365584282813668]",0.14884535038947938
3,4542,"[0.37897248250660986, 0.6613078983069846]","[0.20033155121842627, 0.8577591891930944]","[0.5774624054971514, 0.44302868416630115]","[1.1935149020494662e-09, 3.681067981888649e-09]","[1.1933923294016324e-09, 3.681010551925823e-09]","[0.39697984598108316, -0.4365584282813668]",0.14884535039152735
3,4543,"[0.37897248250422283, 0.6613078982996224]","[0.20033155121842627, 0.8577591891930944]","[0.5774624054947644, 0.44302868415893903]","[1.1887408462620389e-09, 3.666343761236131e-09]","[1.1886183703957443e-09, 3.6662863300840343e-09]","[0.39697984598108305, -0.4365584282813668]",0.14884535039356706
3,4544,"[0.37897248250184534, 0.6613078982922898]","[0.20033155121842627, 0.8577591891930944]","[0.5774624054923869, 0.44302868415160634]","[1.1839859020260491e-09, 3.6516783804910775e-09]","[1.1838632851812747e-09, 3.6516209500625507e-09]","[0.39697984598108316, -0.4365584282813668]",0.1488453503955987
3,4545,"[0.37897248249947735, 0.6613078982849864]","[0.20033155121842627, 0.8577591891930944]","[0.5774624054900189, 0.44302868414430296]","[1.1792499159542736e-09, 3.6370716193565477e-09]","[1.1791272958028287e-09, 3.6370141898167674e-09]","[0.39697984598108316, -0.4365584282813668]",0.14884535039762217
3,4546,"[0.37897248249711885, 0.6613078982777122]","[0.20033155121842627, 0.8577591891930944]","[0.5774624054876605, 0.4430286841370288]","[1.174532916703545e-09, 3.622523237549892e-09]","[1.1744101802158013e-09, 3.6224658273020793e-09]","[0.39697984598108327, -0.4365584282813668]",0.14884535039963762
3,4547,"[0.3789724824947698, 0.6613078982704671]","[0.20033155121842627, 0.8577591891930944]","[0.5774624054853115, 0.4430286841297837]","[1.1698347722812579e-09, 3.608033065476645e-09]","[1.1697119384201926e-09, 3.6079756404738816e-09]","[0.3969798459810834, -0.4365584282813668]",0.14884535040164495
3,4548,"[0.3789724824924301, 0.661307898263251]","[0.20033155121842627, 0.8577591891930944]","[0.5774624054829718, 0.4430286841225676]","[1.1651553405467865e-09, 3.5936008620605344e-09]","[1.1650325704160025e-09, 3.5935434072875694e-09]","[0.3969798459810834, -0.4365584282813668]",0.14884535040364427
3,4549,"[0.3789724824900998, 0.6613078982560637]","[0.20033155121842627, 0.8577591891930944]","[0.5774624054806414, 0.4430286841153803]","[1.1604947474919913e-09, 3.5792263450170664e-09]","[1.160372076203231e-09, 3.5791689056985376e-09]","[0.39697984598108327, -0.4365584282813668]",0.14884535040563557
3,4550,"[0.3789724824877788, 0.6613078982489052]","[0.20033155121842627, 0.8577591891930944]","[0.5774624054783204, 0.4430286841082218]","[1.1558527656921923e-09, 3.5649093858187218e-09]","[1.1557302337372732e-09, 3.5648519136621815e-09]","[0.39697984598108316, -0.4365584282813668]",0.14884535040761887
3,4551,"[0.3789724824854671, 0.6613078982417754]","[0.20033155121842627, 0.8577591891930944]","[0.5774624054760087, 0.443028684101092]","[1.151229403107973e-09, 3.5506497039390856e-09]","[1.1511068209735242e-09, 3.550592209133896e-09]","[0.39697984598108316, -0.4365584282813668]",0.1488453504095943
3,4552,"[0.3789724824831647, 0.6613078982346741]","[0.20033155121842627, 0.8577591891930944]","[0.5774624054737063, 0.44302868409399065]","[1.1466245481729891e-09, 3.536447039786741e-09]","[1.146501837911984e-09, 3.536389570069076e-09]","[0.39697984598108327, -0.4365584282813668]",0.14884535041156183
3,4553,"[0.3789724824808714, 0.6613078982276012]","[0.20033155121842627, 0.8577591891930944]","[0.577462405471413, 0.44302868408691776]","[1.142037949437381e-09, 3.522301231327375e-09]","[1.1419152845526526e-09, 3.522243774423117e-09]","[0.39697984598108327, -0.4365584282813668]",0.14884535041352143
3,4554,"[0.37897248247858734, 0.6613078982205566]","[0.20033155121842627, 0.8577591891930944]","[0.577462405469129, 0.44302868407987317]","[1.1374698520432593e-09, 3.508212047726644e-09]","[1.1373471608955299e-09, 3.508154600151414e-09]","[0.39697984598108327, -0.4365584282813668]",0.14884535041547323
3,4555,"[0.3789724824763124, 0.6613078982135402]","[0.20033155121842627, 0.8577591891930944]","[0.577462405466854, 0.4430286840728568]","[1.1329199377694736e-09, 3.4941792837389206e-09]","[1.132797244896011e-09, 3.494121825209362e-09]","[0.39697984598108327, -0.4365584282813668]",0.14884535041741717
3,4556,"[0.3789724824740465, 0.6613078982065518]","[0.20033155121842627, 0.8577591891930944]","[0.5774624054645882, 0.44302868406586837]","[1.1283882275056528e-09, 3.4802024608675725e-09]","[1.1282655365540961e-09, 3.480145005507751e-09]","[0.39697984598108327, -0.4365584282813668]",0.1488453504193534
3,4557,"[0.3789724824717898, 0.6613078981995913]","[0.20033155121842627, 0.8577591891930944]","[0.5774624054623314, 0.44302868405890794]","[1.1238747246597507e-09, 3.4662815732115137e-09]","[1.123752035869785e-09, 3.466224141046581e-09]","[0.39697984598108327, -0.4365584282813668]",0.14884535042128189
3,4558,"[0.378972482469542, 0.6613078981926588]","[0.20033155121842627, 0.8577591891930944]","[0.5774624054600836, 0.4430286840519754]","[1.1193792076937788e-09, 3.4524164531150138e-09]","[1.1192565207984728e-09, 3.4523590097812473e-09]","[0.39697984598108327, -0.4365584282813668]",0.14884535042320263
3,4559,"[0.37897248246730325, 0.661307898185754]","[0.20033155121842627, 0.8577591891930944]","[0.5774624054578449, 0.4430286840450706]","[1.1149016766410267e-09, 3.4386068319714933e-09]","[1.1147789913401596e-09, 3.4385492786448424e-09]","[0.39697984598108327, -0.4365584282813667]",0.14884535042511562
3,4560,"[0.3789724824650734, 0.6613078981788768]","[0.20033155121842627, 0.8577591891930944]","[0.577462405455615, 0.44302868403819345]","[1.1104420204421186e-09, 3.424852498383372e-09]","[1.1103194474948452e-09, 3.4247949476373662e-09]","[0.39697984598108316, -0.4365584282813667]",0.148845350427021
3,4561,"[0.37897248246285253, 0.6613078981720271]","[0.20033155121842627, 0.8577591891930944]","[0.5774624054533941, 0.4430286840313437]","[1.1060002575590736e-09, 3.4111530007037833e-09]","[1.105877667217925e-09, 3.4110954616473066e-09]","[0.39697984598108316, -0.4365584282813667]",0.14884535042891878
3,4562,"[0.3789724824606405, 0.6613078981652047]","[0.20033155121842627, 0.8577591891930944]","[0.5774624054511821, 0.4430286840245214]","[1.1015762152539844e-09, 3.3975083484000343e-09]","[1.1014536505093986e-09, 3.3974508206746634e-09]","[0.39697984598108316, -0.4365584282813667]",0.148845350430809
3,4563,"[0.3789724824584374, 0.6613078981584097]","[0.20033155121842627, 0.8577591891930944]","[0.577462405448979, 0.4430286840177264]","[1.0971699649410015e-09, 3.3839183052728784e-09]","[1.0970473973692663e-09, 3.383860802674832e-09]","[0.39697984598108316, -0.4365584282813667]",0.1488453504326916
3,4564,"[0.37897248245624304, 0.6613078981516419]","[0.20033155121842627, 0.8577591891930944]","[0.5774624054467846, 0.44302868401095863]","[1.0927812967143201e-09, 3.370382698571175e-09]","[1.092658685752923e-09, 3.3703250745809044e-09]","[0.39697984598108316, -0.4365584282813666]",0.1488453504345667
3,4565,"[0.37897248245405746, 0.6613078981449012]","[0.20033155121842627, 0.8577591891930944]","[0.577462405444599, 0.4430286840042179]","[1.0884101017718058e-09, 3.356901203312064e-09]","[1.0882875156603689e-09, 3.356843636392881e-09]","[0.39697984598108316, -0.4365584282813666]",0.14884535043643426
3,4566,"[0.37897248245188064, 0.6613078981381874]","[0.20033155121842627, 0.8577591891930944]","[0.5774624054424222, 0.44302868399750406]","[1.0840564731662667e-09, 3.343473496918229e-09]","[1.0839338870916038e-09, 3.3434159329992497e-09]","[0.39697984598108316, -0.4365584282813666]",0.14884535043829442
3,4567,"[0.37897248244971254, 0.6613078981315004]","[0.20033155121842627, 0.8577591891930944]","[0.5774624054402542, 0.4430286839908171]","[1.0797202785135979e-09, 3.3300994900699864e-09]","[1.0795975780020228e-09, 3.33004196440001e-09]","[0.39697984598108327, -0.4365584282813666]",0.14884535044014716
3,4568,"[0.3789724824475531, 0.6613078981248401]","[0.20033155121842627, 0.8577591891930944]","[0.5774624054380948, 0.44302868398415685]","[1.0754013848415034e-09, 3.316779039563565e-09]","[1.075278588391626e-09, 3.3167215085505575e-09]","[0.3969798459810834, -0.4365584282813666]",0.14884535044199246
3,4569,"[0.3789724824454023, 0.6613078981182066]","[0.20033155121842627, 0.8577591891930944]","[0.5774624054359441, 0.44302868397752326]","[1.0710998533496816e-09, 3.303511878906782e-09]","[1.0709769737715646e-09, 3.303454343406287e-09]","[0.3969798459810835, -0.4365584282813666]",0.1488453504438304
3,4570,"[0.37897248244326015, 0.6613078981115995]","[0.20033155121842627, 0.8577591891930944]","[0.5774624054338019, 0.4430286839709162]","[1.0668155015702132e-09, 3.290297752245007e-09]","[1.0666926231195362e-09, 3.2902402469225933e-09]","[0.3969798459810835, -0.4365584282813666]",0.148845350445661
3,4571,"[0.3789724824411265, 0.6613078981050189]","[0.20033155121842627, 0.8577591891930944]","[0.5774624054316682, 0.4430286839643356]","[1.0625481709167253e-09, 3.277136468491989e-09]","[1.0624255364355406e-09, 3.277078997054872e-09]","[0.39697984598108327, -0.4365584282813666]",0.14884535044748415
3,4572,"[0.37897248243900145, 0.6613078980984646]","[0.20033155121842627, 0.8577591891930944]","[0.5774624054295431, 0.4430286839577813]","[1.0582980303729911e-09, 3.264027875180795e-09]","[1.0581753806526706e-09, 3.2639703717585178e-09]","[0.39697984598108327, -0.4365584282813666]",0.1488453504493001
3,4573,"[0.37897248243688486, 0.6613078980919366]","[0.20033155121842627, 0.8577591891930944]","[0.5774624054274264, 0.4430286839512533]","[1.054064873118751e-09, 3.2509718803077316e-09]","[1.0539423223043798e-09, 3.250914371033531e-09]","[0.39697984598108316, -0.4365584282813666]",0.14884535045110875
3,4574,"[0.3789724824347767, 0.6613078980854347]","[0.20033155121842627, 0.8577591891930944]","[0.5774624054253183, 0.44302868394475137]","[1.0498486076416556e-09, 3.2379680614744418e-09]","[1.0497259173014584e-09, 3.2379105507907013e-09]","[0.39697984598108327, -0.4365584282813666]",0.14884535045291017
3,4575,"[0.378972482432677, 0.6613078980789587]","[0.20033155121842627, 0.8577591891930944]","[0.5774624054232187, 0.44302868393827544]","[1.0456491912000851e-09, 3.2250162002659375e-09]","[1.0455263876885112e-09, 3.2249586889854243e-09]","[0.3969798459810834, -0.4365584282813666]",0.14884535045470443
3,4576,"[0.37897248243058573, 0.6613078980725087]","[0.20033155121842627, 0.8577591891930944]","[0.5774624054211275, 0.4430286839318254]","[1.041466689365006e-09, 3.2121160567508942e-09]","[1.0413437889766897e-09, 3.2120585635730947e-09]","[0.3969798459810835, -0.4365584282813666]",0.14884535045649155
3,4577,"[0.3789724824285028, 0.6613078980660845]","[0.20033155121842627, 0.8577591891930944]","[0.5774624054190445, 0.4430286839254012]","[1.0373007172186997e-09, 3.1992676834693947e-09]","[1.03717795463254e-09, 3.1992101745537127e-09]","[0.3969798459810834, -0.4365584282813666]",0.1488453504582714
3,4578,"[0.37897248242642817, 0.6613078980596859]","[0.20033155121842627, 0.8577591891930944]","[0.5774624054169699, 0.44302868391900263]","[1.0331515360763493e-09, 3.186470571082417e-09]","[1.033028662611457e-09, 3.1864130778380684e-09]","[0.3969798459810835, -0.4365584282813666]",0.14884535046004418
3,4579,"[0.3789724824243619, 0.661307898053313]","[0.20033155121842627, 0.8577591891930944]","[0.5774624054149036, 0.44302868391262973]","[1.0290188763048672e-09, 3.1737247457294075e-09]","[1.0288961349580461e-09, 3.1736672734261617e-09]","[0.3969798459810834, -0.4365584282813666]",0.14884535046180983
3,4580,"[0.37897248242230386, 0.6613078980469655]","[0.20033155121842627, 0.8577591891930944]","[0.5774624054128455, 0.44302868390628225]","[1.0249028390591663e-09, 3.161029786187264e-09]","[1.0247800941165508e-09, 3.160972317228783e-09]","[0.3969798459810834, -0.4365584282813666]",0.1488453504635685
3,4581,"[0.37897248242025405, 0.6613078980406435]","[0.20033155121842627, 0.8577591891930944]","[0.5774624054107957, 0.4430286838999602]","[1.020803229876292e-09, 3.148385677768135e-09]","[1.02068048457582e-09, 3.148328209245932e-09]","[0.3969798459810834, -0.4365584282813666]",0.14884535046532005
3,4582,"[0.37897248241821246, 0.6613078980343468]","[0.20033155121842627, 0.8577591891930944]","[0.5774624054087542, 0.44302868389366346]","[1.0167200885022005e-09, 3.1357921959834792e-09]","[1.0165973063358535e-09, 3.135734727433004e-09]","[0.3969798459810834, -0.4365584282813666]",0.14884535046706465
3,4583,"[0.37897248241617904, 0.6613078980280752]","[0.20033155121842627, 0.8577591891930944]","[0.5774624054067208, 0.4430286838873919]","[1.0126532920284915e-09, 3.123249118384736e-09]","[1.012530392863198e-09, 3.1231916497453938e-09]","[0.3969798459810835, -0.4365584282813666]",0.14884535046880232
3,4584,"[0.3789724824141537, 0.6613078980218288]","[0.20033155121842627, 0.8577591891930944]","[0.5774624054046955, 0.44302868388114547]","[1.0086026256758132e-09, 3.1107562043590617e-09]","[1.0084796331355506e-09, 3.1106987541384967e-09]","[0.3969798459810836, -0.4365584282813666]",0.14884535047053293
3,4585,"[0.3789724824121365, 0.6613078980156073]","[0.20033155121842627, 0.8577591891930944]","[0.5774624054026782, 0.44302868387492395]","[1.0045681554133936e-09, 3.0983132472732004e-09]","[1.0044453047086677e-09, 3.0982559295900103e-09]","[0.3969798459810835, -0.4365584282813667]",0.14884535047225667
3,4586,"[0.3789724824101274, 0.6613078980094107]","[0.20033155121842627, 0.8577591891930944]","[0.5774624054006692, 0.44302868386872735]","[1.0005499400334919e-09, 3.0859200739123456e-09]","[1.0004269634933394e-09, 3.0858627320107246e-09]","[0.3969798459810836, -0.4365584282813667]",0.14884535047397351
3,4587,"[0.37897248240812625, 0.6613078980032389]","[0.20033155121842627, 0.8577591891930944]","[0.5774624053986681, 0.44302868386255545]","[9.96547728480572e-10, 3.0735764133186875e-09]","[9.964246094895657e-10, 3.0735191614006396e-09]","[0.3969798459810837, -0.4365584282813668]",0.14884535047568354
3,4588,"[0.3789724824061332, 0.6613078979970917]","[0.20033155121842627, 0.8577591891930944]","[0.577462405396675, 0.44302868385640826]","[9.92561569928791e-10, 3.061282071019228e-09]","[9.924384647419515e-10, 3.0612247736705456e-09]","[0.3969798459810837, -0.4365584282813668]",0.14884535047738673
3,4589,"[0.37897248240414805, 0.6613078979909691]","[0.20033155121842627, 0.8577591891930944]","[0.57746240539469, 0.4430286838502857]","[9.885912893690913e-10, 3.0490370135321098e-09]","[9.88468085161287e-10, 3.048979679842745e-09]","[0.3969798459810838, -0.4365584282813668]",0.14884535047908304
3,4590,"[0.37897248240217085, 0.661307897984871]","[0.20033155121842627, 0.8577591891930944]","[0.5774624053927128, 0.4430286838441876]","[9.84636868412172e-10, 3.0368408088001238e-09]","[9.845136927921772e-10, 3.0367834358280277e-09]","[0.3969798459810838, -0.4365584282813668]",0.14884535048077258
3,4591,"[0.3789724824002016, 0.6613078979787973]","[0.20033155121842627, 0.8577591891930944]","[0.5774624053907436, 0.4430286838381139]","[9.80698331479263e-10, 3.024693448833904e-09]","[9.80575065590017e-10, 3.024636041626394e-09]","[0.39697984598108393, -0.4365584282813668]",0.1488453504824554
3,4592,"[0.3789724823982402, 0.6613078979727479]","[0.20033155121842627, 0.8577591891930944]","[0.5774624053887822, 0.4430286838320645]","[9.76775600691267e-10, 3.0125947481876623e-09]","[9.766522590659577e-10, 3.012537275193239e-09]","[0.39697984598108405, -0.4365584282813668]",0.14884535048413142
3,4593,"[0.37897248239628667, 0.6613078979667227]","[0.20033155121842627, 0.8577591891930944]","[0.5774624053868287, 0.4430286838260393]","[9.728684590833238e-10, 3.000544417670847e-09]","[9.727451621976968e-10, 3.0004869144839574e-09]","[0.39697984598108405, -0.4365584282813668]",0.14884535048580078
3,4594,"[0.37897248239434095, 0.6613078979607216]","[0.20033155121842627, 0.8577591891930944]","[0.5774624053848829, 0.44302868382003824]","[9.689769826887999e-10, 2.988542243192512e-09]","[9.688537749852344e-10, 2.9884847374539447e-09]","[0.39697984598108393, -0.4365584282813668]",0.14884535048746347
3,4595,"[0.378972482392403, 0.6613078979547445]","[0.20033155121842627, 0.8577591891930944]","[0.5774624053829449, 0.44302868381406113]","[9.651010988058056e-10, 2.97658802307149e-09]","[9.64977986406268e-10, 2.976530522058596e-09]","[0.3969798459810838, -0.4365584282813668]",0.14884535048911945
3,4596,"[0.3789724823904728, 0.6613078979487914]","[0.20033155121842627, 0.8577591891930944]","[0.5774624053810147, 0.443028683808108]","[9.612407858513175e-10, 2.9646818166579306e-09]","[9.611177409496463e-10, 2.9646242682979107e-09]","[0.3969798459810837, -0.4365584282813668]",0.14884535049076886
3,4597,"[0.37897248238855036, 0.661307897942862]","[0.20033155121842627, 0.8577591891930944]","[0.5774624053790922, 0.44302868380217864]","[9.573959151495895e-10, 2.95282309760664e-09]","[9.572728165707645e-10, 2.9527655320826796e-09]","[0.3969798459810837, -0.4365584282813668]",0.14884535049241163
3,4598,"[0.37897248238663556, 0.6613078979369564]","[0.20033155121842627, 0.8577591891930944]","[0.5774624053771774, 0.443028683796273]","[9.535663533126351e-10, 2.9410118710210968e-09]","[9.534432132696224e-10, 2.9409543134129024e-09]","[0.3969798459810837, -0.4365584282813668]",0.14884535049404785
3,4599,"[0.3789724823847284, 0.6613078979310744]","[0.20033155121842627, 0.8577591891930944]","[0.5774624053752703, 0.44302868379039095]","[9.497521050982603e-10, 2.929247712423964e-09]","[9.496289310462203e-10, 2.9291901681993693e-09]","[0.3969798459810837, -0.4365584282813668]",0.14884535049567754
3,4600,"[0.37897248238282893, 0.6613078979252158]","[0.20033155121842627, 0.8577591891930944]","[0.5774624053733708, 0.4430286837845324]","[9.459532092101443e-10, 2.9175306530541102e-09]","[9.45829969900558e-10, 2.9174730964420803e-09]","[0.3969798459810837, -0.4365584282813668]",0.14884535049730074
3,4601,"[0.378972482380937, 0.6613078979193807]","[0.20033155121842627, 0.8577591891930944]","[0.5774624053714789, 0.4430286837786973]","[9.42169376792159e-10, 2.9058604469547287e-09]","[9.420461077880304e-10, 2.9058028760964305e-09]","[0.3969798459810837, -0.4365584282813668]",0.1488453504989174
3,4602,"[0.3789724823790527, 0.661307897913569]","[0.20033155121842627, 0.8577591891930944]","[0.5774624053695945, 0.4430286837728856]","[9.384007453660629e-10, 2.8942371275539438e-09]","[9.382775667532428e-10, 2.89417950716242e-09]","[0.3969798459810836, -0.4365584282813668]",0.14884535050052755
3,4603,"[0.3789724823771759, 0.6613078979077806]","[0.20033155121842627, 0.8577591891930944]","[0.5774624053677178, 0.44302868376709714]","[9.346472273525767e-10, 2.882660182657411e-09]","[9.345239027069852e-10, 2.8826025455508386e-09]","[0.3969798459810837, -0.4365584282813668]",0.14884535050213138
3,4604,"[0.3789724823753066, 0.6613078979020153]","[0.20033155121842627, 0.8577591891930944]","[0.5774624053658485, 0.44302868376133187]","[9.309086883166014e-10, 2.8711295919444003e-09]","[9.307853376938624e-10, 2.8710719912616867e-09]","[0.3969798459810837, -0.4365584282813668]",0.1488453505037287
3,4605,"[0.3789724823734448, 0.661307897896273]","[0.20033155121842627, 0.8577591891930944]","[0.5774624053639866, 0.44302868375558957]","[9.271850275744967e-10, 2.8596450207381788e-09]","[9.270616496692696e-10, 2.859587400205754e-09]","[0.3969798459810837, -0.4365584282813668]",0.14884535050531966
3,4606,"[0.3789724823715904, 0.6613078978905537]","[0.20033155121842627, 0.8577591891930944]","[0.5774624053621322, 0.44302868374987026]","[9.234763882427215e-10, 2.8482064209079984e-09]","[9.233530606778118e-10, 2.848148772383041e-09]","[0.3969798459810836, -0.4365584282813668]",0.1488453505069042
3,4607,"[0.37897248236974346, 0.6613078978848572]","[0.20033155121842627, 0.8577591891930944]","[0.5774624053602853, 0.4430286837441738]","[9.197824987521279e-10, 2.836813553341623e-09]","[9.196591266302789e-10, 2.8367558857489428e-09]","[0.3969798459810836, -0.4365584282813668]",0.14884535050848247
3,4608,"[0.3789724823679039, 0.6613078978791836]","[0.20033155121842627, 0.8577591891930944]","[0.5774624053584456, 0.44302868373850024]","[9.161033606318027e-10, 2.8254664230760104e-09]","[9.159800695712761e-10, 2.825408740303459e-09]","[0.3969798459810835, -0.4365584282813668]",0.14884535051005432
3,4609,"[0.3789724823660717, 0.6613078978735327]","[0.20033155121842627, 0.8577591891930944]","[0.5774624053566134, 0.4430286837328493]","[9.124390007929582e-10, 2.8141645872615074e-09]","[9.123156674561983e-10, 2.8141068919573797e-09]","[0.3969798459810835, -0.4365584282813668]",0.14884535051162
3,4610,"[0.3789724823642468, 0.6613078978679044]","[0.20033155121842627, 0.8577591891930944]","[0.5774624053547885, 0.44302868372722104]","[9.08789285568886e-10, 2.8029080464380937e-09]","[9.086659202850456e-10, 2.8028503407107053e-09]","[0.3969798459810835, -0.4365584282813668]",0.14884535051317938
3,4611,"[0.3789724823624292, 0.6613078978622986]","[0.20033155121842627, 0.8577591891930944]","[0.5774624053529709, 0.4430286837216152]","[9.051540158761517e-10, 2.7916963568843784e-09]","[9.050307725466666e-10, 2.7916386424742257e-09]","[0.3969798459810834, -0.4365584282813668]",0.14884535051473252
3,4612,"[0.37897248236061887, 0.6613078978567152]","[0.20033155121842627, 0.8577591891930944]","[0.5774624053511606, 0.44302868371603177]","[9.015334275297765e-10, 2.78052949422156e-09]","[9.014101132187591e-10, 2.780471797247941e-09]","[0.3969798459810834, -0.4365584282813668]",0.14884535051627945
3,4613,"[0.3789724823588158, 0.6613078978511541]","[0.20033155121842627, 0.8577591891930944]","[0.5774624053493576, 0.44302868371047066]","[8.979273661196476e-10, 2.769407276738156e-09]","[8.978039423013229e-10, 2.769349582987246e-09]","[0.3969798459810835, -0.4365584282813668]",0.14884535051782025
3,4614,"[0.37897248235701997, 0.6613078978456153]","[0.20033155121842627, 0.8577591891930944]","[0.5774624053475617, 0.44302868370493187]","[8.943355920563673e-10, 2.758329674138366e-09]","[8.942123153055093e-10, 2.7582719996921412e-09]","[0.3969798459810834, -0.4365584282813668]",0.14884535051935482
3,4615,"[0.3789724823552313, 0.6613078978400986]","[0.20033155121842627, 0.8577591891930944]","[0.577462405345773, 0.44302868369941517]","[8.907582511028231e-10, 2.747296311289753e-09]","[8.906349546755621e-10, 2.7472386032734164e-09]","[0.3969798459810834, -0.4365584282813668]",0.14884535052088332
3,4616,"[0.37897248235344977, 0.661307897834604]","[0.20033155121842627, 0.8577591891930944]","[0.5774624053439914, 0.44302868369392057]","[8.871952308646638e-10, 2.736307079403622e-09]","[8.87072026944935e-10, 2.7362493937310717e-09]","[0.39697984598108327, -0.4365584282813668]",0.1488453505224056
3,4617,"[0.37897248235167535, 0.6613078978291314]","[0.20033155121842627, 0.8577591891930944]","[0.577462405342217, 0.44302868368844794]","[8.836464742595371e-10, 2.725361841610232e-09]","[8.835230880244183e-10, 2.725304149020502e-09]","[0.3969798459810834, -0.4365584282813668]",0.1488453505239219
3,4618,"[0.37897248234990805, 0.6613078978236806]","[0.20033155121842627, 0.8577591891930944]","[0.5774624053404498, 0.4430286836829972]","[8.801119259376299e-10, 2.7144603342875515e-09]","[8.799884154697679e-10, 2.7144026470971028e-09]","[0.3969798459810835, -0.4365584282813668]",0.14884535052543207
3,4619,"[0.37897248234814784, 0.6613078978182517]","[0.20033155121842627, 0.8577591891930944]","[0.5774624053386896, 0.4430286836775683]","[8.765914737142232e-10, 2.703602568791322e-09]","[8.764678982586815e-10, 2.7035448879608737e-09]","[0.3969798459810836, -0.4365584282813668]",0.14884535052693626
3,4620,"[0.37897248234639463, 0.6613078978128445]","[0.20033155121842627, 0.8577591891930944]","[0.5774624053369364, 0.4430286836721611]","[8.730850269698605e-10, 2.6927881027429532e-09]","[8.729615919023104e-10, 2.692730427522605e-09]","[0.3969798459810835, -0.4365584282813668]",0.14884535052843434
3,4621,"[0.3789724823446485, 0.6613078978074589]","[0.20033155121842627, 0.8577591891930944]","[0.5774624053351902, 0.4430286836667755]","[8.695927481306651e-10, 2.6820169270240196e-09]","[8.694692743560495e-10, 2.6819592657822966e-09]","[0.3969798459810835, -0.4365584282813668]",0.14884535052992645
3,4622,"[0.3789724823429093, 0.6613078978020949]","[0.20033155121842627, 0.8577591891930944]","[0.5774624053334511, 0.44302868366141146]","[8.661144251727137e-10, 2.671288810233905e-09]","[8.659909456198989e-10, 2.6712311806953437e-09]","[0.3969798459810835, -0.4365584282813668]",0.14884535053141262
3,4623,"[0.3789724823411771, 0.6613078977967523]","[0.20033155121842627, 0.8577591891930944]","[0.5774624053317188, 0.44302868365606884]","[8.626499191154376e-10, 2.6606035839174975e-09]","[8.625265501827073e-10, 2.6605459502171414e-09]","[0.3969798459810834, -0.4365584282813668]",0.14884535053289288
3,4624,"[0.3789724823394518, 0.6613078977914311]","[0.20033155121842627, 0.8577591891930944]","[0.5774624053299935, 0.44302868365074766]","[8.591993640583099e-10, 2.649961173437718e-09]","[8.590759770221723e-10, 2.6499035743476895e-09]","[0.3969798459810834, -0.4365584282813668]",0.14884535053436715
3,4625,"[0.3789724823377334, 0.6613078977861312]","[0.20033155121842627, 0.8577591891930944]","[0.5774624053282751, 0.4430286836454478]","[8.557625325354842e-10, 2.6393614627910196e-09]","[8.556391706271427e-10, 2.6393038310423833e-09]","[0.3969798459810834, -0.4365584282813668]",0.14884535053583553
3,4626,"[0.3789724823360219, 0.6613078977808524]","[0.20033155121842627, 0.8577591891930944]","[0.5774624053265636, 0.443028683640169]","[8.523394961033301e-10, 2.62880390533486e-09]","[8.522161309976184e-10, 2.628746276212013e-09]","[0.3969798459810834, -0.4365584282813668]",0.1488453505372981
3,4627,"[0.3789724823343172, 0.6613078977755948]","[0.20033155121842627, 0.8577591891930944]","[0.5774624053248589, 0.44302868363491144]","[8.48930211422936e-10, 2.618288735358606e-09]","[8.488066916001458e-10, 2.618231131901183e-09]","[0.3969798459810835, -0.4365584282813668]",0.14884535053875475
3,4628,"[0.3789724823326193, 0.6613078977703583]","[0.20033155121842627, 0.8577591891930944]","[0.5774624053231611, 0.44302868362967485]","[8.455344401798347e-10, 2.60781554759714e-09]","[8.454109634570273e-10, 2.607757954020684e-09]","[0.3969798459810835, -0.4365584282813668]",0.14884535054020562
3,4629,"[0.37897248233092823, 0.6613078977651426]","[0.20033155121842627, 0.8577591891930944]","[0.57746240532147, 0.44302868362445924]","[8.42152244596349e-10, 2.5973843483343644e-09]","[8.420287800348092e-10, 2.597326742570516e-09]","[0.3969798459810835, -0.4365584282813668]",0.14884535054165063
3,4630,"[0.3789724823292439, 0.6613078977599479]","[0.20033155121842627, 0.8577591891930944]","[0.5774624053197857, 0.4430286836192645]","[8.387835997198726e-10, 2.5869948424024725e-09]","[8.386601413334915e-10, 2.5869372755060738e-09]","[0.3969798459810835, -0.4365584282813668]",0.1488453505430899
3,4631,"[0.37897248232756636, 0.6613078977547739]","[0.20033155121842627, 0.8577591891930944]","[0.5774624053181081, 0.44302868361409053]","[8.354285382607956e-10, 2.5766468972103955e-09]","[8.353050473530743e-10, 2.5765893307827525e-09]","[0.3969798459810835, -0.4365584282813668]",0.14884535054452339
3,4632,"[0.37897248232589553, 0.6613078977496206]","[0.20033155121842627, 0.8577591891930944]","[0.5774624053164372, 0.4430286836089372]","[8.320867879998637e-10, 2.5663402577130912e-09]","[8.319634425824063e-10, 2.5662826863559474e-09]","[0.3969798459810834, -0.4365584282813668]",0.14884535054595116
3,4633,"[0.37897248232423136, 0.661307897744488]","[0.20033155121842627, 0.8577591891930944]","[0.577462405314773, 0.44302868360380454]","[8.287584977602054e-10, 2.5560749185774084e-09]","[8.28635215999185e-10, 2.5560173422256582e-09]","[0.39697984598108327, -0.4365584282813668]",0.14884535054737325
3,4634,"[0.37897248232257386, 0.6613078977393758]","[0.20033155121842627, 0.8577591891930944]","[0.5774624053131154, 0.4430286835986924]","[8.254435164803423e-10, 2.5458506570089835e-09]","[8.253203120922592e-10, 2.5457930763472802e-09]","[0.39697984598108316, -0.4365584282813668]",0.14884535054878956
3,4635,"[0.37897248232092295, 0.6613078977342841]","[0.20033155121842627, 0.8577591891930944]","[0.5774624053114645, 0.4430286835936007]","[8.221417156042572e-10, 2.5356672324504523e-09]","[8.22018508817024e-10, 2.5356096666762085e-09]","[0.39697984598108316, -0.4365584282813668]",0.1488453505502003
3,4636,"[0.37897248231927866, 0.6613078977292127]","[0.20033155121842627, 0.8577591891930944]","[0.5774624053098203, 0.4430286835885293]","[8.188531833876991e-10, 2.5255244753794993e-09]","[8.187298061734793e-10, 2.525466891167838e-09]","[0.39697984598108327, -0.4365584282813668]",0.1488453505516054
3,4637,"[0.37897248231764097, 0.6613078977241617]","[0.20033155121842627, 0.8577591891930944]","[0.5774624053081826, 0.44302868358347824]","[8.155778131486731e-10, 2.5154223206154687e-09]","[8.154544262062302e-10, 2.5153647498221687e-09]","[0.39697984598108327, -0.4365584282813668]",0.14884535055300488
3,4638,"[0.37897248231600983, 0.6613078977191308]","[0.20033155121842627, 0.8577591891930944]","[0.5774624053065515, 0.4430286835784474]","[8.123155044511587e-10, 2.5053606093322636e-09]","[8.121921468706716e-10, 2.505303020594596e-09]","[0.39697984598108327, -0.4365584282813668]",0.14884535055439874
3,4639,"[0.3789724823143852, 0.66130789771412]","[0.20033155121842627, 0.8577591891930944]","[0.5774624053049269, 0.4430286835734366]","[8.09066251858853e-10, 2.495339093070164e-09]","[8.089427461221987e-10, 2.4952814814405144e-09]","[0.3969798459810834, -0.4365584282813668]",0.14884535055578701
3,4640,"[0.37897248231276703, 0.6613078977091293]","[0.20033155121842627, 0.8577591891930944]","[0.5774624053033087, 0.44302868356844594]","[8.058299436107392e-10, 2.4853577212139425e-09]","[8.057064460054164e-10, 2.4853001323599244e-09]","[0.3969798459810834, -0.4365584282813668]",0.14884535055716974
3,4641,"[0.3789724823111554, 0.6613078977041587]","[0.20033155121842627, 0.8577591891930944]","[0.577462405301697, 0.44302868356347525]","[8.026065889750039e-10, 2.4754163481306473e-09]","[8.024832465203247e-10, 2.475358751308221e-09]","[0.39697984598108327, -0.4365584282813668]",0.14884535055854692
3,4642,"[0.37897248230955016, 0.6613078976992078]","[0.20033155121842627, 0.8577591891930944]","[0.5774624053000919, 0.4430286835585244]","[7.993962004063855e-10, 2.4655146810195756e-09]","[7.992727035777136e-10, 2.465457116240799e-09]","[0.3969798459810834, -0.4365584282813668]",0.1488453505599186
3,4643,"[0.3789724823079514, 0.6613078976942768]","[0.20033155121842627, 0.8577591891930944]","[0.5774624052984931, 0.44302868355359337]","[7.961986965537891e-10, 2.4556525614130802e-09]","[7.960750947333395e-10, 2.4555950051130537e-09]","[0.3969798459810835, -0.4365584282813668]",0.1488453505612848
3,4644,"[0.378972482306359, 0.6613078976893655]","[0.20033155121842627, 0.8577591891930944]","[0.5774624052969007, 0.4430286835486821]","[7.93013886397945e-10, 2.4458299671128155e-09]","[7.928903089648998e-10, 2.445772417924985e-09]","[0.3969798459810835, -0.4365584282813668]",0.14884535056264553
3,4645,"[0.378972482304773, 0.6613078976844738]","[0.20033155121842627, 0.8577591891930944]","[0.5774624052953148, 0.44302868354379044]","[7.898418508123628e-10, 2.4360466573815094e-09]","[7.897181797389408e-10, 2.4359891326319882e-09]","[0.3969798459810836, -0.4365584282813668]",0.14884535056400086
3,4646,"[0.3789724823031933, 0.6613078976796017]","[0.20033155121842627, 0.8577591891930944]","[0.5774624052937352, 0.44302868353891833]","[7.866824566526838e-10, 2.4263024624119565e-09]","[7.865587070554625e-10, 2.426244927189458e-09]","[0.3969798459810837, -0.4365584282813668]",0.14884535056535075
3,4647,"[0.37897248230161995, 0.6613078976747492]","[0.20033155121842627, 0.8577591891930944]","[0.5774624052921618, 0.44302868353406577]","[7.835357091138303e-10, 2.416597335267316e-09]","[7.834121129590699e-10, 2.416539801597395e-09]","[0.3969798459810836, -0.4365584282813668]",0.14884535056669518
3,4648,"[0.37897248230005287, 0.6613078976699159]","[0.20033155121842627, 0.8577591891930944]","[0.5774624052905947, 0.4430286835292325]","[7.804015732878932e-10, 2.4069308424293522e-09]","[7.802779533605531e-10, 2.4068733117665886e-09]","[0.3969798459810836, -0.4365584282813668]",0.14884535056803427
3,4649,"[0.37897248229849206, 0.6613078976651021]","[0.20033155121842627, 0.8577591891930944]","[0.5774624052890338, 0.4430286835244187]","[7.772799518663887e-10, 2.397303207612886e-09]","[7.77156450304517e-10, 2.397245679741644e-09]","[0.3969798459810835, -0.4365584282813668]",0.14884535056936796
3,4650,"[0.37897248229693753, 0.6613078976603075]","[0.20033155121842627, 0.8577591891930944]","[0.5774624052874793, 0.4430286835196241]","[7.741709343423723e-10, 2.387713996182591e-09]","[7.740473817463567e-10, 2.3876564614333518e-09]","[0.3969798459810835, -0.4365584282813668]",0.14884535057069637
3,4651,"[0.3789724822953892, 0.6613078976555321]","[0.20033155121842627, 0.8577591891930944]","[0.577462405285931, 0.4430286835148487]","[7.710743153286818e-10, 2.3781631803529423e-09]","[7.709507476860722e-10, 2.3781056568417114e-09]","[0.3969798459810835, -0.4365584282813668]",0.14884535057201945
3,4652,"[0.37897248229384706, 0.6613078976507758]","[0.20033155121842627, 0.8577591891930944]","[0.5774624052843889, 0.4430286835100924]","[7.679900127024889e-10, 2.368650589163545e-09]","[7.678663260790586e-10, 2.368593043922118e-09]","[0.3969798459810836, -0.4365584282813668]",0.14884535057333725
3,4653,"[0.37897248229231106, 0.6613078976460385]","[0.20033155121842627, 0.8577591891930944]","[0.5774624052828529, 0.44302868350535507]","[7.649180314620647e-10, 2.35917595374266e-09]","[7.647943389699208e-10, 2.359118400629967e-09]","[0.3969798459810836, -0.4365584282813668]",0.1488453505746498
3,4654,"[0.37897248229078123, 0.6613078976413201]","[0.20033155121842627, 0.8577591891930944]","[0.5774624052813231, 0.44302868350063673]","[7.618583787597698e-10, 2.349739284931134e-09]","[7.617345643140538e-10, 2.349681726965258e-09]","[0.3969798459810837, -0.4365584282813668]",0.14884535057595707
3,4655,"[0.3789724822892575, 0.6613078976366207]","[0.20033155121842627, 0.8577591891930944]","[0.5774624052797994, 0.44302868349593727]","[7.588109191919296e-10, 2.340340362609214e-09]","[7.586870021114578e-10, 2.3402828008833865e-09]","[0.3969798459810838, -0.4365584282813668]",0.14884535057725912
3,4656,"[0.3789724822877399, 0.66130789763194]","[0.20033155121842627, 0.8577591891930944]","[0.5774624052782817, 0.44302868349125657]","[7.557756582233169e-10, 2.330978974403332e-09]","[7.556518744067375e-10, 2.330921400339747e-09]","[0.3969798459810837, -0.4365584282813668]",0.14884535057855594
3,4657,"[0.3789724822862283, 0.661307897627278]","[0.20033155121842627, 0.8577591891930944]","[0.5774624052767702, 0.44302868348659463]","[7.527525245222326e-10, 2.3216551112134665e-09]","[7.526287371106832e-10, 2.32159752533434e-09]","[0.3969798459810837, -0.4365584282813668]",0.1488453505798476
3,4658,"[0.3789724822847228, 0.6613078976226348]","[0.20033155121842627, 0.8577591891930944]","[0.5774624052752646, 0.44302868348195135]","[7.497414891733206e-10, 2.312368531299934e-09]","[7.496178122678998e-10, 2.3123109538225606e-09]","[0.3969798459810836, -0.4365584282813668]",0.14884535058113402
3,4659,"[0.37897248228322333, 0.66130789761801]","[0.20033155121842627, 0.8577591891930944]","[0.5774624052737652, 0.4430286834773266]","[7.467426102672269e-10, 2.303119065117858e-09]","[7.466186557891774e-10, 2.3030614637598035e-09]","[0.3969798459810838, -0.4365584282813668]",0.14884535058241538
3,4660,"[0.37897248228172986, 0.6613078976134038]","[0.20033155121842627, 0.8577591891930944]","[0.5774624052722718, 0.4430286834727204]","[7.4375564768324e-10, 2.293906647628233e-09]","[7.436317117637259e-10, 2.293849055146069e-09]","[0.3969798459810838, -0.4365584282813668]",0.14884535058369158
3,4661,"[0.37897248228024233, 0.661307897608816]","[0.20033155121842627, 0.8577591891930944]","[0.5774624052707842, 0.4430286834681326]","[7.407805691092024e-10, 2.284731120149746e-09]","[7.406567581469403e-10, 2.2846735059367518e-09]","[0.3969798459810837, -0.4365584282813668]",0.1488453505849627
3,4662,"[0.3789724822787608, 0.6613078976042466]","[0.20033155121842627, 0.8577591891930944]","[0.5774624052693027, 0.44302868346356317]","[7.378175020251223e-10, 2.2755922158440696e-09]","[7.376935728942158e-10, 2.2755345940872473e-09]","[0.3969798459810838, -0.4365584282813668]",0.14884535058622872
3,4663,"[0.37897248227728514, 0.6613078975996954]","[0.20033155121842627, 0.8577591891930944]","[0.577462405267827, 0.44302868345901203]","[7.348661805688901e-10, 2.266489945880035e-09]","[7.347423780501572e-10, 2.2664323195975555e-09]","[0.3969798459810837, -0.4365584282813668]",0.14884535058748966
3,4664,"[0.3789724822758154, 0.6613078975951625]","[0.20033155121842627, 0.8577591891930944]","[0.5774624052663573, 0.4430286834544791]","[7.319267251706624e-10, 2.257424099435313e-09]","[7.318029515701596e-10, 2.2573664604230714e-09]","[0.3969798459810837, -0.4365584282813668]",0.14884535058874554
3,4665,"[0.3789724822743516, 0.6613078975906477]","[0.20033155121842627, 0.8577591891930944]","[0.5774624052648935, 0.44302868344996427]","[7.289990649733785e-10, 2.248394454884489e-09]","[7.288752934542231e-10, 2.24833679451919e-09]","[0.3969798459810837, -0.4365584282813668]",0.14884535058999643
3,4666,"[0.3789724822728936, 0.6613078975861509]","[0.20033155121842627, 0.8577591891930944]","[0.5774624052634354, 0.44302868344546753]","[7.260830291268398e-10, 2.2394009833325276e-09]","[7.259594037023476e-10, 2.2393433218859116e-09]","[0.3969798459810836, -0.4365584282813668]",0.14884535059124226
3,4667,"[0.3789724822714414, 0.6613078975816722]","[0.20033155121842627, 0.8577591891930944]","[0.5774624052619832, 0.4430286834409888]","[7.231787002543813e-10, 2.2304434954606262e-09]","[7.230550602699282e-10, 2.230385820478631e-09]","[0.3969798459810836, -0.4365584282813668]",0.1488453505924831
3,4668,"[0.3789724822699951, 0.6613078975772113]","[0.20033155121842627, 0.8577591891930944]","[0.577462405260537, 0.4430286834365279]","[7.20286064434371e-10, 2.2215217381162176e-09]","[7.201620411123599e-10, 2.221464068252743e-09]","[0.39697984598108393, -0.4365584282813668]",0.14884535059371912
3,4669,"[0.3789724822685545, 0.6613078975727683]","[0.20033155121842627, 0.8577591891930944]","[0.5774624052590964, 0.4430286834320849]","[7.174048865609203e-10, 2.2126357434930526e-09]","[7.172810123634576e-10, 2.2125780652082483e-09]","[0.3969798459810838, -0.4365584282813668]",0.14884535059495008
3,4670,"[0.3789724822671197, 0.6613078975683431]","[0.20033155121842627, 0.8577591891930944]","[0.5774624052576616, 0.44302868342765966]","[7.145352480248908e-10, 2.20378528596944e-09]","[7.144115299340115e-10, 2.2037275893005415e-09]","[0.3969798459810837, -0.4365584282813668]",0.14884535059617615
3,4671,"[0.37897248226569064, 0.6613078975639355]","[0.20033155121842627, 0.8577591891930944]","[0.5774624052562325, 0.4430286834232521]","[7.116771302607677e-10, 2.1949701416202393e-09]","[7.115533717794165e-10, 2.1949124184850177e-09]","[0.3969798459810837, -0.4365584282813668]",0.14884535059739729
3,4672,"[0.3789724822642673, 0.6613078975595456]","[0.20033155121842627, 0.8577591891930944]","[0.5774624052548092, 0.4430286834188621]","[7.088304170480697e-10, 2.1861902813061586e-09]","[7.087065378996726e-10, 2.1861326637839795e-09]","[0.3969798459810838, -0.43655842828136693]",0.1488453505986136
3,4673,"[0.37897248226284963, 0.6613078975551732]","[0.20033155121842627, 0.8577591891930944]","[0.5774624052533915, 0.4430286834144897]","[7.059951150190205e-10, 2.177445534287259e-09]","[7.058712503393849e-10, 2.177387881108217e-09]","[0.3969798459810838, -0.43655842828136693]",0.148845350599825
3,4674,"[0.37897248226143765, 0.6613078975508183]","[0.20033155121842627, 0.8577591891930944]","[0.5774624052519796, 0.4430286834101348]","[7.031711420931805e-10, 2.1687358819004627e-09]","[7.030472870539484e-10, 2.168678292502335e-09]","[0.3969798459810838, -0.43655842828136704]",0.1488453506010316
3,4675,"[0.37897248226003133, 0.6613078975464809]","[0.20033155121842627, 0.8577591891930944]","[0.5774624052505734, 0.4430286834057974]","[7.003585879703273e-10, 2.160061097900109e-09]","[7.002344815099093e-10, 2.160003453877124e-09]","[0.39697984598108405, -0.43655842828136704]",0.14884535060223336
3,4676,"[0.3789724822586306, 0.6613078975421608]","[0.20033155121842627, 0.8577591891930944]","[0.5774624052491726, 0.4430286834014773]","[6.975570695697025e-10, 2.1514209216251973e-09]","[6.974331112630239e-10, 2.151363254210281e-09]","[0.39697984598108393, -0.43655842828136704]",0.14884535060343027
3,4677,"[0.3789724822572355, 0.6613078975378579]","[0.20033155121842627, 0.8577591891930944]","[0.5774624052477775, 0.4430286833971744]","[6.947668528601312e-10, 2.142815170097027e-09]","[6.946428987575359e-10, 2.1427574714572017e-09]","[0.39697984598108393, -0.43655842828136704]",0.14884535060462242
3,4678,"[0.37897248225584595, 0.6613078975335722]","[0.20033155121842627, 0.8577591891930944]","[0.5774624052463879, 0.4430286833928887]","[6.919877373700446e-10, 2.1342438229818826e-09]","[6.918637884822942e-10, 2.1341861056178857e-09]","[0.39697984598108393, -0.43655842828136704]",0.14884535060580983
3,4679,"[0.378972482254462, 0.6613078975293037]","[0.20033155121842627, 0.8577591891930944]","[0.5774624052450039, 0.4430286833886202]","[6.892198357164071e-10, 2.125706950122765e-09]","[6.890960024819037e-10, 2.125649156692333e-09]","[0.3969798459810838, -0.43655842828136704]",0.14884535060699244
3,4680,"[0.37897248225308355, 0.6613078975250524]","[0.20033155121842627, 0.8577591891930944]","[0.5774624052436255, 0.44302868338436885]","[6.864629444987144e-10, 2.1172042571964157e-09]","[6.863390966671545e-10, 2.1171464026359388e-09]","[0.3969798459810838, -0.43655842828136704]",0.14884535060817033
3,4681,"[0.37897248225171065, 0.661307897520818]","[0.20033155121842627, 0.8577591891930944]","[0.5774624052422526, 0.44302868338013446]","[6.83717149986549e-10, 2.108735483354497e-09]","[6.835932930826516e-10, 2.108677621404098e-09]","[0.3969798459810838, -0.43655842828136704]",0.1488453506093435
3,4682,"[0.3789724822503432, 0.6613078975166005]","[0.20033155121842627, 0.8577591891930944]","[0.5774624052408851, 0.44302868337591694]","[6.809822336326561e-10, 2.1003004672220075e-09]","[6.8085836968379e-10, 2.100242590952206e-09]","[0.3969798459810838, -0.43655842828136704]",0.14884535061051202
3,4683,"[0.3789724822489812, 0.6613078975123998]","[0.20033155121842627, 0.8577591891930944]","[0.5774624052395232, 0.4430286833717163]","[6.7825830722666e-10, 2.091899210094947e-09]","[6.781343264705697e-10, 2.0918413112802625e-09]","[0.39697984598108393, -0.43655842828136704]",0.14884535061167586
3,4684,"[0.3789724822476247, 0.6613078975082161]","[0.20033155121842627, 0.8577591891930944]","[0.5774624052381667, 0.44302868336753254]","[6.755452970352715e-10, 2.083531720262746e-09]","[6.75421218954142e-10, 2.0834737823882676e-09]","[0.39697984598108405, -0.43655842828136704]",0.14884535061283505
3,4685,"[0.3789724822462736, 0.661307897504049]","[0.20033155121842627, 0.8577591891930944]","[0.5774624052368156, 0.4430286833633654]","[6.72843005860515e-10, 2.0751975278221443e-09]","[6.72719102645658e-10, 2.0751395601870115e-09]","[0.39697984598108393, -0.43655842828136704]",0.14884535061398957
3,4686,"[0.3789724822449279, 0.6613078974998986]","[0.20033155121842627, 0.8577591891930944]","[0.5774624052354699, 0.4430286833592151]","[6.701516337812317e-10, 2.0668968062647167e-09]","[6.700276999893617e-10, 2.066838866721099e-09]","[0.39697984598108393, -0.43655842828136704]",0.14884535061513948
3,4687,"[0.3789724822435876, 0.6613078974957648]","[0.20033155121842627, 0.8577591891930944]","[0.5774624052341295, 0.4430286833550813]","[6.674710027250711e-10, 2.058629196059527e-09]","[6.673471775187068e-10, 2.0585712579013205e-09]","[0.3969798459810838, -0.43655842828136704]",0.14884535061628476
3,4688,"[0.37897248224225266, 0.6613078974916475]","[0.20033155121842627, 0.8577591891930944]","[0.5774624052327947, 0.443028683350964]","[6.648012476077446e-10, 2.0503946744020707e-09]","[6.646771466556345e-10, 2.0503367337276757e-09]","[0.39697984598108405, -0.43655842828136704]",0.14884535061742557
3,4689,"[0.37897248224092306, 0.6613078974875467]","[0.20033155121842627, 0.8577591891930944]","[0.5774624052314651, 0.4430286833468632]","[6.621420207669909e-10, 2.0421930155385614e-09]","[6.620179404670523e-10, 2.0421350721555598e-09]","[0.39697984598108405, -0.43655842828136704]",0.14884535061856174
3,4690,"[0.3789724822395988, 0.6613078974834623]","[0.20033155121842627, 0.8577591891930944]","[0.5774624052301408, 0.4430286833427788]","[6.594934569445931e-10, 2.0340242189271105e-09]","[6.593693924195065e-10, 2.033966273184973e-09]","[0.39697984598108405, -0.43655842828136704]",0.1488453506196934
3,4691,"[0.3789724822382798, 0.6613078974793942]","[0.20033155121842627, 0.8577591891930944]","[0.5774624052288218, 0.4430286833387107]","[6.568553875981353e-10, 2.0258880810001053e-09]","[6.567314470018459e-10, 2.02583011477131e-09]","[0.39697984598108393, -0.43655842828136704]",0.14884535062082044
3,4692,"[0.37897248223696606, 0.6613078974753425]","[0.20033155121842627, 0.8577591891930944]","[0.5774624052275081, 0.44302868333465895]","[6.542279970873825e-10, 2.0177845401270264e-09]","[6.541038266583143e-10, 2.0177265969145708e-09]","[0.39697984598108416, -0.43655842828136704]",0.1488453506219431
3,4693,"[0.3789724822356576, 0.6613078974713069]","[0.20033155121842627, 0.8577591891930944]","[0.5774624052261996, 0.4430286833306234]","[6.516110568014414e-10, 2.009713476599954e-09]","[6.514870309892729e-10, 2.009655497570151e-09]","[0.39697984598108405, -0.43655842828136704]",0.14884535062306115
3,4694,"[0.37897248223435437, 0.6613078974672875]","[0.20033155121842627, 0.8577591891930944]","[0.5774624052248964, 0.44302868332660394]","[6.490045453623352e-10, 2.0016745818977818e-09]","[6.488804493720579e-10, 2.001616594693445e-09]","[0.39697984598108416, -0.43655842828136704]",0.14884535062417478
3,4695,"[0.37897248223305635, 0.6613078974632841]","[0.20033155121842627, 0.8577591891930944]","[0.5774624052235984, 0.4430286833226006]","[6.464084808534825e-10, 1.9936678416812575e-09]","[6.462845258958794e-10, 1.9936098882844533e-09]","[0.39697984598108405, -0.43655842828136704]",0.14884535062528392
3,4696,"[0.37897248223176355, 0.6613078974592967]","[0.20033155121842627, 0.8577591891930944]","[0.5774624052223056, 0.4430286833186132]","[6.438228827854887e-10, 1.985693105592019e-09]","[6.436988164715274e-10, 1.9856351562985708e-09]","[0.39697984598108416, -0.43655842828136704]",0.14884535062638873
3,4697,"[0.3789724822304759, 0.6613078974553254]","[0.20033155121842627, 0.8577591891930944]","[0.577462405221018, 0.44302868331464185]","[6.412475892881083e-10, 1.9777503856288145e-09]","[6.411235431436069e-10, 1.9776923987357975e-09]","[0.39697984598108416, -0.43655842828136704]",0.14884535062748905
3,4698,"[0.37897248222919344, 0.6613078974513699]","[0.20033155121842627, 0.8577591891930944]","[0.5774624052197355, 0.44302868331068634]","[6.386825899789319e-10, 1.9698393877744965e-09]","[6.385587059121178e-10, 1.9697813935515285e-09]","[0.39697984598108405, -0.43655842828136704]",0.14884535062858495
3,4699,"[0.3789724822279161, 0.6613078974474302]","[0.20033155121842627, 0.8577591891930944]","[0.577462405218458, 0.4430286833067467]","[6.361278013549902e-10, 1.9619601370765203e-09]","[6.360040272213041e-10, 1.9619021407457637e-09]","[0.39697984598108393, -0.43655842828136704]",0.1488453506296764
3,4700,"[0.3789724822266438, 0.6613078974435063]","[0.20033155121842627, 0.8577591891930944]","[0.5774624052171857, 0.44302868330282275]","[6.335833387282974e-10, 1.9541121843979313e-09]","[6.334596180934682e-10, 1.9540541962292934e-09]","[0.3969798459810838, -0.43655842828136704]",0.1488453506307636
3,4701,"[0.37897248222537666, 0.6613078974395981]","[0.20033155121842627, 0.8577591891930944]","[0.5774624052159187, 0.44302868329891454]","[6.310491640170253e-10, 1.946295743256776e-09]","[6.309250344394002e-10, 1.9462377820467225e-09]","[0.39697984598108416, -0.43655842828136704]",0.14884535063184648
3,4702,"[0.37897248222411456, 0.6613078974357055]","[0.20033155121842627, 0.8577591891930944]","[0.5774624052146566, 0.443028683295022]","[6.28524899308739e-10, 1.9385106454620247e-09]","[6.284008313706124e-10, 1.938452676153446e-09]","[0.39697984598108416, -0.43655842828136704]",0.14884535063292492
3,4703,"[0.3789724822228575, 0.6613078974318285]","[0.20033155121842627, 0.8577591891930944]","[0.5774624052133996, 0.443028683291145]","[6.260107394274705e-10, 1.9307566222364456e-09]","[6.258866203090463e-10, 1.930698656504859e-09]","[0.39697984598108427, -0.43655842828136704]",0.14884535063399912
3,4704,"[0.3789724822216055, 0.661307897427967]","[0.20033155121842627, 0.8577591891930944]","[0.5774624052121476, 0.4430286832872835]","[6.23506740480013e-10, 1.9230336841307613e-09]","[6.233826232993067e-10, 1.9229757231009614e-09]","[0.39697984598108427, -0.43655842828136704]",0.14884535063506896
3,4705,"[0.3789724822203585, 0.661307897424121]","[0.20033155121842627, 0.8577591891930944]","[0.5774624052109006, 0.4430286832834375]","[6.210127171795439e-10, 1.915341573714532e-09]","[6.208886182967888e-10, 1.9152836538971485e-09]","[0.39697984598108427, -0.43655842828136704]",0.14884535063613452
3,4706,"[0.3789724822191165, 0.6613078974202903]","[0.20033155121842627, 0.8577591891930944]","[0.5774624052096586, 0.44302868327960676]","[6.185286861554239e-10, 1.9076801647019122e-09]","[6.184046053014924e-10, 1.9076222268488152e-09]","[0.39697984598108427, -0.43655842828136704]",0.1488453506371959
3,4707,"[0.37897248221787944, 0.6613078974164749]","[0.20033155121842627, 0.8577591891930944]","[0.5774624052084216, 0.44302868327579137]","[6.160545386576052e-10, 1.900049378897096e-09]","[6.159303622688128e-10, 1.8999914419559616e-09]","[0.3969798459810844, -0.43655842828136704]",0.14884535063825302
3,4708,"[0.3789724822166473, 0.6613078974126748]","[0.20033155121842627, 0.8577591891930944]","[0.5774624052071895, 0.4430286832719913]","[6.135902561449919e-10, 1.8924492234909407e-09]","[6.134661112433548e-10, 1.8923912992185876e-09]","[0.3969798459810844, -0.43655842828136704]",0.14884535063930587
3,4709,"[0.3789724822154201, 0.66130789740889]","[0.20033155121842627, 0.8577591891930944]","[0.5774624052059623, 0.44302868326820644]","[6.111358629362369e-10, 1.88487954074952e-09]","[6.110118522251184e-10, 1.8848215765920884e-09]","[0.39697984598108427, -0.43655842828136704]",0.14884535064035445
3,4710,"[0.3789724822141979, 0.6613078974051202]","[0.20033155121842627, 0.8577591891930944]","[0.57746240520474, 0.4430286832644367]","[6.086913735893343e-10, 1.8773400269943937e-09]","[6.085673631694988e-10, 1.877282052031859e-09]","[0.39697984598108427, -0.43655842828136704]",0.14884535064139895
3,4711,"[0.3789724822129805, 0.6613078974013655]","[0.20033155121842627, 0.8577591891930944]","[0.5774624052035227, 0.443028683260682]","[6.062566142475162e-10, 1.869830705765943e-09]","[6.061326440764958e-10, 1.8697727255378993e-09]","[0.39697984598108427, -0.43655842828136704]",0.14884535064243923
3,4712,"[0.378972482211768, 0.6613078973976259]","[0.20033155121842627, 0.8577591891930944]","[0.5774624052023101, 0.44302868325694233]","[6.038315817334311e-10, 1.8623513590584482e-09]","[6.037076949461095e-10, 1.8622933750656046e-09]","[0.39697984598108416, -0.43655842828136704]",0.14884535064347532
3,4713,"[0.37897248221056035, 0.6613078973939012]","[0.20033155121842627, 0.8577591891930944]","[0.5774624052011024, 0.44302868325321765]","[6.014163494436986e-10, 1.854901959885722e-09]","[6.0129251577834e-10, 1.8548440006149747e-09]","[0.39697984598108405, -0.43655842828136704]",0.14884535064450727
3,4714,"[0.37897248220935753, 0.6613078973901914]","[0.20033155121842627, 0.8577591891930944]","[0.5774624051998996, 0.44302868324950784]","[5.990107167444341e-10, 1.8474823450066953e-09]","[5.988868845285822e-10, 1.8474243801414048e-09]","[0.39697984598108405, -0.43655842828136704]",0.1488453506455351
3,4715,"[0.3789724822081595, 0.6613078973864964]","[0.20033155121842627, 0.8577591891930944]","[0.5774624051987015, 0.4430286832458129]","[5.966146115856563e-10, 1.8400925245457875e-09]","[5.964908011968362e-10, 1.8400345136448948e-09]","[0.39697984598108405, -0.43655842828136704]",0.14884535064655885
3,4716,"[0.3789724822069663, 0.6613078973828163]","[0.20033155121842627, 0.8577591891930944]","[0.5774624051975084, 0.44302868324213274]","[5.942282334154756e-10, 1.832732185897069e-09]","[5.941042657831019e-10, 1.8326741790808398e-09]","[0.39697984598108416, -0.43655842828136704]",0.1488453506475785
3,4717,"[0.37897248220577784, 0.6613078973791507]","[0.20033155121842627, 0.8577591891930944]","[0.57746240519632, 0.4430286832384672]","[5.918513198441592e-10, 1.8254011846658483e-09]","[5.917272782873795e-10, 1.825343154404635e-09]","[0.39697984598108427, -0.43655842828136704]",0.14884535064859405
3,4718,"[0.3789724822045941, 0.6613078973754999]","[0.20033155121842627, 0.8577591891930944]","[0.5774624051951363, 0.44302868323481637]","[5.89483855252651e-10, 1.8180994692181694e-09]","[5.893598387096688e-10, 1.8180414396162803e-09]","[0.39697984598108427, -0.43655842828136704]",0.14884535064960558
3,4719,"[0.3789724822034152, 0.6613078973718637]","[0.20033155121842627, 0.8577591891930944]","[0.5774624051939573, 0.44302868323118016]","[5.8712598690698e-10, 1.8108270943255742e-09]","[5.870019470499699e-10, 1.8107690347157757e-09]","[0.39697984598108427, -0.43655842828136704]",0.14884535065061305
3,4720,"[0.37897248220224095, 0.661307897368242]","[0.20033155121842627, 0.8577591891930944]","[0.577462405192783, 0.4430286832275585]","[5.847775280916284e-10, 1.8035838289554667e-09]","[5.846536033082828e-10, 1.8035257176585162e-09]","[0.39697984598108416, -0.43655842828136704]",0.14884535065161644
3,4721,"[0.3789724822010714, 0.6613078973646349]","[0.20033155121842627, 0.8577591891930944]","[0.5774624051916135, 0.4430286832239514]","[5.824384104153414e-10, 1.7963695794138768e-09]","[5.823143633953975e-10, 1.796311488444502e-09]","[0.39697984598108427, -0.43655842828136704]",0.14884535065261587
3,4722,"[0.3789724821999065, 0.6613078973610421]","[0.20033155121842627, 0.8577591891930944]","[0.5774624051904487, 0.44302868322035865]","[5.801085945035276e-10, 1.7891840157907965e-09]","[5.799844493559192e-10, 1.7891257919622205e-09]","[0.3969798459810844, -0.43655842828136693]",0.14884535065361126
3,4723,"[0.37897248219874624, 0.6613078973574638]","[0.20033155121842627, 0.8577591891930944]","[0.5774624051892885, 0.4430286832167803]","[5.77788053564334e-10, 1.7820272868661496e-09]","[5.776638611898477e-10, 1.7819690723008819e-09]","[0.3969798459810845, -0.43655842828136693]",0.1488453506546027
3,4724,"[0.37897248219759067, 0.6613078973538997]","[0.20033155121842627, 0.8577591891930944]","[0.577462405188133, 0.44302868321321626]","[5.754769513117717e-10, 1.7748992233342581e-09]","[5.753526544083343e-10, 1.7748409963935785e-09]","[0.3969798459810846, -0.43655842828136693]",0.14884535065559018
3,4725,"[0.3789724821964397, 0.6613078973503499]","[0.20033155121842627, 0.8577591891930944]","[0.577462405186982, 0.4430286832096665]","[5.731749740842983e-10, 1.7677995488748864e-09]","[5.730507179890765e-10, 1.767741231173403e-09]","[0.3969798459810846, -0.4365584282813668]",0.14884535065657367
3,4726,"[0.37897248219529334, 0.6613078973468143]","[0.20033155121842627, 0.8577591891930944]","[0.5774624051858357, 0.44302868320613087]","[5.708822187776893e-10, 1.7607283098259022e-09]","[5.707578853986206e-10, 1.7606699986849605e-09]","[0.3969798459810847, -0.4365584282813668]",0.14884535065755328
3,4727,"[0.3789724821941516, 0.6613078973432929]","[0.20033155121842627, 0.8577591891930944]","[0.5774624051846939, 0.44302868320260946]","[5.685986654862754e-10, 1.7536854860485867e-09]","[5.684743786815716e-10, 1.7536271879059484e-09]","[0.3969798459810847, -0.4365584282813668]",0.1488453506585289
3,4728,"[0.3789724821930144, 0.6613078973397855]","[0.20033155121842627, 0.8577591891930944]","[0.5774624051835567, 0.44302868319910205]","[5.663242638848999e-10, 1.7466706130471028e-09]","[5.661999757933245e-10, 1.7466123547471568e-09]","[0.3969798459810847, -0.4365584282813668]",0.1488453506595007
3,4729,"[0.37897248219188173, 0.6613078973362921]","[0.20033155121842627, 0.8577591891930944]","[0.5774624051824241, 0.44302868319560873]","[5.640589417414596e-10, 1.7396839754392453e-09]","[5.639346767338793e-10, 1.7396257212531907e-09]","[0.3969798459810847, -0.4365584282813668]",0.14884535066046856
3,4730,"[0.37897248219075363, 0.6613078973328128]","[0.20033155121842627, 0.8577591891930944]","[0.577462405181296, 0.4430286831921294]","[5.618027232480891e-10, 1.73272531481741e-09]","[5.616784815032361e-10, 1.7326670653794451e-09]","[0.3969798459810847, -0.4365584282813668]",0.14884535066143256
3,4731,"[0.37897248218963003, 0.6613078973293474]","[0.20033155121842627, 0.8577591891930944]","[0.5774624051801724, 0.44302868318866395]","[5.595554637598943e-10, 1.7257944288462811e-09]","[5.594311680567898e-10, 1.7257361650813152e-09]","[0.3969798459810848, -0.4365584282813668]",0.14884535066239268
3,4732,"[0.37897248218851093, 0.6613078973258958]","[0.20033155121842627, 0.8577591891930944]","[0.5774624051790533, 0.4430286831852124]","[5.573172496523788e-10, 1.718891255934885e-09]","[5.571929584391455e-10, 1.718833020358801e-09]","[0.3969798459810848, -0.4365584282813668]",0.14884535066334897
3,4733,"[0.3789724821873963, 0.661307897322458]","[0.20033155121842627, 0.8577591891930944]","[0.5774624051779387, 0.4430286831817746]","[5.550880116053027e-10, 1.7120156392362613e-09]","[5.549638526503031e-10, 1.7119574091672973e-09]","[0.3969798459810847, -0.4365584282813668]",0.1488453506643015
3,4734,"[0.37897248218628615, 0.6613078973190339]","[0.20033155121842627, 0.8577591891930944]","[0.5774624051768285, 0.44302868317835054]","[5.52867674469734e-10, 1.7051675229763364e-09]","[5.527436286456577e-10, 1.7051093315068044e-09]","[0.3969798459810846, -0.4365584282813668]",0.14884535066525012
3,4735,"[0.3789724821851804, 0.6613078973156236]","[0.20033155121842627, 0.8577591891930944]","[0.5774624051757227, 0.44302868317494015]","[5.506561788924571e-10, 1.6983467868146577e-09]","[5.505322309140581e-10, 1.6982885653327173e-09]","[0.3969798459810845, -0.4365584282813668]",0.14884535066619498
3,4736,"[0.37897248218407914, 0.6613078973122268]","[0.20033155121842627, 0.8577591891930944]","[0.5774624051746213, 0.4430286831715434]","[5.484536332392041e-10, 1.6915532996534546e-09]","[5.483297704778067e-10, 1.691495110645036e-09]","[0.3969798459810844, -0.4365584282813668]",0.1488453506671361
3,4737,"[0.37897248218298224, 0.6613078973088438]","[0.20033155121842627, 0.8577591891930944]","[0.5774624051735244, 0.44302868316816035]","[5.4625986885357e-10, 1.6847871876572295e-09]","[5.461359697811474e-10, 1.6847289674437604e-09]","[0.3969798459810844, -0.4365584282813668]",0.14884535066807342
3,4738,"[0.3789724821818897, 0.6613078973054742]","[0.20033155121842627, 0.8577591891930944]","[0.577462405172432, 0.4430286831647909]","[5.440748654778552e-10, 1.6780481572772054e-09]","[5.439508288240802e-10, 1.6779898026619833e-09]","[0.3969798459810845, -0.4365584282813667]",0.14884535066900695
3,4739,"[0.3789724821808016, 0.6613078973021181]","[0.20033155121842627, 0.8577591891930944]","[0.5774624051713438, 0.4430286831614348]","[5.4189860931712e-10, 1.6713359745405784e-09]","[5.4177456965121e-10, 1.6712776162997045e-09]","[0.3969798459810845, -0.4365584282813667]",0.14884535066993682
3,4740,"[0.3789724821797178, 0.6613078972987755]","[0.20033155121842627, 0.8577591891930944]","[0.57746240517026, 0.44302868315809213]","[5.397310153751256e-10, 1.6646506281984256e-09]","[5.396069702179318e-10, 1.6645922973346217e-09]","[0.3969798459810845, -0.4365584282813667]",0.14884535067086294
3,4741,"[0.3789724821786383, 0.6613078972954461]","[0.20033155121842627, 0.8577591891930944]","[0.5774624051691806, 0.44302868315476274]","[5.375720807543711e-10, 1.6579919236213482e-09]","[5.374480305242457e-10, 1.6579337347444323e-09]","[0.3969798459810845, -0.4365584282813668]",0.14884535067178536
3,4742,"[0.3789724821775632, 0.6613078972921301]","[0.20033155121842627, 0.8577591891930944]","[0.5774624051681054, 0.4430286831514468]","[5.354218051105305e-10, 1.6513599298782895e-09]","[5.352977505701517e-10, 1.651301595462229e-09]","[0.3969798459810845, -0.4365584282813667]",0.1488453506727041
3,4743,"[0.3789724821764923, 0.6613078972888274]","[0.20033155121842627, 0.8577591891930944]","[0.5774624051670345, 0.4430286831481441]","[5.332800774794057e-10, 1.6447545364452133e-09]","[5.331561303556498e-10, 1.6446962125549192e-09]","[0.3969798459810844, -0.4365584282813667]",0.14884535067361912
3,4744,"[0.3789724821754258, 0.661307897285538]","[0.20033155121842627, 0.8577591891930944]","[0.577462405165968, 0.4430286831448546]","[5.311470274929436e-10, 1.63817558619774e-09]","[5.31022947836135e-10, 1.6381172529555954e-09]","[0.3969798459810845, -0.4365584282813667]",0.14884535067453053
3,4745,"[0.37897248217436347, 0.6613078972822616]","[0.20033155121842627, 0.8577591891930944]","[0.5774624051649058, 0.4430286831415783]","[5.290224455402084e-10, 1.6316228232557957e-09]","[5.288982585227586e-10, 1.6315643835973503e-09]","[0.3969798459810846, -0.4365584282813666]",0.14884535067543828
3,4746,"[0.3789724821733054, 0.6613078972789983]","[0.20033155121842627, 0.8577591891930944]","[0.5774624051638477, 0.443028683138315]","[5.26906341470196e-10, 1.625096204767213e-09]","[5.267821734378231e-10, 1.625037826524789e-09]","[0.3969798459810846, -0.4365584282813666]",0.1488453506763424
3,4747,"[0.3789724821722516, 0.6613078972757481]","[0.20033155121842627, 0.8577591891930944]","[0.5774624051627939, 0.4430286831350648]","[5.247986879395462e-10, 1.6185958621966025e-09]","[5.246745260478747e-10, 1.6185374707156086e-09]","[0.3969798459810846, -0.4365584282813666]",0.14884535067724286
3,4748,"[0.378972482171202, 0.6613078972725109]","[0.20033155121842627, 0.8577591891930944]","[0.5774624051617443, 0.44302868313182764]","[5.226994747406997e-10, 1.6121214765352425e-09]","[5.225753163529134e-10, 1.6120630941252045e-09]","[0.3969798459810846, -0.4365584282813666]",0.14884535067813975
3,4749,"[0.3789724821701566, 0.6613078972692867]","[0.20033155121842627, 0.8577591891930944]","[0.5774624051606989, 0.44302868312860344]","[5.206087000897156e-10, 1.6056730682539687e-09]","[5.204845443529393e-10, 1.6056146967535767e-09]","[0.3969798459810846, -0.4365584282813666]",0.1488453506790331
3,4750,"[0.3789724821691154, 0.6613078972660754]","[0.20033155121842627, 0.8577591891930944]","[0.5774624051596577, 0.4430286831253921]","[5.185262525980669e-10, 1.599250399903004e-09]","[5.184019880033475e-10, 1.5991920565561202e-09]","[0.3969798459810847, -0.4365584282813666]",0.1488453506799228
3,4751,"[0.37897248216807833, 0.6613078972628769]","[0.20033155121842627, 0.8577591891930944]","[0.5774624051586207, 0.44302868312219357]","[5.164521136435817e-10, 1.5928533021203155e-09]","[5.163278693487428e-10, 1.59279495148823e-09]","[0.3969798459810847, -0.4365584282813666]",0.148845350680809
3,4752,"[0.37897248216704543, 0.6613078972596912]","[0.20033155121842627, 0.8577591891930944]","[0.5774624051575878, 0.4430286831190079]","[5.143863078302922e-10, 1.5864819314985266e-09]","[5.142619663445203e-10, 1.5864236035945112e-09]","[0.3969798459810848, -0.4365584282813666]",0.1488453506816917
3,4753,"[0.37897248216601664, 0.6613078972565182]","[0.20033155121842627, 0.8577591891930944]","[0.5774624051565591, 0.4430286831158349]","[5.123287019830959e-10, 1.5801359068733467e-09]","[5.1220427899068e-10, 1.5800775687857538e-09]","[0.39697984598108493, -0.4365584282813666]",0.14884535068257082
3,4754,"[0.37897248216499196, 0.6613078972533579]","[0.20033155121842627, 0.8577591891930944]","[0.5774624051555344, 0.4430286831126746]","[5.10279338378928e-10, 1.5738153866109285e-09]","[5.101550293318269e-10, 1.5737570691065628e-09]","[0.3969798459810848, -0.4365584282813666]",0.14884535068344634
3,4755,"[0.3789724821639714, 0.6613078972502103]","[0.20033155121842627, 0.8577591891930944]","[0.5774624051545139, 0.44302868310952703]","[5.082381883566337e-10, 1.5675202119425672e-09]","[5.081137732787511e-10, 1.5674618825123332e-09]","[0.39697984598108493, -0.4365584282813666]",0.14884535068431845
3,4756,"[0.3789724821629549, 0.6613078972470753]","[0.20033155121842627, 0.8577591891930944]","[0.5774624051534973, 0.443028683106392]","[5.062052297190727e-10, 1.5612500972498627e-09]","[5.060809549206624e-10, 1.5611917869584602e-09]","[0.3969798459810848, -0.4365584282813666]",0.14884535068518706
3,4757,"[0.3789724821619425, 0.6613078972439528]","[0.20033155121842627, 0.8577591891930944]","[0.5774624051524849, 0.4430286831032695]","[5.041804010744812e-10, 1.5550051058646254e-09]","[5.04056130168351e-10, 1.5549467824449437e-09]","[0.3969798459810848, -0.4365584282813666]",0.14884535068605215
3,4758,"[0.37897248216093415, 0.6613078972408428]","[0.20033155121842627, 0.8577591891930944]","[0.5774624051514765, 0.4430286831001595]","[5.021636749535594e-10, 1.5487851742544343e-09]","[5.020395210664219e-10, 1.5487268689717837e-09]","[0.3969798459810847, -0.4365584282813666]",0.1488453506869138
3,4759,"[0.37897248215992985, 0.6613078972377453]","[0.20033155121842627, 0.8577591891930944]","[0.5774624051504722, 0.443028683097062]","[5.00155072505029e-10, 1.5425901067326699e-09]","[5.000309055702701e-10, 1.5425318244943753e-09]","[0.3969798459810847, -0.4365584282813666]",0.14884535068777197
3,4760,"[0.37897248215892954, 0.6613078972346601]","[0.20033155121842627, 0.8577591891930944]","[0.5774624051494719, 0.4430286830939768]","[4.981544213198097e-10, 1.5364197041008487e-09]","[4.980302836798955e-10, 1.5363614269681136e-09]","[0.3969798459810847, -0.4365584282813666]",0.14884535068862675
3,4761,"[0.3789724821579332, 0.6613078972315872]","[0.20033155121842627, 0.8577591891930944]","[0.5774624051484756, 0.44302868309090393]","[4.961618112714436e-10, 1.5302739516207789e-09]","[4.960376553952983e-10, 1.5302156763929986e-09]","[0.3969798459810847, -0.4365584282813666]",0.14884535068947813
3,4762,"[0.3789724821569409, 0.6613078972285267]","[0.20033155121842627, 0.8577591891930944]","[0.5774624051474833, 0.4430286830878434]","[4.941771988975832e-10, 1.52415285605282e-09]","[4.940530207164784e-10, 1.5240945727690303e-09]","[0.3969798459810847, -0.4365584282813666]",0.14884535069032612
3,4763,"[0.37897248215595253, 0.6613078972254783]","[0.20033155121842627, 0.8577591891930944]","[0.5774624051464949, 0.44302868308479504]","[4.922005035818219e-10, 1.5180562041596968e-09]","[4.920761575988308e-10, 1.5179978940516037e-09]","[0.3969798459810848, -0.4365584282813666]",0.14884535069117072
3,4764,"[0.37897248215496815, 0.6613078972224422]","[0.20033155121842627, 0.8577591891930944]","[0.5774624051455106, 0.4430286830817589]","[4.902317494306814e-10, 1.5119839328788854e-09]","[4.901072880869606e-10, 1.5119256402407188e-09]","[0.39697984598108493, -0.4365584282813666]",0.14884535069201194
3,4765,"[0.3789724821539877, 0.6613078972194183]","[0.20033155121842627, 0.8577591891930944]","[0.5774624051445302, 0.443028683078735]","[4.882708391374339e-10, 1.505936144458075e-09]","[4.881464121808676e-10, 1.5058778113363758e-09]","[0.39697984598108493, -0.4365584282813666]",0.14884535069284976
3,4766,"[0.37897248215301116, 0.6613078972164064]","[0.20033155121842627, 0.8577591891930944]","[0.5774624051435536, 0.4430286830757231]","[4.863177368102337e-10, 1.4999123084414468e-09]","[4.861933078359471e-10, 1.4998539632493646e-09]","[0.39697984598108493, -0.4365584282813666]",0.1488453506936842
3,4767,"[0.37897248215203855, 0.6613078972134065]","[0.20033155121842627, 0.8577591891930944]","[0.577462405142581, 0.44302868307272325]","[4.84372558849936e-10, 1.4939126696640424e-09]","[4.842481970968038e-10, 1.4938543180242903e-09]","[0.3969798459810848, -0.4365584282813666]",0.14884535069451535
3,4768,"[0.3789724821510698, 0.6613078972104187]","[0.20033155121842627, 0.8577591891930944]","[0.5774624051416122, 0.4430286830697354]","[4.824351398347604e-10, 1.487937010027528e-09]","[4.823108579188329e-10, 1.4878786536165478e-09]","[0.3969798459810847, -0.4365584282813666]",0.14884535069534313
3,4769,"[0.37897248215010493, 0.6613078972074429]","[0.20033155121842627, 0.8577591891930944]","[0.5774624051406473, 0.4430286830667596]","[4.805054246182076e-10, 1.4819853118091186e-09]","[4.803810682574294e-10, 1.4819269700261373e-09]","[0.3969798459810847, -0.4365584282813666]",0.1488453506961676
3,4770,"[0.3789724821491439, 0.6613078972044789]","[0.20033155121842627, 0.8577591891930944]","[0.5774624051396863, 0.4430286830637956]","[4.785834026166952e-10, 1.4760573686168128e-09]","[4.784590501571984e-10, 1.4759990452084537e-09]","[0.3969798459810847, -0.4365584282813666]",0.14884535069698882
3,4771,"[0.37897248214818674, 0.6613078972015268]","[0.20033155121842627, 0.8577591891930944]","[0.5774624051387292, 0.44302868306084353]","[4.766690616540186e-10, 1.4701532201523818e-09]","[4.765445815735347e-10, 1.4700948791634971e-09]","[0.3969798459810848, -0.4365584282813666]",0.14884535069780672
3,4772,"[0.3789724821472334, 0.6613078971985865]","[0.20033155121842627, 0.8577591891930944]","[0.5774624051377758, 0.4430286830579032]","[4.747623632683394e-10, 1.4642725677927639e-09]","[4.746378845510435e-10, 1.4642142498466626e-09]","[0.3969798459810848, -0.4365584282813666]",0.1488453506986214
3,4773,"[0.3789724821462839, 0.661307897195658]","[0.20033155121842627, 0.8577591891930944]","[0.5774624051368262, 0.44302868305497467]","[4.72863329284063e-10, 1.458415455887434e-09]","[4.727389590897246e-10, 1.4583571572579501e-09]","[0.3969798459810847, -0.4365584282813666]",0.14884535069943272
3,4774,"[0.37897248214533813, 0.6613078971927412]","[0.20033155121842627, 0.8577591891930944]","[0.5774624051358805, 0.4430286830520579]","[4.709718635094028e-10, 1.452581899330377e-09]","[4.708473611003683e-10, 1.4525236013973597e-09]","[0.3969798459810848, -0.4365584282813666]",0.14884535070024085
3,4775,"[0.37897248214439616, 0.6613078971898361]","[0.20033155121842627, 0.8577591891930944]","[0.5774624051349386, 0.44302868304915277]","[4.690879592399902e-10, 1.4467716786434178e-09]","[4.689633126275794e-10, 1.4467133602202864e-09]","[0.39697984598108493, -0.4365584282813666]",0.1488453507010458
3,4776,"[0.37897248214345797, 0.6613078971869425]","[0.20033155121842627, 0.8577591891930944]","[0.5774624051340005, 0.4430286830462592]","[4.672115583684172e-10, 1.4409845167686208e-09]","[4.67086813671358e-10, 1.4409262116821253e-09]","[0.39697984598108504, -0.4365584282813666]",0.14884535070184746
3,4777,"[0.37897248214252355, 0.6613078971840606]","[0.20033155121842627, 0.8577591891930944]","[0.5774624051330661, 0.4430286830433773]","[4.65342764083986e-10, 1.4352206636475391e-09]","[4.652179197428552e-10, 1.4351623778274814e-09]","[0.39697984598108516, -0.4365584282813666]",0.14884535070264596
3,4778,"[0.37897248214159285, 0.6613078971811901]","[0.20033155121842627, 0.8577591891930944]","[0.5774624051321354, 0.4430286830405068]","[4.634813422437537e-10, 1.429479726148415e-09]","[4.6335651981976866e-10, 1.4294214145671447e-09]","[0.39697984598108516, -0.4365584282813666]",0.14884535070344124
3,4779,"[0.37897248214066587, 0.6613078971783312]","[0.20033155121842627, 0.8577591891930944]","[0.5774624051312085, 0.44302868303764786]","[4.616273666460018e-10, 1.42376188704805e-09]","[4.6150244736864465e-10, 1.4237035439457202e-09]","[0.39697984598108527, -0.4365584282813666]",0.14884535070423338
3,4780,"[0.3789724821397426, 0.6613078971754837]","[0.20033155121842627, 0.8577591891930944]","[0.5774624051302852, 0.44302868303480036]","[4.5978081408284597e-10, 1.4180669087961405e-09]","[4.596559244340881e-10, 1.418008543918603e-09]","[0.39697984598108527, -0.4365584282813666]",0.14884535070502228
3,4781,"[0.37897248213882306, 0.6613078971726475]","[0.20033155121842627, 0.8577591891930944]","[0.5774624051293658, 0.4430286830319642]","[4.579417081497677e-10, 1.4123945932197254e-09]","[4.5781672897149406e-10, 1.4123361924411881e-09]","[0.3969798459810854, -0.4365584282813666]",0.14884535070580812
3,4782,"[0.3789724821379072, 0.6613078971698227]","[0.20033155121842627, 0.8577591891930944]","[0.5774624051284498, 0.44302868302913945]","[4.5610991530001817e-10, 1.4067451205416605e-09]","[4.559850830254675e-10, 1.4066867115580806e-09]","[0.39697984598108527, -0.4365584282813666]",0.14884535070659072
3,4783,"[0.37897248213699497, 0.6613078971670092]","[0.20033155121842627, 0.8577591891930944]","[0.5774624051275377, 0.4430286830263259]","[4.542854775789632e-10, 1.401118050878726e-09]","[4.541605425067985e-10, 1.4010596571800704e-09]","[0.3969798459810854, -0.4365584282813666]",0.1488453507073703
3,4784,"[0.3789724821360864, 0.661307897164207]","[0.20033155121842627, 0.8577591891930944]","[0.577462405126629, 0.4430286830235237]","[4.5246834764177857e-10, 1.3955136440456686e-09]","[4.5234355150469696e-10, 1.3954552513517626e-09]","[0.39697984598108527, -0.4365584282813666]",0.1488453507081466
3,4785,"[0.3789724821351815, 0.661307897161416]","[0.20033155121842627, 0.8577591891930944]","[0.5774624051257241, 0.4430286830207327]","[4.506584599681947e-10, 1.3899316843443321e-09]","[4.5053366592995303e-10, 1.3898732720285523e-09]","[0.39697984598108527, -0.4365584282813666]",0.14884535070891985
3,4786,"[0.37897248213428014, 0.6613078971586361]","[0.20033155121842627, 0.8577591891930944]","[0.5774624051248227, 0.44302868301795284]","[4.4885578645314016e-10, 1.3843718860676967e-09]","[4.4873110782717163e-10, 1.3843134971658344e-09]","[0.39697984598108516, -0.4365584282813666]",0.14884535070969007
3,4787,"[0.3789724821333824, 0.6613078971558674]","[0.20033155121842627, 0.8577591891930944]","[0.577462405123925, 0.44302868301518405]","[4.470603481829684e-10, 1.3788343141979164e-09]","[4.469356551517478e-10, 1.378775926763609e-09]","[0.39697984598108516, -0.4365584282813666]",0.14884535071045718
3,4788,"[0.3789724821324883, 0.6613078971531097]","[0.20033155121842627, 0.8577591891930944]","[0.5774624051230308, 0.44302868301242637]","[4.452720652931179e-10, 1.37331895929242e-09]","[4.451474744371353e-10, 1.3732605608218762e-09]","[0.39697984598108504, -0.4365584282813666]",0.14884535071122124
3,4789,"[0.37897248213159773, 0.661307897150363]","[0.20033155121842627, 0.8577591891930944]","[0.5774624051221402, 0.4430286830096797]","[4.4349095984476386e-10, 1.3678256240140725e-09]","[4.4336645466103164e-10, 1.367767177296031e-09]","[0.39697984598108493, -0.4365584282813666]",0.1488453507119822
3,4790,"[0.3789724821307108, 0.6613078971476273]","[0.20033155121842627, 0.8577591891930944]","[0.5774624051212532, 0.443028683006944]","[4.4171708195312234e-10, 1.3623542387792736e-09]","[4.4159254031228556e-10, 1.3622957761860732e-09]","[0.39697984598108493, -0.4365584282813666]",0.1488453507127402
3,4791,"[0.3789724821298273, 0.6613078971449026]","[0.20033155121842627, 0.8577591891930944]","[0.5774624051203698, 0.44302868300421927]","[4.3995018877778965e-10, 1.3569048107556037e-09]","[4.3982550934629216e-10, 1.3568463574920031e-09]","[0.39697984598108504, -0.4365584282813666]",0.1488453507134951
3,4792,"[0.3789724821289474, 0.6613078971421887]","[0.20033155121842627, 0.8577591891930944]","[0.5774624051194899, 0.44302868300150544]","[4.381903774626108e-10, 1.3514771748218146e-09]","[4.380658058522613e-10, 1.3514186991692156e-09]","[0.39697984598108493, -0.4365584282813666]",0.14884535071424698
3,4793,"[0.37897248212807105, 0.6613078971394858]","[0.20033155121842627, 0.8577591891930944]","[0.5774624051186135, 0.4430286829988025]","[4.3643769252858473e-10, 1.3460712758834633e-09]","[4.36313207785588e-10, 1.3460128012177108e-09]","[0.3969798459810848, -0.4365584282813666]",0.14884535071499583
3,4794,"[0.3789724821271982, 0.6613078971367936]","[0.20033155121842627, 0.8577591891930944]","[0.5774624051177406, 0.4430286829961103]","[4.3469197688338627e-10, 1.3406869121622064e-09]","[4.345674931016674e-10, 1.3406284415928837e-09]","[0.3969798459810848, -0.4365584282813666]",0.14884535071574176
3,4795,"[0.37897248212632884, 0.6613078971341122]","[0.20033155121842627, 0.8577591891930944]","[0.5774624051168713, 0.4430286829934289]","[4.3295331396744577e-10, 1.3353240869046892e-09]","[4.328286618004995e-10, 1.3352656202947344e-09]","[0.39697984598108493, -0.4365584282813666]",0.1488453507164847
3,4796,"[0.3789724821254629, 0.6613078971314416]","[0.20033155121842627, 0.8577591891930944]","[0.5774624051160053, 0.44302868299075826]","[4.31221448217089e-10, 1.3299828190465157e-09]","[4.310969359266892e-10, 1.3299243373232628e-09]","[0.3969798459810848, -0.4365584282813666]",0.1488453507172246
3,4797,"[0.3789724821246005, 0.6613078971287816]","[0.20033155121842627, 0.8577591891930944]","[0.5774624051151429, 0.4430286829880983]","[4.294966614232999e-10, 1.324662824844987e-09]","[4.2937209343563154e-10, 1.324604370633864e-09]","[0.3969798459810848, -0.4365584282813666]",0.14884535071796162
3,4798,"[0.3789724821237415, 0.6613078971261322]","[0.20033155121842627, 0.8577591891930944]","[0.5774624051142839, 0.44302868298544895]","[4.2777868800492903e-10, 1.3193641602462264e-09]","[4.2765413432732657e-10, 1.319305720226538e-09]","[0.3969798459810848, -0.4365584282813666]",0.14884535071869562
3,4799,"[0.378972482122886, 0.6613078971234935]","[0.20033155121842627, 0.8577591891930944]","[0.5774624051134284, 0.4430286829828102]","[4.2606765808054174e-10, 1.3140865659504872e-09]","[4.259430586017743e-10, 1.3140281640566798e-09]","[0.3969798459810848, -0.4365584282813666]",0.14884535071942673
3,4800,"[0.3789724821220338, 0.6613078971208654]","[0.20033155121842627, 0.8577591891930944]","[0.5774624051125763, 0.44302868298018205]","[4.243633716645853e-10, 1.3088303238313346e-09]","[4.2423864421436974e-10, 1.3087719241688944e-09]","[0.39697984598108493, -0.4365584282813666]",0.14884535072015492
3,4801,"[0.3789724821211851, 0.6613078971182477]","[0.20033155121842627, 0.8577591891930944]","[0.5774624051117276, 0.44302868297756437]","[4.226659437663916e-10, 1.303594943780542e-09]","[4.225411132097179e-10, 1.303536556473972e-09]","[0.39697984598108504, -0.4365584282813666]",0.14884535072088018
3,4802,"[0.3789724821203398, 0.6613078971156405]","[0.20033155121842627, 0.8577591891930944]","[0.5774624051108823, 0.44302868297495723]","[4.209752735387887e-10, 1.2983806582771295e-09]","[4.208504655878187e-10, 1.2983222830165175e-09]","[0.39697984598108504, -0.4365584282813666]",0.1488453507216025
3,4803,"[0.37897248211949786, 0.6613078971130437]","[0.20033155121842627, 0.8577591891930944]","[0.5774624051100403, 0.4430286829723604]","[4.1929141994639867e-10, 1.2931870061343508e-09]","[4.191667013486722e-10, 1.293128659707321e-09]","[0.39697984598108493, -0.4365584282813666]",0.14884535072232197
3,4804,"[0.37897248211865925, 0.6613078971104573]","[0.20033155121842627, 0.8577591891930944]","[0.5774624051092017, 0.44302868296977405]","[4.176142184960261e-10, 1.288014224773532e-09]","[4.174895984476734e-10, 1.2879559085909875e-09]","[0.3969798459810848, -0.4365584282813666]",0.14884535072303853
3,4805,"[0.378972482117824, 0.6613078971078813]","[0.20033155121842627, 0.8577591891930944]","[0.5774624051083664, 0.443028682967198]","[4.1594379873232357e-10, 1.2828621592446924e-09]","[4.158191568848224e-10, 1.282803807622912e-09]","[0.3969798459810848, -0.4365584282813666]",0.14884535072375227
3,4806,"[0.37897248211699214, 0.6613078971053156]","[0.20033155121842627, 0.8577591891930944]","[0.5774624051075345, 0.44302868296463227]","[4.142799953990778e-10, 1.2777306709659128e-09]","[4.1415537666011915e-10, 1.2776723568030945e-09]","[0.3969798459810848, -0.4365584282813666]",0.14884535072446314
3,4807,"[0.3789724821161636, 0.6613078971027601]","[0.20033155121842627, 0.8577591891930944]","[0.577462405106706, 0.44302868296207676]","[4.1262288121584867e-10, 1.2726196552119155e-09]","[4.1249825777356364e-10, 1.2725613340869302e-09]","[0.3969798459810848, -0.4365584282813666]",0.14884535072517113
3,4808,"[0.37897248211533835, 0.6613078971002149]","[0.20033155121842627, 0.8577591891930944]","[0.5774624051058808, 0.4430286829595316]","[4.109724315802871e-10, 1.2675292978927628e-09]","[4.108478002251559e-10, 1.2674709615190238e-09]","[0.3969798459810848, -0.4365584282813666]",0.14884535072587635
3,4809,"[0.3789724821145164, 0.6613078970976798]","[0.20033155121842627, 0.8577591891930944]","[0.5774624051050588, 0.4430286829569965]","[4.093285316073311e-10, 1.2624591302459264e-09]","[4.0920400401489587e-10, 1.2624007950101657e-09]","[0.3969798459810847, -0.4365584282813666]",0.14884535072657867
3,4810,"[0.3789724821136977, 0.6613078970951549]","[0.20033155121842627, 0.8577591891930944]","[0.5774624051042401, 0.4430286829544716]","[4.076911623474968e-10, 1.2574093515774265e-09]","[4.075666470981787e-10, 1.2573510566049606e-09]","[0.3969798459810847, -0.4365584282813666]",0.14884535072727823
3,4811,"[0.3789724821128823, 0.6613078970926402]","[0.20033155121842627, 0.8577591891930944]","[0.5774624051034247, 0.44302868295195685]","[4.0606036706685196e-10, 1.2523798284692727e-09]","[4.0593572947500434e-10, 1.2523215242588037e-09]","[0.3969798459810848, -0.4365584282813666]",0.14884535072797495
3,4812,"[0.3789724821120702, 0.6613078970901354]","[0.20033155121842627, 0.8577591891930944]","[0.5774624051026126, 0.4430286829494521]","[4.0443610531265713e-10, 1.2473702610442054e-09]","[4.0431147318997773e-10, 1.24731197592709e-09]","[0.3969798459810848, -0.4365584282813666]",0.14884535072866895
3,4813,"[0.37897248211126133, 0.6613078970876406]","[0.20033155121842627, 0.8577591891930944]","[0.5774624051018038, 0.4430286829469573]","[4.028183984699595e-10, 1.242380701022148e-09]","[4.0269365619849395e-10, 1.2423224116098197e-09]","[0.39697984598108493, -0.4365584282813666]",0.14884535072936017
3,4814,"[0.3789724821104557, 0.6613078970851558]","[0.20033155121842627, 0.8577591891930944]","[0.5774624051009982, 0.4430286829444725]","[4.0120711317669435e-10, 1.2374111461701055e-09]","[4.01082278500553e-10, 1.2373528313069926e-09]","[0.39697984598108504, -0.4365584282813666]",0.14884535073004862
3,4815,"[0.3789724821096533, 0.661307897082681]","[0.20033155121842627, 0.8577591891930944]","[0.5774624051001958, 0.4430286829419977]","[3.996022919699165e-10, 1.2324615685680435e-09]","[3.994775621407598e-10, 1.2324032350186087e-09]","[0.39697984598108493, -0.4365584282813666]",0.1488453507307343
3,4816,"[0.3789724821088541, 0.6613078970802161]","[0.20033155121842627, 0.8577591891930944]","[0.5774624050993966, 0.4430286829395328]","[3.980039434819914e-10, 1.2275317432330827e-09]","[3.978790630299045e-10, 1.2274734007000632e-09]","[0.39697984598108504, -0.4365584282813666]",0.14884535073141725
3,4817,"[0.37897248210805806, 0.661307897077761]","[0.20033155121842627, 0.8577591891930944]","[0.5774624050986006, 0.44302868293707776]","[3.964118298890383e-10, 1.2226216772726378e-09]","[3.9628700321259203e-10, 1.222563328351356e-09]","[0.39697984598108504, -0.4365584282813666]",0.14884535073209743
3,4818,"[0.37897248210726525, 0.6613078970753158]","[0.20033155121842627, 0.8577591891930944]","[0.5774624050978078, 0.4430286829346325]","[3.948261870969749e-10, 1.2177311499897062e-09]","[3.947013826888224e-10, 1.2176727959278821e-09]","[0.39697984598108504, -0.4365584282813666]",0.14884535073277488
3,4819,"[0.3789724821064756, 0.6613078970728803]","[0.20033155121842627, 0.8577591891930944]","[0.5774624050970181, 0.443028682932197]","[3.932468800449909e-10, 1.2128601617447493e-09]","[3.9312220145859555e-10, 1.2128018034296417e-09]","[0.39697984598108493, -0.4365584282813666]",0.14884535073344968
3,4820,"[0.3789724821056891, 0.6613078970704546]","[0.20033155121842627, 0.8577591891930944]","[0.5774624050962316, 0.44302868292977127]","[3.9167392286078294e-10, 1.2080087127110616e-09]","[3.9154923747730663e-10, 1.2079503508566347e-09]","[0.39697984598108493, -0.4365584282813666]",0.14884535073412175
3,4821,"[0.37897248210490575, 0.6613078970680385]","[0.20033155121842627, 0.8577591891930944]","[0.5774624050954482, 0.4430286829273552]","[3.901072158205211e-10, 1.20317657171541e-09]","[3.899824907449556e-10, 1.2031182161642562e-09]","[0.39697984598108493, -0.4365584282813666]",0.1488453507347912
3,4822,"[0.37897248210412554, 0.6613078970656321]","[0.20033155121842627, 0.8577591891930944]","[0.577462405094668, 0.4430286829249488]","[3.885468052679322e-10, 1.1983637481088148e-09]","[3.884221833061474e-10, 1.1983053993525061e-09]","[0.3969798459810848, -0.4365584282813666]",0.14884535073545785
3,4823,"[0.37897248210334844, 0.6613078970632353]","[0.20033155121842627, 0.8577591891930944]","[0.5774624050938908, 0.44302868292255204]","[3.8699264345892516e-10, 1.1935702432583028e-09]","[3.868680931162771e-10, 1.1935119004213846e-09]","[0.3969798459810847, -0.4365584282813666]",0.1488453507361219
3,4824,"[0.37897248210257445, 0.6613078970608482]","[0.20033155121842627, 0.8577591891930944]","[0.5774624050931167, 0.44302868292016495]","[3.854447101362616e-10, 1.188796094239582e-09]","[3.8532022017534473e-10, 1.1887377193708915e-09]","[0.3969798459810846, -0.4365584282813666]",0.14884535073678323
3,4825,"[0.37897248210180356, 0.6613078970584707]","[0.20033155121842627, 0.8577591891930944]","[0.5774624050923458, 0.4430286829177874]","[3.839029454145342e-10, 1.1840409647802008e-09]","[3.83778508972199e-10, 1.183982634156422e-09]","[0.3969798459810845, -0.4365584282813666]",0.14884535073744193
3,4826,"[0.37897248210103573, 0.6613078970561026]","[0.20033155121842627, 0.8577591891930944]","[0.577462405091578, 0.4430286829154193]","[3.82367310725558e-10, 1.1793047355029096e-09]","[3.822428484845375e-10, 1.179246422733371e-09]","[0.3969798459810845, -0.4365584282813666]",0.14884535073809804
3,4827,"[0.378972482100271, 0.661307897053744]","[0.20033155121842627, 0.8577591891930944]","[0.5774624050908133, 0.44302868291306075]","[3.808379469779488e-10, 1.1745876082067687e-09]","[3.8071340524581387e-10, 1.1745293071463436e-09]","[0.3969798459810845, -0.4365584282813666]",0.1488453507387515
3,4828,"[0.37897248209950934, 0.6613078970513949]","[0.20033155121842627, 0.8577591891930944]","[0.5774624050900516, 0.4430286829107116]","[3.7931467353801286e-10, 1.1698893571818017e-09]","[3.7919001272257447e-10, 1.1698310653507349e-09]","[0.3969798459810846, -0.4365584282813666]",0.14884535073940233
3,4829,"[0.37897248209875073, 0.6613078970490551]","[0.20033155121842627, 0.8577591891930944]","[0.577462405089293, 0.44302868290837183]","[3.7779745210894e-10, 1.1652097225224802e-09]","[3.7767278193712173e-10, 1.1651514753019399e-09]","[0.3969798459810846, -0.4365584282813666]",0.1488453507400506
3,4830,"[0.3789724820979951, 0.6613078970467247]","[0.20033155121842627, 0.8577591891930944]","[0.5774624050885374, 0.44302868290604136]","[3.762862309325223e-10, 1.160548817990649e-09]","[3.7616154635600196e-10, 1.1604905369999585e-09]","[0.3969798459810846, -0.4365584282813666]",0.14884535074069627
3,4831,"[0.37897248209724255, 0.6613078970444035]","[0.20033155121842627, 0.8577591891930944]","[0.5774624050877848, 0.4430286829037202]","[3.7478109617952573e-10, 1.1559065035545751e-09]","[3.7465647251266887e-10, 1.1558482504447909e-09]","[0.3969798459810845, -0.4365584282813666]",0.14884535074133942
3,4832,"[0.378972482096493, 0.6613078970420917]","[0.20033155121842627, 0.8577591891930944]","[0.5774624050870352, 0.4430286829014084]","[3.732819978055489e-10, 1.1512829132738377e-09]","[3.7315744938482e-10, 1.151224615636437e-09]","[0.3969798459810844, -0.4365584282813666]",0.14884535074197988
3,4833,"[0.3789724820957464, 0.6613078970397891]","[0.20033155121842627, 0.8577591891930944]","[0.5774624050862887, 0.44302868289910585]","[3.7178886300419364e-10, 1.1466777904911382e-09]","[3.7166419941669915e-10, 1.1466193550191406e-09]","[0.3969798459810845, -0.4365584282813665]",0.14884535074261784
3,4834,"[0.37897248209500284, 0.6613078970374957]","[0.20033155121842627, 0.8577591891930944]","[0.577462405085545, 0.44302868289681246]","[3.7030176161359796e-10, 1.1420909740360482e-09]","[3.701771666975162e-10, 1.1420325796152042e-09]","[0.3969798459810844, -0.4365584282813665]",0.14884535074325322
3,4835,"[0.3789724820942622, 0.6613078970352115]","[0.20033155121842627, 0.8577591891930944]","[0.5774624050848045, 0.44302868289452824]","[3.6882059317265855e-10, 1.1375225588876146e-09]","[3.6869574060460764e-10, 1.1374642894246279e-09]","[0.3969798459810846, -0.4365584282813666]",0.14884535074388613
3,4836,"[0.3789724820935246, 0.6613078970329365]","[0.20033155121842627, 0.8577591891930944]","[0.5774624050840669, 0.4430286828922532]","[3.6734531536749297e-10, 1.1329725236317875e-09]","[3.6722047624948573e-10, 1.1329140958693529e-09]","[0.3969798459810846, -0.4365584282813665]",0.14884535074451646
3,4837,"[0.3789724820927899, 0.6613078970306705]","[0.20033155121842627, 0.8577591891930944]","[0.5774624050833321, 0.44302868288998726]","[3.658758366161166e-10, 1.12844055919118e-09]","[3.6575115158754556e-10, 1.128382165482833e-09]","[0.3969798459810845, -0.4365584282813665]",0.14884535074514427
3,4838,"[0.37897248209205814, 0.6613078970284136]","[0.20033155121842627, 0.8577591891930944]","[0.5774624050826004, 0.4430286828877304]","[3.6441234876922924e-10, 1.123926817429576e-09]","[3.642876555964847e-10, 1.123868442753917e-09]","[0.3969798459810845, -0.4365584282813665]",0.14884535074576952
3,4839,"[0.37897248209132933, 0.6613078970261658]","[0.20033155121842627, 0.8577591891930944]","[0.5774624050818717, 0.4430286828854825]","[3.629548374365984e-10, 1.1194310845144223e-09]","[3.6282976623169816e-10, 1.1193727056379998e-09]","[0.3969798459810848, -0.4365584282813665]",0.14884535074639238
3,4840,"[0.3789724820906034, 0.6613078970239269]","[0.20033155121842627, 0.8577591891930944]","[0.5774624050811459, 0.44302868288324365]","[3.615029192632953e-10, 1.1149533244359325e-09]","[3.613778165600934e-10, 1.1148949541350817e-09]","[0.39697984598108493, -0.4365584282813665]",0.14884535074701274
3,4841,"[0.3789724820898804, 0.661307897021697]","[0.20033155121842627, 0.8577591891930944]","[0.5774624050804229, 0.44302868288101377]","[3.600568358515095e-10, 1.110493549387002e-09]","[3.5993164004821665e-10, 1.1104351882451624e-09]","[0.39697984598108504, -0.4365584282813665]",0.14884535074763056
3,4842,"[0.3789724820891603, 0.661307897019476]","[0.20033155121842627, 0.8577591891930944]","[0.5774624050797028, 0.44302868287879277]","[3.586165674839803e-10, 1.1060515390975172e-09]","[3.584914587406729e-10, 1.1059931859236372e-09]","[0.39697984598108504, -0.4365584282813665]",0.1488453507482459
3,4843,"[0.37897248208844303, 0.6613078970172639]","[0.20033155121842627, 0.8577591891930944]","[0.5774624050789856, 0.4430286828765807]","[3.571820932690923e-10, 1.1016272936485113e-09]","[3.570568840594035e-10, 1.1015688361482034e-09]","[0.39697984598108516, -0.4365584282813664]",0.1488453507488588
3,4844,"[0.37897248208772866, 0.6613078970150607]","[0.20033155121842627, 0.8577591891930944]","[0.5774624050782713, 0.44302868287437747]","[3.557532994512002e-10, 1.097220757363409e-09]","[3.556280270267109e-10, 1.0971623609634662e-09]","[0.39697984598108527, -0.4365584282813664]",0.14884535074946925
3,4845,"[0.37897248208701717, 0.6613078970128662]","[0.20033155121842627, 0.8577591891930944]","[0.5774624050775599, 0.443028682872183]","[3.543302309158908e-10, 1.092831837546947e-09]","[3.542049431537464e-10, 1.092773427302518e-09]","[0.3969798459810854, -0.4365584282813664]",0.14884535075007724
3,4846,"[0.3789724820863085, 0.6613078970106805]","[0.20033155121842627, 0.8577591891930944]","[0.5774624050768512, 0.4430286828699973]","[3.52912886669089e-10, 1.0884604369009073e-09]","[3.527876324405099e-10, 1.088402035165359e-09]","[0.3969798459810854, -0.4365584282813664]",0.14884535075068284
3,4847,"[0.3789724820856027, 0.6613078970085036]","[0.20033155121842627, 0.8577591891930944]","[0.5774624050761454, 0.4430286828678204]","[3.5150119317762446e-10, 1.0841065573520942e-09]","[3.513758728423966e-10, 1.084048184551989e-09]","[0.3969798459810855, -0.4365584282813664]",0.148845350751286
3,4848,"[0.3789724820848997, 0.6613078970063353]","[0.20033155121842627, 0.8577591891930944]","[0.5774624050754424, 0.4430286828656521]","[3.50095147977308e-10, 1.0797700323877358e-09]","[3.499698864040113e-10, 1.079711653417803e-09]","[0.3969798459810855, -0.4365584282813664]",0.1488453507518867
3,4849,"[0.3789724820841995, 0.6613078970041758]","[0.20033155121842627, 0.8577591891930944]","[0.5774624050747422, 0.4430286828634926]","[3.486946662983056e-10, 1.0754510375462135e-09]","[3.485694510807491e-10, 1.0753926638074063e-09]","[0.3969798459810855, -0.4365584282813664]",0.148845350752485
3,4850,"[0.3789724820835021, 0.6613078970020249]","[0.20033155121842627, 0.8577591891930944]","[0.5774624050740449, 0.44302868286134167]","[3.472998549181081e-10, 1.0711491577860672e-09]","[3.4717456687261006e-10, 1.0710907716315887e-09]","[0.3969798459810856, -0.4365584282813664]",0.14884535075308103
3,4851,"[0.3789724820828075, 0.6613078969998826]","[0.20033155121842627, 0.8577591891930944]","[0.5774624050733503, 0.4430286828591994]","[3.459106751061993e-10, 1.0668645643081688e-09]","[3.4578528929074537e-10, 1.0668061989349553e-09]","[0.3969798459810857, -0.4365584282813664]",0.14884535075367458
3,4852,"[0.37897248208211565, 0.6613078969977488]","[0.20033155121842627, 0.8577591891930944]","[0.5774624050726584, 0.44302868285706565]","[3.4452689751654365e-10, 1.062597128219508e-09]","[3.4440167384630627e-10, 1.0625387236729011e-09]","[0.3969798459810856, -0.4365584282813664]",0.1488453507542657
3,4853,"[0.3789724820814266, 0.6613078969956236]","[0.20033155121842627, 0.8577591891930944]","[0.5774624050719694, 0.44302868285494046]","[3.4314881474444575e-10, 1.058346715352892e-09]","[3.4302349849468783e-10, 1.0582883458454262e-09]","[0.3969798459810857, -0.4365584282813664]",0.14884535075485456
3,4854,"[0.3789724820807403, 0.661307896993507]","[0.20033155121842627, 0.8577591891930944]","[0.5774624050712831, 0.4430286828528238]","[3.4177615449395046e-10, 1.0541134438233516e-09]","[3.41650985280495e-10, 1.0540550654525305e-09]","[0.3969798459810856, -0.4365584282813664]",0.14884535075544097
3,4855,"[0.37897248208005674, 0.6613078969913988]","[0.20033155121842627, 0.8577591891930944]","[0.5774624050705995, 0.4430286828507156]","[3.404090540879815e-10, 1.0498970186268515e-09]","[3.4028385664797156e-10, 1.049838660449609e-09]","[0.3969798459810856, -0.4365584282813664]",0.14884535075602506
3,4856,"[0.3789724820793759, 0.661307896989299]","[0.20033155121842627, 0.8577591891930944]","[0.5774624050699186, 0.44302868284861585]","[3.3904732476190936e-10, 1.0456974830090686e-09]","[3.3892227913057127e-10, 1.045639130836662e-09]","[0.3969798459810855, -0.4365584282813664]",0.14884535075660676
3,4857,"[0.3789724820786978, 0.6613078969872076]","[0.20033155121842627, 0.8577591891930944]","[0.5774624050692405, 0.4430286828465244]","[3.376911919738511e-10, 1.0415146035413185e-09]","[3.375662527282941e-10, 1.0414562545690842e-09]","[0.3969798459810854, -0.4365584282813664]",0.1488453507571862
3,4858,"[0.3789724820780224, 0.6613078969851246]","[0.20033155121842627, 0.8577591891930944]","[0.577462405068565, 0.4430286828444414]","[3.3634040625689587e-10, 1.0373485725419723e-09]","[3.3621555539653514e-10, 1.0372902536914808e-09]","[0.39697984598108527, -0.4365584282813664]",0.1488453507577633
3,4859,"[0.37897248207734974, 0.6613078969830499]","[0.20033155121842627, 0.8577591891930944]","[0.5774624050678924, 0.44302868284236674]","[3.3499507232461145e-10, 1.033199229255945e-09]","[3.3487018713529437e-10, 1.0331409061592467e-09]","[0.39697984598108527, -0.4365584282813664]",0.14884535075833816
3,4860,"[0.3789724820766798, 0.6613078969809836]","[0.20033155121842627, 0.8577591891930944]","[0.5774624050672224, 0.4430286828403004]","[3.336551691731995e-10, 1.0290665280790983e-09]","[3.3353036998917673e-10, 1.029008211972382e-09]","[0.39697984598108516, -0.4365584282813664]",0.1488453507589106
3,4861,"[0.3789724820760125, 0.6613078969789254]","[0.20033155121842627, 0.8577591891930944]","[0.5774624050665551, 0.44302868283824226]","[3.32320571820678e-10, 1.024950257613265e-09]","[3.3219565986897237e-10, 1.0248919490862818e-09]","[0.39697984598108527, -0.4365584282813664]",0.14884535075948085
3,4862,"[0.37897248207534784, 0.6613078969768755]","[0.20033155121842627, 0.8577591891930944]","[0.5774624050658905, 0.44302868283619234]","[3.3099130623199596e-10, 1.0208504194190273e-09]","[3.308662788192862e-10, 1.020792117500946e-09]","[0.3969798459810854, -0.4365584282813664]",0.14884535076004882
3,4863,"[0.37897248207468587, 0.6613078969748338]","[0.20033155121842627, 0.8577591891930944]","[0.5774624050652286, 0.44302868283415064]","[3.29667394143041e-10, 1.016767022830153e-09]","[3.2954222684011825e-10, 1.0167087172163747e-09]","[0.3969798459810855, -0.4365584282813664]",0.14884535076061453
3,4864,"[0.3789724820740265, 0.6613078969728003]","[0.20033155121842627, 0.8577591891930944]","[0.5774624050645693, 0.44302868283211716]","[3.283486563104755e-10, 1.0127000677118047e-09]","[3.282235039314685e-10, 1.0126417482325678e-09]","[0.3969798459810855, -0.4365584282813664]",0.1488453507611779
3,4865,"[0.3789724820733698, 0.661307896970775]","[0.20033155121842627, 0.8577591891930944]","[0.5774624050639126, 0.4430286828300918]","[3.270352497069019e-10, 1.0086493213363249e-09]","[3.269101100933369e-10, 1.0085909885049205e-09]","[0.3969798459810855, -0.4365584282813664]",0.14884535076173905
3,4866,"[0.3789724820727157, 0.6613078969687577]","[0.20033155121842627, 0.8577591891930944]","[0.5774624050632584, 0.4430286828280745]","[3.257270632243101e-10, 1.0046147822912464e-09]","[3.2560204532572357e-10, 1.0045564380334326e-09]","[0.3969798459810854, -0.4365584282813664]",0.14884535076229793
3,4867,"[0.37897248207206424, 0.6613078969667484]","[0.20033155121842627, 0.8577591891930944]","[0.5774624050626069, 0.4430286828260652]","[3.244241150666292e-10, 1.0005962008476793e-09]","[3.242990875840235e-10, 1.0005378747734994e-09]","[0.3969798459810854, -0.4365584282813664]",0.14884535076285463
3,4868,"[0.3789724820714154, 0.6613078969647472]","[0.20033155121842627, 0.8577591891930944]","[0.5774624050619581, 0.44302868282406405]","[3.231264172817864e-10, 9.965938949202327e-10]","[3.2300123686823667e-10, 9.965355207697257e-10]","[0.3969798459810855, -0.4365584282813664]",0.14884535076340907
3,4869,"[0.3789724820707691, 0.661307896962754]","[0.20033155121842627, 0.8577591891930944]","[0.5774624050613119, 0.44302868282207086]","[3.218338868708e-10, 9.926075478903172e-10]","[3.2170871522296807e-10, 9.925491539775066e-10]","[0.3969798459810855, -0.4365584282813664]",0.14884535076396133
3,4870,"[0.37897248207012546, 0.6613078969607689]","[0.20033155121842627, 0.8577591891930944]","[0.5774624050606683, 0.4430286828200857]","[3.2054657485529043e-10, 9.886371813946886e-10]","[3.2042130060361274e-10, 9.885787743968422e-10]","[0.3969798459810856, -0.4365584282813664]",0.14884535076451139
3,4871,"[0.37897248206948436, 0.6613078969587916]","[0.20033155121842627, 0.8577591891930944]","[0.5774624050600272, 0.44302868281810837]","[3.19264408090589e-10, 9.846825958249624e-10]","[3.191390485213219e-10, 9.846241599831274e-10]","[0.3969798459810857, -0.4365584282813664]",0.14884535076505923
3,4872,"[0.3789724820688458, 0.6613078969568222]","[0.20033155121842627, 0.8577591891930944]","[0.5774624050593886, 0.44302868281613905]","[3.1798722616291714e-10, 9.807439524740849e-10]","[3.178620144872468e-10, 9.806855327809672e-10]","[0.3969798459810856, -0.4365584282813664]",0.14884535076560484
3,4873,"[0.3789724820682098, 0.6613078969548607]","[0.20033155121842627, 0.8577591891930944]","[0.5774624050587527, 0.4430286828141775]","[3.1671529052518284e-10, 9.768208636592068e-10]","[3.1658997645678255e-10, 9.767624487011517e-10]","[0.3969798459810857, -0.4365584282813664]",0.14884535076614835
3,4874,"[0.3789724820675764, 0.661307896952907]","[0.20033155121842627, 0.8577591891930944]","[0.5774624050581192, 0.44302868281222385]","[3.154482943330155e-10, 9.729135330022972e-10]","[3.15323156474534e-10, 9.72855129788286e-10]","[0.3969798459810856, -0.4365584282813664]",0.1488453507666896
3,4875,"[0.3789724820669455, 0.6613078969509613]","[0.20033155121842627, 0.8577591891930944]","[0.5774624050574884, 0.4430286828102781]","[3.1418660990620105e-10, 9.690219681699848e-10]","[3.140613324958963e-10, 9.689635760423698e-10]","[0.3969798459810857, -0.4365584282813664]",0.1488453507672287
3,4876,"[0.3789724820663171, 0.6613078969490233]","[0.20033155121842627, 0.8577591891930944]","[0.57746240505686, 0.44302868280834007]","[3.1292978250709637e-10, 9.651459480911346e-10]","[3.128045600320206e-10, 9.650875654187985e-10]","[0.3969798459810857, -0.4365584282813664]",0.14884535076776567
3,4877,"[0.3789724820656913, 0.6613078969470929]","[0.20033155121842627, 0.8577591891930944]","[0.5774624050562341, 0.4430286828064097]","[3.1167813218633984e-10, 9.612852506298013e-10]","[3.115528945940582e-10, 9.61226875872967e-10]","[0.3969798459810857, -0.4365584282813664]",0.14884535076830047
3,4878,"[0.37897248206506795, 0.6613078969451703]","[0.20033155121842627, 0.8577591891930944]","[0.5774624050556108, 0.44302868280448715]","[3.104313621409732e-10, 9.574400791003289e-10]","[3.1030628067085786e-10, 9.573817294494802e-10]","[0.3969798459810856, -0.4365584282813664]",0.1488453507688331
3,4879,"[0.3789724820644471, 0.6613078969432554]","[0.20033155121842627, 0.8577591891930944]","[0.5774624050549899, 0.44302868280257224]","[3.091896908540022e-10, 9.536102636714528e-10]","[3.090646072401171e-10, 9.535519041037332e-10]","[0.3969798459810856, -0.4365584282813664]",0.14884535076936367
3,4880,"[0.3789724820638287, 0.6613078969413482]","[0.20033155121842627, 0.8577591891930944]","[0.5774624050543715, 0.443028682800665]","[3.079529046443039e-10, 9.497957481356363e-10]","[3.0782781879068466e-10, 9.497373998357261e-10]","[0.3969798459810856, -0.4365584282813664]",0.1488453507698921
3,4881,"[0.3789724820632128, 0.6613078969394486]","[0.20033155121842627, 0.8577591891930944]","[0.5774624050537556, 0.4430286827987654]","[3.0672111414047053e-10, 9.459965862236977e-10]","[3.065961373671655e-10, 9.459382166454589e-10]","[0.3969798459810855, -0.4365584282813664]",0.14884535077041838
3,4882,"[0.37897248206259937, 0.6613078969375565]","[0.20033155121842627, 0.8577591891930944]","[0.5774624050531421, 0.44302868279687335]","[3.0549426381802257e-10, 9.422125464975376e-10]","[3.053693409249547e-10, 9.421541324883265e-10]","[0.3969798459810854, -0.4365584282813664]",0.14884535077094255
3,4883,"[0.37897248206198836, 0.6613078969356722]","[0.20033155121842627, 0.8577591891930944]","[0.577462405052531, 0.44302868279498897]","[3.042722797034453e-10, 9.384437570468311e-10]","[3.0414742946405227e-10, 9.38385369408934e-10]","[0.39697984598108527, -0.4365584282813664]",0.14884535077146463
3,4884,"[0.3789724820613798, 0.6613078969337953]","[0.20033155121842627, 0.8577591891930944]","[0.5774624050519224, 0.44302868279311214]","[3.030552034733069e-10, 9.34690128305254e-10]","[3.0293040298445817e-10, 9.346317053626763e-10]","[0.39697984598108516, -0.4365584282813664]",0.14884535077198457
3,4885,"[0.37897248206077366, 0.6613078969319259]","[0.20033155121842627, 0.8577591891930944]","[0.5774624050513162, 0.44302868279124274]","[3.0184296372016097e-10, 9.309513216197849e-10]","[3.017182059750212e-10, 9.308929183049486e-10]","[0.39697984598108504, -0.4365584282813664]",0.14884535077250252
3,4886,"[0.37897248206017, 0.661307896930064]","[0.20033155121842627, 0.8577591891930944]","[0.5774624050507127, 0.4430286827893808]","[3.0063572379647076e-10, 9.272273839354653e-10]","[3.005105608799852e-10, 9.271690082357509e-10]","[0.3969798459810854, -0.4365584282813664]",0.14884535077301841
3,4887,"[0.3789724820595687, 0.6613078969282096]","[0.20033155121842627, 0.8577591891930944]","[0.5774624050501114, 0.4430286827875264]","[2.9943309415100617e-10, 9.23518544926403e-10]","[2.993079672997112e-10, 9.234601971996881e-10]","[0.3969798459810854, -0.4365584282813664]",0.14884535077353217
3,4888,"[0.37897248205896983, 0.6613078969263625]","[0.20033155121842627, 0.8577591891930944]","[0.5774624050495125, 0.4430286827856793]","[2.9823538881559015e-10, 9.198243986201806e-10]","[2.981102587007456e-10, 9.197660411075503e-10]","[0.3969798459810854, -0.4365584282813664]",0.14884535077404396
3,4889,"[0.37897248205837336, 0.6613078969245229]","[0.20033155121842627, 0.8577591891930944]","[0.5774624050489161, 0.44302868278383967]","[2.9704249945566843e-10, 9.161450992641457e-10]","[2.969172130384834e-10, 9.160867620039426e-10]","[0.3969798459810855, -0.4365584282813664]",0.1488453507745537
3,4890,"[0.3789724820577793, 0.6613078969226905]","[0.20033155121842627, 0.8577591891930944]","[0.577462405048322, 0.44302868278200735]","[2.9585433425823627e-10, 9.124805059200793e-10]","[2.9572905235752955e-10, 9.124221378442599e-10]","[0.3969798459810855, -0.4365584282813664]",0.14884535077506134
3,4891,"[0.3789724820571876, 0.6613078969208656]","[0.20033155121842627, 0.8577591891930944]","[0.5774624050477304, 0.44302868278018237]","[2.946709428988215e-10, 9.08830511737671e-10]","[2.9454555461327914e-10, 9.087721686285022e-10]","[0.3969798459810856, -0.4365584282813664]",0.14884535077556704
3,4892,"[0.3789724820565982, 0.6613078969190479]","[0.20033155121842627, 0.8577591891930944]","[0.5774624050471411, 0.4430286827783647]","[2.9349221510339885e-10, 9.051951836390053e-10]","[2.933667753168834e-10, 9.051368543566696e-10]","[0.3969798459810857, -0.4365584282813664]",0.14884535077607064
3,4893,"[0.37897248205601125, 0.6613078969172375]","[0.20033155121842627, 0.8577591891930944]","[0.5774624050465541, 0.4430286827765543]","[2.9231826191107464e-10, 9.015742548998159e-10]","[2.9219282549064474e-10, 9.015159729841571e-10]","[0.3969798459810857, -0.4365584282813664]",0.14884535077657224
3,4894,"[0.3789724820554266, 0.6613078969154343]","[0.20033155121842627, 0.8577591891930944]","[0.5774624050459695, 0.44302868277475116]","[2.911489182432483e-10, 8.979680323681906e-10]","[2.910235386011095e-10, 8.979097465555697e-10]","[0.3969798459810857, -0.4365584282813664]",0.1488453507770718
3,4895,"[0.3789724820548443, 0.6613078969136384]","[0.20033155121842627, 0.8577591891930944]","[0.5774624050453872, 0.44302868277295526]","[2.8998430582659984e-10, 8.943762523985434e-10]","[2.8985891464827773e-10, 8.943179530263023e-10]","[0.3969798459810857, -0.4365584282813664]",0.14884535077756939
3,4896,"[0.3789724820542643, 0.6613078969118497]","[0.20033155121842627, 0.8577591891930944]","[0.5774624050448072, 0.44302868277116647]","[2.888243704004343e-10, 8.907986580707438e-10]","[2.8869895363214937e-10, 8.907403703517502e-10]","[0.3969798459810857, -0.4365584282813664]",0.148845350778065
3,4897,"[0.37897248205368667, 0.6613078969100681]","[0.20033155121842627, 0.8577591891930944]","[0.5774624050442295, 0.4430286827693849]","[2.876690284617619e-10, 8.872354947589839e-10]","[2.8754365555272443e-10, 8.871772205765183e-10]","[0.3969798459810857, -0.4365584282813664]",0.1488453507785586
3,4898,"[0.37897248205311135, 0.6613078969082936]","[0.20033155121842627, 0.8577591891930944]","[0.5774624050436542, 0.4430286827676104]","[2.865183767451598e-10, 8.836865346685871e-10]","[2.863930204100029e-10, 8.836282816560015e-10]","[0.3969798459810857, -0.4365584282813664]",0.14884535077905023
3,4899,"[0.3789724820525383, 0.6613078969065262]","[0.20033155121842627, 0.8577591891930944]","[0.5774624050430812, 0.44302868276584306]","[2.8537232004195503e-10, 8.801518027327432e-10]","[2.852468261593799e-10, 8.800935535901999e-10]","[0.3969798459810858, -0.4365584282813664]",0.14884535077953986
3,4900,"[0.37897248205196754, 0.661307896904766]","[0.20033155121842627, 0.8577591891930944]","[0.5774624050425105, 0.4430286827640828]","[2.8423076821183355e-10, 8.766312660881585e-10]","[2.841052948454603e-10, 8.765730363791135e-10]","[0.3969798459810858, -0.4365584282813664]",0.14884535078002759
3,4901,"[0.3789724820513991, 0.6613078969030127]","[0.20033155121842627, 0.8577591891930944]","[0.577462405041942, 0.44302868276232954]","[2.830938632985602e-10, 8.731247527146713e-10]","[2.8296842646824416e-10, 8.730665079781375e-10]","[0.3969798459810858, -0.4365584282813664]",0.14884535078051336
3,4902,"[0.3789724820508329, 0.6613078969012665]","[0.20033155121842627, 0.8577591891930944]","[0.5774624050413758, 0.44302868276058327]","[2.819614699738205e-10, 8.6963219692691e-10]","[2.818359989831265e-10, 8.695739683872716e-10]","[0.3969798459810858, -0.4365584282813664]",0.1488453507809972
3,4903,"[0.37897248205026896, 0.6613078968995272]","[0.20033155121842627, 0.8577591891930944]","[0.5774624050408119, 0.443028682758844]","[2.808336027984057e-10, 8.661536432818719e-10]","[2.8070801239010734e-10, 8.660954176065161e-10]","[0.39697984598108593, -0.4365584282813664]",0.1488453507814791
3,4904,"[0.3789724820497073, 0.6613078968977949]","[0.20033155121842627, 0.8577591891930944]","[0.5774624050402503, 0.4430286827571117]","[2.797102642891778e-10, 8.62689080696513e-10]","[2.795846887337916e-10, 8.626308556358708e-10]","[0.39697984598108593, -0.4365584282813664]",0.14884535078195904
3,4905,"[0.37897248204914785, 0.6613078968960695]","[0.20033155121842627, 0.8577591891930944]","[0.5774624050396909, 0.4430286827553863]","[2.7859137167394e-10, 8.592382852744764e-10]","[2.7846558392496945e-10, 8.591800604307309e-10]","[0.39697984598108615, -0.4365584282813664]",0.1488453507824371
3,4906,"[0.3789724820485907, 0.661307896894351]","[0.20033155121842627, 0.8577591891930944]","[0.5774624050391337, 0.4430286827536678]","[2.774769960285734e-10, 8.558012567033221e-10]","[2.7735136409745564e-10, 8.557430319910964e-10]","[0.39697984598108604, -0.4365584282813664]",0.14884535078291322
3,4907,"[0.37897248204803574, 0.6613078968926394]","[0.20033155121842627, 0.8577591891930944]","[0.5774624050385788, 0.44302868275195617]","[2.7636709348303113e-10, 8.523779949277978e-10]","[2.762413631174354e-10, 8.523197703169672e-10]","[0.39697984598108615, -0.4365584282813664]",0.1488453507833875
3,4908,"[0.378972482047483, 0.6613078968909346]","[0.20033155121842627, 0.8577591891930944]","[0.5774624050380261, 0.4430286827502514]","[2.7526166889071997e-10, 8.489684937681396e-10]","[2.751358585406649e-10, 8.489102754083433e-10]","[0.39697984598108627, -0.4365584282813664]",0.14884535078385983
3,4909,"[0.3789724820469325, 0.6613078968892366]","[0.20033155121842627, 0.8577591891930944]","[0.5774624050374757, 0.44302868274855345]","[2.7416065609928786e-10, 8.455725373434645e-10]","[2.740347393448417e-10, 8.455143252206199e-10]","[0.3969798459810864, -0.4365584282813664]",0.14884535078433025
3,4910,"[0.3789724820463842, 0.6613078968875455]","[0.20033155121842627, 0.8577591891930944]","[0.5774624050369274, 0.44302868274686236]","[2.730639343131235e-10, 8.421903670562112e-10]","[2.7293806104111695e-10, 8.421321417984018e-10]","[0.3969798459810864, -0.4365584282813664]",0.14884535078479877
3,4911,"[0.37897248204583805, 0.6613078968858611]","[0.20033155121842627, 0.8577591891930944]","[0.5774624050363812, 0.4430286827451779]","[2.7197166022833984e-10, 8.388215141435909e-10]","[2.718458236294907e-10, 8.387632810524792e-10]","[0.3969798459810864, -0.4365584282813664]",0.14884535078526548
3,4912,"[0.3789724820452941, 0.6613078968841835]","[0.20033155121842627, 0.8577591891930944]","[0.5774624050358372, 0.44302868274350027]","[2.7088372205258e-10, 8.354661517003719e-10]","[2.70758027109963e-10, 8.354079650274571e-10]","[0.39697984598108627, -0.4365584282813664]",0.1488453507857303
3,4913,"[0.3789724820447523, 0.6613078968825126]","[0.20033155121842627, 0.8577591891930944]","[0.5774624050352954, 0.4430286827418294]","[2.6980013734382735e-10, 8.321243637296233e-10]","[2.6967444943792884e-10, 8.320661937233353e-10]","[0.39697984598108627, -0.4365584282813664]",0.1488453507861932
3,4914,"[0.3789724820442127, 0.6613078968808483]","[0.20033155121842627, 0.8577591891930944]","[0.5774624050347559, 0.44302868274016516]","[2.687208805916775e-10, 8.287959048821419e-10]","[2.6859509061338827e-10, 8.287377450955091e-10]","[0.3969798459810864, -0.4365584282813664]",0.14884535078665434
3,4915,"[0.37897248204367523, 0.6613078968791908]","[0.20033155121842627, 0.8577591891930944]","[0.5774624050342184, 0.4430286827385076]","[2.676459361829286e-10, 8.254807525220482e-10]","[2.675201726809462e-10, 8.254226191439784e-10]","[0.3969798459810864, -0.4365584282813664]",0.14884535078711356
3,4916,"[0.37897248204313994, 0.6613078968775398]","[0.20033155121842627, 0.8577591891930944]","[0.5774624050336832, 0.4430286827368566]","[2.6657532905492475e-10, 8.221787361365229e-10]","[2.664494735959977e-10, 8.221205938241383e-10]","[0.3969798459810865, -0.4365584282813664]",0.14884535078757102
3,4917,"[0.3789724820426068, 0.6613078968758954]","[0.20033155121842627, 0.8577591891930944]","[0.57746240503315, 0.44302868273521223]","[2.655090369702647e-10, 8.188900306753849e-10]","[2.653832154031477e-10, 8.188318911805936e-10]","[0.3969798459810865, -0.4365584282813664]",0.14884535078802658
3,4918,"[0.3789724820420758, 0.6613078968742576]","[0.20033155121842627, 0.8577591891930944]","[0.577462405032619, 0.44302868273357443]","[2.644469725489703e-10, 8.156144246050604e-10]","[2.6432117605779126e-10, 8.155562891687396e-10]","[0.3969798459810865, -0.4365584282813664]",0.14884535078848038
3,4919,"[0.3789724820415469, 0.6613078968726264]","[0.20033155121842627, 0.8577591891930944]","[0.5774624050320901, 0.4430286827319432]","[2.633891316823653e-10, 8.123519195577589e-10]","[2.632633555599284e-10, 8.122937877885761e-10]","[0.3969798459810865, -0.4365584282813664]",0.14884535078893232
3,4920,"[0.3789724820410201, 0.6613078968710017]","[0.20033155121842627, 0.8577591891930944]","[0.5774624050315633, 0.4430286827303185]","[2.62335513146023e-10, 8.091025157058244e-10]","[2.6220975390955914e-10, 8.090443870401032e-10]","[0.3969798459810865, -0.4365584282813664]",0.14884535078938244
3,4921,"[0.3789724820404954, 0.6613078968693835]","[0.20033155121842627, 0.8577591891930944]","[0.5774624050310386, 0.44302868272870033]","[2.612861162861663e-10, 8.058662129949052e-10]","[2.6116037110668344e-10, 8.058080869233208e-10]","[0.3969798459810865, -0.4365584282813664]",0.1488453507898308
3,4922,"[0.3789724820399728, 0.6613078968677718]","[0.20033155121842627, 0.8577591891930944]","[0.577462405030516, 0.4430286827270886]","[2.6024094061907714e-10, 8.026427893021081e-10]","[2.601152071513013e-10, 8.025846653936242e-10]","[0.3969798459810865, -0.4365584282813664]",0.1488453507902773
3,4923,"[0.37897248203945233, 0.6613078968661665]","[0.20033155121842627, 0.8577591891930944]","[0.5774624050299956, 0.44302868272548335]","[2.5919998575184005e-10, 7.994322445566933e-10]","[2.5907426204341277e-10, 7.993741224510131e-10]","[0.3969798459810865, -0.4365584282813664]",0.1488453507907221
3,4924,"[0.3789724820389339, 0.6613078968645677]","[0.20033155121842627, 0.8577591891930944]","[0.5774624050294772, 0.4430286827238845]","[2.581631403364201e-10, 7.962345879506533e-10]","[2.580373137384129e-10, 7.961764580954878e-10]","[0.3969798459810866, -0.4365584282813664]",0.14884535079116507
3,4925,"[0.3789724820384176, 0.6613078968629752]","[0.20033155121842627, 0.8577591891930944]","[0.577462405028961, 0.443028682722292]","[2.571304966202417e-10, 7.930495881374835e-10]","[2.5700458428090656e-10, 7.929914502824431e-10]","[0.3969798459810867, -0.4365584282813664]",0.14884535079160632
3,4926,"[0.37897248203790335, 0.6613078968613891]","[0.20033155121842627, 0.8577591891930944]","[0.5774624050284467, 0.44302868272070595]","[2.5610194952298777e-10, 7.89877465835082e-10]","[2.559760736708938e-10, 7.898193210564841e-10]","[0.3969798459810867, -0.4365584282813664]",0.14884535079204575
3,4927,"[0.37897248203739115, 0.6613078968598094]","[0.20033155121842627, 0.8577591891930944]","[0.5774624050279344, 0.4430286827191262]","[2.5507751993007716e-10, 7.86718008215926e-10]","[2.5495178190837464e-10, 7.866598483730058e-10]","[0.3969798459810866, -0.4365584282813664]",0.1488453507924834
3,4928,"[0.378972482036881, 0.661307896858236]","[0.20033155121842627, 0.8577591891930944]","[0.5774624050274243, 0.4430286827175528]","[2.5405724023746423e-10, 7.835712061776455e-10]","[2.539314869487441e-10, 7.835130322320083e-10]","[0.3969798459810866, -0.4365584282813664]",0.14884535079291933
3,4929,"[0.3789724820363729, 0.6613078968566688]","[0.20033155121842627, 0.8577591891930944]","[0.5774624050269161, 0.4430286827159856]","[2.5304106592548237e-10, 7.804368180412566e-10]","[2.529154108366072e-10, 7.803786505888866e-10]","[0.3969798459810865, -0.4365584282813664]",0.14884535079335354
3,4930,"[0.3789724820358668, 0.6613078968551079]","[0.20033155121842627, 0.8577591891930944]","[0.5774624050264101, 0.44302868271442475]","[2.5202890479968714e-10, 7.773150999084021e-10]","[2.5190310948275396e-10, 7.772569254882455e-10]","[0.3969798459810866, -0.4365584282813664]",0.14884535079378602
3,4931,"[0.37897248203536277, 0.6613078968535533]","[0.20033155121842627, 0.8577591891930944]","[0.5774624050259061, 0.4430286827128701]","[2.5102082504656337e-10, 7.742058356789832e-10]","[2.508950269763943e-10, 7.741476348854803e-10]","[0.3969798459810866, -0.4365584282813664]",0.14884535079421674
3,4932,"[0.3789724820348607, 0.6613078968520049]","[0.20033155121842627, 0.8577591891930944]","[0.577462405025404, 0.4430286827113217]","[2.50016744207879e-10, 7.711089895599276e-10]","[2.4989094127292333e-10, 7.710507787805909e-10]","[0.3969798459810866, -0.4365584282813664]",0.14884535079464578
3,4933,"[0.3789724820343607, 0.6613078968504627]","[0.20033155121842627, 0.8577591891930944]","[0.577462405024904, 0.44302868270977946]","[2.4901665978968943e-10, 7.680245742757831e-10]","[2.48890852372341e-10, 7.679663571735773e-10]","[0.3969798459810866, -0.4365584282813664]",0.14884535079507305
3,4934,"[0.37897248203386263, 0.6613078968489265]","[0.20033155121842627, 0.8577591891930944]","[0.5774624050244059, 0.44302868270824336]","[2.4802057149872367e-10, 7.649523700579882e-10]","[2.478947602746473e-10, 7.648941480198346e-10]","[0.3969798459810866, -0.4365584282813664]",0.14884535079549865
3,4935,"[0.3789724820333666, 0.6613078968473967]","[0.20033155121842627, 0.8577591891930944]","[0.5774624050239099, 0.4430286827067135]","[2.4702847938809203e-10, 7.618925994598927e-10]","[2.4690266497984226e-10, 7.618343733639676e-10]","[0.3969798459810866, -0.4365584282813664]",0.14884535079592254
3,4936,"[0.37897248203287254, 0.6613078968458729]","[0.20033155121842627, 0.8577591891930944]","[0.5774624050234158, 0.4430286827051897]","[2.460403835516368e-10, 7.588450591332369e-10]","[2.4591456648792587e-10, 7.587868111613716e-10]","[0.3969798459810866, -0.4365584282813664]",0.14884535079634467
3,4937,"[0.37897248203238043, 0.6613078968443552]","[0.20033155121842627, 0.8577591891930944]","[0.5774624050229238, 0.443028682703672]","[2.450561730535215e-10, 7.558097060246499e-10]","[2.449302427542932e-10, 7.557514614120464e-10]","[0.3969798459810867, -0.4365584282813664]",0.1488453507967652
3,4938,"[0.3789724820318903, 0.6613078968428436]","[0.20033155121842627, 0.8577591891930944]","[0.5774624050224337, 0.44302868270216045]","[2.440759959969149e-10, 7.527865438272915e-10]","[2.439499713347004e-10, 7.527283241159921e-10]","[0.3969798459810868, -0.4365584282813664]",0.14884535079718397
3,4939,"[0.37897248203140216, 0.6613078968413381]","[0.20033155121842627, 0.8577591891930944]","[0.5774624050219456, 0.4430286827006549]","[2.4309963656654095e-10, 7.497753879249276e-10]","[2.4297364120684506e-10, 7.497171772286038e-10]","[0.3969798459810868, -0.4365584282813664]",0.1488453507976011
3,4940,"[0.37897248203091594, 0.6613078968398385]","[0.20033155121842627, 0.8577591891930944]","[0.5774624050214594, 0.4430286826991553]","[2.421271713984528e-10, 7.467762073860269e-10]","[2.420010858372734e-10, 7.467180207498814e-10]","[0.39697984598108693, -0.4365584282813664]",0.14884535079801664
3,4941,"[0.37897248203043166, 0.6613078968383449]","[0.20033155121842627, 0.8577591891930944]","[0.5774624050209751, 0.4430286826976617]","[2.4115857757702803e-10, 7.437890524313535e-10]","[2.4103252727059044e-10, 7.437308546798249e-10]","[0.39697984598108693, -0.4365584282813664]",0.14884535079843042
3,4942,"[0.3789724820299493, 0.6613078968368573]","[0.20033155121842627, 0.8577591891930944]","[0.5774624050204928, 0.4430286826961741]","[2.401939156033097e-10, 7.408138758072732e-10]","[2.400677434621912e-10, 7.407556790184344e-10]","[0.39697984598108704, -0.4365584282813664]",0.1488453507988426
3,4943,"[0.3789724820294689, 0.6613078968353757]","[0.20033155121842627, 0.8577591891930944]","[0.5774624050200124, 0.44302868269469253]","[2.3923309496342393e-10, 7.378506972999142e-10]","[2.3910695645668056e-10, 7.377924937657099e-10]","[0.39697984598108704, -0.4365584282813664]",0.14884535079925307
3,4944,"[0.3789724820289905, 0.6613078968339]","[0.20033155121842627, 0.8577591891930944]","[0.577462405019534, 0.4430286826932168]","[2.3827616477031077e-10, 7.348992872903232e-10]","[2.381499442094537e-10, 7.348410768770464e-10]","[0.39697984598108715, -0.4365584282813664]",0.148845350799662
3,4945,"[0.3789724820285139, 0.6613078968324302]","[0.20033155121842627, 0.8577591891930944]","[0.5774624050190575, 0.443028682691747]","[2.373229955032053e-10, 7.319596447079368e-10]","[2.371967067205105e-10, 7.319014283524439e-10]","[0.39697984598108726, -0.4365584282813664]",0.14884535080006922
3,4946,"[0.3789724820280393, 0.6613078968309662]","[0.20033155121842627, 0.8577591891930944]","[0.5774624050185829, 0.44302868269028306]","[2.363737037042342e-10, 7.290317695341848e-10]","[2.36247466034456e-10, 7.289735481919024e-10]","[0.39697984598108726, -0.4365584282813664]",0.14884535080047484
3,4947,"[0.37897248202756656, 0.6613078968295082]","[0.20033155121842627, 0.8577591891930944]","[0.5774624050181102, 0.443028682688825]","[2.354281987759615e-10, 7.261156618991859e-10]","[2.3530200010668523e-10, 7.26057436395422e-10]","[0.39697984598108726, -0.4365584282813664]",0.1488453508008788
3,4948,"[0.3789724820270957, 0.6613078968280559]","[0.20033155121842627, 0.8577591891930944]","[0.5774624050176393, 0.4430286826873727]","[2.3448647570498866e-10, 7.232110998910335e-10]","[2.3436030893719817e-10, 7.231528709183976e-10]","[0.39697984598108726, -0.4365584282813664]",0.1488453508012812
3,4949,"[0.37897248202662676, 0.6613078968266095]","[0.20033155121842627, 0.8577591891930944]","[0.5774624050171704, 0.4430286826859263]","[2.33548532809036e-10, 7.203183056689586e-10]","[2.3342239252599484e-10, 7.202600738054343e-10]","[0.39697984598108726, -0.4365584282813664]",0.14884535080168193
3,4950,"[0.3789724820261597, 0.6613078968251689]","[0.20033155121842627, 0.8577591891930944]","[0.5774624050167033, 0.4430286826844857]","[2.326143691021289e-10, 7.174370757882692e-10]","[2.3248825087307523e-10, 7.173788230119271e-10]","[0.39697984598108726, -0.4365584282813664]",0.14884535080208108
3,4951,"[0.37897248202569445, 0.661307896823734]","[0.20033155121842627, 0.8577591891930944]","[0.577462405016238, 0.44302868268305085]","[2.3168387280964051e-10, 7.145673486501836e-10]","[2.3155788397843935e-10, 7.14509118537876e-10]","[0.39697984598108715, -0.4365584282813664]",0.14884535080247863
3,4952,"[0.3789724820252311, 0.6613078968223048]","[0.20033155121842627, 0.8577591891930944]","[0.5774624050157746, 0.44302868268162165]","[2.3075717284220674e-10, 7.117089583021555e-10]","[2.306312918420872e-10, 7.116507383386761e-10]","[0.39697984598108704, -0.4365584282813664]",0.1488453508028746
3,4953,"[0.3789724820247696, 0.6613078968208814]","[0.20033155121842627, 0.8577591891930944]","[0.5774624050153131, 0.44302868268019824]","[2.2983415149872536e-10, 7.088621174213661e-10]","[2.2970825241941384e-10, 7.088039044589323e-10]","[0.39697984598108704, -0.4365584282813664]",0.14884535080326897
3,4954,"[0.3789724820243099, 0.6613078968194637]","[0.20033155121842627, 0.8577591891930944]","[0.5774624050148534, 0.4430286826787805]","[2.289147872800944e-10, 7.060266207287043e-10]","[2.287889877550242e-10, 7.059683948540396e-10]","[0.39697984598108693, -0.4365584282813664]",0.1488453508036617
3,4955,"[0.37897248202385203, 0.6613078968180516]","[0.20033155121842627, 0.8577591891930944]","[0.5774624050143955, 0.4430286826773684]","[2.2799910279016294e-10, 7.032024061079213e-10]","[2.2787327580431338e-10, 7.031442095239981e-10]","[0.39697984598108693, -0.4365584282813664]",0.14884535080405292
3,4956,"[0.378972482023396, 0.6613078968166451]","[0.20033155121842627, 0.8577591891930944]","[0.5774624050139394, 0.44302868267596196]","[2.2708707427552075e-10, 7.003895663958225e-10]","[2.2696133861188628e-10, 7.003313484688078e-10]","[0.3969798459810868, -0.4365584282813664]",0.14884535080444256
3,4957,"[0.3789724820229418, 0.6613078968152444]","[0.20033155121842627, 0.8577591891930944]","[0.5774624050134852, 0.4430286826745612]","[2.261787241865798e-10, 6.975880241872049e-10]","[2.2605295413313797e-10, 6.975298116884687e-10]","[0.3969798459810868, -0.4365584282813664]",0.1488453508048307
3,4958,"[0.37897248202248945, 0.6613078968138492]","[0.20033155121842627, 0.8577591891930944]","[0.5774624050130328, 0.443028682673166]","[2.2527397341843989e-10, 6.947975627407983e-10]","[2.2514828890152216e-10, 6.947393771383759e-10]","[0.3969798459810867, -0.4365584282813664]",0.14884535080521724
3,4959,"[0.3789724820220389, 0.6613078968124596]","[0.20033155121842627, 0.8577591891930944]","[0.5774624050125823, 0.4430286826717764]","[2.2437297412850454e-10, 6.920184602466517e-10]","[2.242472318947364e-10, 6.919602668631342e-10]","[0.3969798459810867, -0.4365584282813664]",0.1488453508056022
3,4960,"[0.3789724820215902, 0.6613078968110756]","[0.20033155121842627, 0.8577591891930944]","[0.5774624050121335, 0.44302868267039247]","[2.2347551784465083e-10, 6.892504668023034e-10]","[2.233497276016294e-10, 6.891921477958363e-10]","[0.3969798459810867, -0.43655842828136626]",0.14884535080598565
3,4961,"[0.3789724820211432, 0.6613078968096971]","[0.20033155121842627, 0.8577591891930944]","[0.5774624050116866, 0.443028682669014]","[2.2258156925081255e-10, 6.864935128284367e-10]","[2.2245577602220123e-10, 6.864352419810871e-10]","[0.3969798459810867, -0.43655842828136626]",0.14884535080636754
3,4962,"[0.37897248202069805, 0.6613078968083241]","[0.20033155121842627, 0.8577591891930944]","[0.5774624050112414, 0.44302868266764095]","[2.2169134557196632e-10, 6.837474493481551e-10]","[2.2156559920105678e-10, 6.836893273742817e-10]","[0.3969798459810866, -0.4365584282813664]",0.148845350806748
3,4963,"[0.3789724820202547, 0.6613078968069567]","[0.20033155121842627, 0.8577591891930944]","[0.5774624050107979, 0.4430286826662735]","[2.2080466185632224e-10, 6.810125287103673e-10]","[2.2067897509359113e-10, 6.809544039754201e-10]","[0.3969798459810865, -0.4365584282813664]",0.1488453508071268
3,4964,"[0.3789724820198131, 0.6613078968055947]","[0.20033155121842627, 0.8577591891930944]","[0.5774624050103563, 0.44302868266491147]","[2.1992149727098406e-10, 6.782884688437057e-10]","[2.1979590369980428e-10, 6.782303607621998e-10]","[0.3969798459810864, -0.4365584282813664]",0.14884535080750416
3,4965,"[0.3789724820193732, 0.6613078968042381]","[0.20033155121842627, 0.8577591891930944]","[0.5774624050099164, 0.4430286826635549]","[2.190418474189457e-10, 6.75575304198967e-10]","[2.189161629750913e-10, 6.755171977346208e-10]","[0.3969798459810864, -0.4365584282813664]",0.14884535080787997
3,4966,"[0.37897248201893513, 0.6613078968028869]","[0.20033155121842627, 0.8577591891930944]","[0.5774624050094783, 0.44302868266220374]","[2.1816571079665876e-10, 6.728730220528476e-10]","[2.1803997496405714e-10, 6.728149148926832e-10]","[0.3969798459810864, -0.4365584282813664]",0.14884535080825434
3,4967,"[0.3789724820184988, 0.6613078968015412]","[0.20033155121842627, 0.8577591891930944]","[0.577462405009042, 0.44302868266085804]","[2.1729307725941167e-10, 6.701816203169751e-10]","[2.1716733966670176e-10, 6.701235122363869e-10]","[0.3969798459810864, -0.4365584282813664]",0.14884535080862718
3,4968,"[0.3789724820180642, 0.6613078968002009]","[0.20033155121842627, 0.8577591891930944]","[0.5774624050086075, 0.44302868265951767]","[2.164239461231775e-10, 6.675008581217806e-10]","[2.1629803503842027e-10, 6.67442767721127e-10]","[0.3969798459810865, -0.4365584282813664]",0.14884535080899858
3,4969,"[0.3789724820176314, 0.6613078967988658]","[0.20033155121842627, 0.8577591891930944]","[0.5774624050081747, 0.44302868265818257]","[2.1555831811291713e-10, 6.648307508558328e-10]","[2.1543228312381757e-10, 6.647727923692059e-10]","[0.3969798459810866, -0.4365584282813665]",0.14884535080936853
3,4970,"[0.3789724820172003, 0.6613078967975361]","[0.20033155121842627, 0.8577591891930944]","[0.5774624050077436, 0.44302868265685286]","[2.1469607377443412e-10, 6.621713843692421e-10]","[2.1457008392289367e-10, 6.621133641360188e-10]","[0.3969798459810866, -0.4365584282813665]",0.14884535080973693
3,4971,"[0.3789724820167709, 0.6613078967962117]","[0.20033155121842627, 0.8577591891930944]","[0.5774624050073143, 0.44302868265552847]","[2.1383734335302353e-10, 6.595226419178818e-10]","[2.1371121539104365e-10, 6.594645940438681e-10]","[0.3969798459810867, -0.4365584282813665]",0.14884535081010392
3,4972,"[0.37897248201634326, 0.6613078967948927]","[0.20033155121842627, 0.8577591891930944]","[0.5774624050068866, 0.44302868265420936]","[2.1298201154884918e-10, 6.568844935204907e-10]","[2.1285589957287243e-10, 6.568265376039051e-10]","[0.3969798459810867, -0.4365584282813666]",0.1488453508104694
3,4973,"[0.3789724820159173, 0.6613078967935789]","[0.20033155121842627, 0.8577591891930944]","[0.5774624050064607, 0.44302868265289563]","[2.1213017935286682e-10, 6.542571104474397e-10]","[2.1200396993492632e-10, 6.541990837938272e-10]","[0.3969798459810868, -0.4365584282813666]",0.14884535081083342
3,4974,"[0.37897248201549305, 0.6613078967922704]","[0.20033155121842627, 0.8577591891930944]","[0.5774624050060364, 0.4430286826515871]","[2.1128155052021704e-10, 6.516400868080526e-10]","[2.1115548198835654e-10, 6.515820660801808e-10]","[0.3969798459810867, -0.4365584282813666]",0.14884535081119593
3,4975,"[0.3789724820150705, 0.6613078967909671]","[0.20033155121842627, 0.8577591891930944]","[0.5774624050056139, 0.44302868265028383]","[2.1043644544787574e-10, 6.490335202800384e-10]","[2.1031038022201187e-10, 6.489754844629658e-10]","[0.3969798459810867, -0.4365584282813666]",0.14884535081155703
3,4976,"[0.3789724820146496, 0.6613078967896691]","[0.20033155121842627, 0.8577591891930944]","[0.577462405005193, 0.44302868264898576]","[2.0959466902444952e-10, 6.464373906714753e-10]","[2.0946860912474108e-10, 6.463793389421824e-10]","[0.3969798459810867, -0.4365584282813666]",0.14884535081191663
3,4977,"[0.37897248201423045, 0.6613078967883762]","[0.20033155121842627, 0.8577591891930944]","[0.5774624050047739, 0.4430286826476929]","[2.087564272701512e-10, 6.438516950636213e-10]","[2.086302242076954e-10, 6.437936295178304e-10]","[0.3969798459810868, -0.4365584282813666]",0.1488453508122749
3,4978,"[0.37897248201381295, 0.6613078967870885]","[0.20033155121842627, 0.8577591891930944]","[0.5774624050043564, 0.44302868264640516]","[2.079214120702738e-10, 6.412762112975632e-10]","[2.0779511444857235e-10, 6.412181341453049e-10]","[0.39697984598108693, -0.4365584282813666]",0.1488453508126317
3,4979,"[0.3789724820133971, 0.6613078967858059]","[0.20033155121842627, 0.8577591891930944]","[0.5774624050039405, 0.44302868264512263]","[2.070897107397082e-10, 6.387111617089786e-10]","[2.069635574031281e-10, 6.38653074869211e-10]","[0.3969798459810868, -0.4365584282813666]",0.14884535081298703
3,4980,"[0.37897248201298295, 0.6613078967845285]","[0.20033155121842627, 0.8577591891930944]","[0.5774624050035264, 0.4430286826438452]","[2.0626136703637495e-10, 6.361563430639282e-10]","[2.0613510898215281e-10, 6.360982296449436e-10]","[0.39697984598108693, -0.4365584282813666]",0.148845350813341
3,4981,"[0.37897248201257044, 0.6613078967832562]","[0.20033155121842627, 0.8577591891930944]","[0.5774624050031139, 0.4430286826425729]","[2.0543633395032874e-10, 6.336117032017357e-10]","[2.0531021327485632e-10, 6.335535984725027e-10]","[0.3969798459810868, -0.4365584282813666]",0.1488453508136935
3,4982,"[0.37897248201215955, 0.661307896781989]","[0.20033155121842627, 0.8577591891930944]","[0.577462405002703, 0.4430286826413057]","[2.04614546058324e-10, 6.31077307623293e-10]","[2.0448842619202878e-10, 6.310191813518884e-10]","[0.3969798459810868, -0.4365584282813666]",0.14884535081404454
3,4983,"[0.3789724820117503, 0.6613078967807269]","[0.20033155121842627, 0.8577591891930944]","[0.5774624050022937, 0.4430286826400436]","[2.037960863281051e-10, 6.285531118838227e-10]","[2.0366996977827512e-10, 6.284949782831006e-10]","[0.3969798459810868, -0.4365584282813666]",0.14884535081439423
3,4984,"[0.3789724820113427, 0.6613078967794698]","[0.20033155121842627, 0.8577591891930944]","[0.577462405001886, 0.4430286826387865]","[2.0298079084589212e-10, 6.260388866558887e-10]","[2.0285501056704902e-10, 6.259807672215345e-10]","[0.3969798459810865, -0.4365584282813666]",0.14884535081474243
3,4985,"[0.37897248201093675, 0.6613078967782177]","[0.20033155121842627, 0.8577591891930944]","[0.57746240500148, 0.44302868263753437]","[2.0216893751567565e-10, 6.235346678369797e-10]","[2.0204299344683818e-10, 6.2347654816719e-10]","[0.3969798459810866, -0.4365584282813666]",0.14884535081508937
3,4986,"[0.3789724820105324, 0.6613078967769705]","[0.20033155121842627, 0.8577591891930944]","[0.5774624050010757, 0.44302868263628725]","[2.0136028577352455e-10, 6.210404429928435e-10]","[2.0123430699570122e-10, 6.209823211200671e-10]","[0.3969798459810866, -0.4365584282813666]",0.14884535081543493
3,4987,"[0.3789724820101297, 0.6613078967757284]","[0.20033155121842627, 0.8577591891930944]","[0.5774624050006729, 0.44302868263504513]","[2.0055485251720445e-10, 6.18556200871371e-10]","[2.0042895121363813e-10, 6.184980860801659e-10]","[0.3969798459810865, -0.4365584282813666]",0.14884535081577904
3,4988,"[0.37897248200972855, 0.6613078967744913]","[0.20033155121842627, 0.8577591891930944]","[0.5774624050002718, 0.44302868263380807]","[1.9975265259068038e-10, 6.16082024466018e-10]","[1.99626704056044e-10, 6.16023787536335e-10]","[0.3969798459810865, -0.4365584282813665]",0.14884535081612177
3,4989,"[0.37897248200932904, 0.6613078967732592]","[0.20033155121842627, 0.8577591891930944]","[0.5774624049998722, 0.443028682632576]","[1.9895366148357124e-10, 6.136177516168057e-10]","[1.9882778756752373e-10, 6.135594254885746e-10]","[0.3969798459810864, -0.4365584282813664]",0.14884535081646305
3,4990,"[0.37897248200893113, 0.661307896772032]","[0.20033155121842627, 0.8577591891930944]","[0.5774624049994743, 0.44302868263134876]","[1.981579019670798e-10, 6.111632718579196e-10]","[1.9803197970347242e-10, 6.111049444257333e-10]","[0.3969798459810864, -0.4365584282813664]",0.1488453508168031
3,4991,"[0.37897248200853484, 0.6613078967708096]","[0.20033155121842627, 0.8577591891930944]","[0.577462404999078, 0.4430286826301264]","[1.9736531386594854e-10, 6.087185126655289e-10]","[1.9723950250849498e-10, 6.086602333255087e-10]","[0.39697984598108627, -0.4365584282813664]",0.14884535081714176
3,4992,"[0.3789724820081401, 0.6613078967695921]","[0.20033155121842627, 0.8577591891930944]","[0.5774624049986832, 0.44302868262890893]","[1.9657585851387586e-10, 6.062835109188385e-10]","[1.9645007842683526e-10, 6.062252921879008e-10]","[0.39697984598108615, -0.4365584282813664]",0.14884535081747907
3,4993,"[0.37897248200774697, 0.6613078967683795]","[0.20033155121842627, 0.8577591891930944]","[0.57746240499829, 0.44302868262769635]","[1.9578965979987698e-10, 6.038583166537609e-10]","[1.9566381848079573e-10, 6.038001210129096e-10]","[0.39697984598108615, -0.4365584282813664]",0.14884535081781505
3,4994,"[0.3789724820073554, 0.6613078967671718]","[0.20033155121842627, 0.8577591891930944]","[0.5774624049978986, 0.44302868262648865]","[1.9500664498437541e-10, 6.014429377766621e-10]","[1.9488050062577145e-10, 6.013847198005351e-10]","[0.3969798459810864, -0.4365584282813664]",0.14884535081814967
3,4995,"[0.37897248200696537, 0.6613078967659689]","[0.20033155121842627, 0.8577591891930944]","[0.5774624049975086, 0.4430286826252858]","[1.9422656992334472e-10, 5.990370976887203e-10]","[1.941004579286698e-10, 5.989787554838699e-10]","[0.3969798459810864, -0.43655842828136626]",0.14884535081848294
3,4996,"[0.3789724820065769, 0.6613078967647709]","[0.20033155121842627, 0.8577591891930944]","[0.5774624049971201, 0.44302868262408773]","[1.9344967242026282e-10, 5.966409627822166e-10]","[1.9332352385603713e-10, 5.965826721521239e-10]","[0.3969798459810864, -0.43655842828136626]",0.1488453508188149
3,4997,"[0.37897248200619, 0.6613078967635776]","[0.20033155121842627, 0.8577591891930944]","[0.5774624049967332, 0.44302868262289447]","[1.9267582018967742e-10, 5.942544233027451e-10]","[1.925496984078734e-10, 5.941961367383897e-10]","[0.3969798459810864, -0.43655842828136626]",0.14884535081914546
3,4998,"[0.37897248200580463, 0.6613078967623891]","[0.20033155121842627, 0.8577591891930944]","[0.5774624049963478, 0.44302868262170597]","[1.9190510234398514e-10, 5.918774049809648e-10]","[1.917789815841786e-10, 5.918191492426672e-10]","[0.3969798459810864, -0.43655842828136626]",0.14884535081947475
3,4999,"[0.37897248200542083, 0.6613078967612054]","[0.20033155121842627, 0.8577591891930944]","[0.577462404995964, 0.44302868262052225]","[1.9113749684254262e-10, 5.895099875690804e-10]","[1.9101137338495278e-10, 5.894517096649565e-10]","[0.3969798459810864, -0.43655842828136626]",0.1488453508198027
3,5000,"[0.3789724820050386, 0.6613078967600263]","[0.20033155121842627, 0.8577591891930944]","[0.5774624049955818, 0.4430286826193432]","[1.903730371149473e-10, 5.871518509687543e-10]","[1.902468738101959e-10, 5.870935959606527e-10]","[0.3969798459810864, -0.43655842828136626]",0.1488453508201294
